SampleID	gut_1	gut_2	gut_3	gut_4	gut_5	gut_6	gut_7	gut_8	gut_9	gut_10	gut_11	gut_12	gut_13	gut_14	gut_15	gut_16	gut_17	gut_18	gut_19	gut_20	gut_21	gut_22	gut_23	gut_24	gut_25	gut_26	gut_27	gut_28	gut_29	gut_30	gut_31	gut_32	gut_33	gut_34	gut_35	gut_36	gut_37	gut_38	gut_39	gut_40	gut_41	gut_42	gut_43	gut_44	gut_45	gut_46	gut_47	gut_48	gut_49	gut_50	gut_51	gut_52	gut_53	gut_54	gut_55	gut_56	gut_57	gut_58	gut_59	gut_60	gut_61	gut_62	gut_63	gut_64	gut_65	gut_66	gut_67	gut_68	gut_69	gut_70	gut_71	gut_72	gut_73	gut_74	gut_75	gut_76	gut_77	gut_78	gut_79	gut_80	gut_81	gut_82	gut_83	gut_84	gut_85	gut_86	gut_87	gut_88	gut_89	gut_90	gut_91	gut_92	gut_93	gut_94	gut_95	gut_96	gut_97	gut_98	gut_99	gut_100
gut_1	0	0.856205	0.855216	0.848007	0.856284	0.864767	0.846267	0.859466	0.739716	0.865925	0.896936	0.835586	0.859277	0.886749	0.8297	0.859018	0.893297	0.888156	0.842499	0.868143	0.837661	0.841518	0.900881	0.838387	0.876657	0.829545	0.799262	0.821358	0.870262	0.895573	0.860226	0.835702	0.822539	0.801583	0.841678	0.811888	0.770157	0.8938	0.812917	0.833629	0.856484	0.854886	0.840566	0.895715	0.866924	0.843632	0.810007	0.872124	0.858845	0.824327	0.811522	0.888811	0.900715	0.758743	0.850741	0.883012	0.853071	0.846396	0.860396	0.866533	0.828724	0.87411	0.877027	0.885139	0.82775	0.881991	0.881632	0.843507	0.841742	0.861405	0.862813	0.838728	0.805102	0.862651	0.816046	0.850249	0.853645	0.856561	0.837121	0.852191	0.881432	0.867213	0.881674	0.824947	0.843085	0.870081	0.868054	0.816579	0.833031	0.886227	0.882904	0.855452	0.862196	0.877994	0.858706	0.8726	0.818461	0.829601	0.861557	0.892483
gut_2	0.856205	0	0.883417	0.894933	0.88147	0.916407	0.902636	0.863116	0.867772	0.84062	0.891589	0.804527	0.937365	0.87741	0.867981	0.874636	0.909703	0.887659	0.931357	0.856035	0.883548	0.86371	0.843951	0.834002	0.796878	0.899805	0.83114	0.839636	0.929801	0.912681	0.829457	0.813482	0.870053	0.887601	0.89007	0.83301	0.836913	0.89086	0.840785	0.877104	0.799592	0.863634	0.859973	0.858033	0.878803	0.902298	0.903292	0.855235	0.880828	0.899227	0.836153	0.866946	0.83333	0.850586	0.890743	0.884708	0.843202	0.884689	0.884254	0.844735	0.901623	0.856666	0.82781	0.878078	0.846215	0.867086	0.916142	0.897262	0.882674	0.901435	0.845381	0.865047	0.867036	0.848661	0.858524	0.850803	0.898265	0.884477	0.856918	0.864525	0.841195	0.854619	0.858223	0.854084	0.856547	0.876395	0.906175	0.879261	0.831147	0.886184	0.890109	0.874993	0.90141	0.883687	0.846079	0.866524	0.848339	0.901958	0.849635	0.892846
gut_3	0.855216	0.883417	0	0.892371	0.868649	0.878435	0.892625	0.873734	0.845806	0.879526	0.923337	0.864782	0.890491	0.879087	0.826168	0.883822	0.862495	0.904608	0.877234	0.86486	0.824572	0.89089	0.882621	0.860335	0.890035	0.894403	0.86904	0.84456	0.853788	0.877109	0.869066	0.852869	0.867291	0.92225	0.893158	0.895402	0.913187	0.902544	0.887054	0.875012	0.802571	0.886633	0.881176	0.87944	0.893092	0.896921	0.819484	0.866443	0.907613	0.871714	0.854604	0.863264	0.876794	0.861827	0.879631	0.854717	0.900686	0.88146	0.874212	0.843912	0.855449	0.866535	0.891161	0.842676	0.832016	0.89559	0.925279	0.888238	0.872676	0.826218	0.887112	0.907248	0.884262	0.867916	0.881059	0.88052	0.874109	0.858651	0.878748	0.845925	0.870303	0.899024	0.894629	0.895294	0.887224	0.861265	0.893025	0.917872	0.894322	0.911395	0.928588	0.89442	0.833294	0.910356	0.871818	0.885028	0.87287	0.860831	0.838765	0.823045
gut_4	0.848007	0.894933	0.892371	0	0.892601	0.902513	0.809003	0.802634	0.81711	0.907987	0.892987	0.861316	0.903454	0.853581	0.890339	0.884965	0.903195	0.880172	0.934595	0.83754	0.852341	0.859671	0.859746	0.876765	0.878669	0.865026	0.880152	0.829554	0.903963	0.871495	0.88316	0.864591	0.887642	0.86904	0.910578	0.8772	0.846252	0.826677	0.836892	0.881256	0.854222	0.863003	0.874792	0.904374	0.903151	0.886525	0.857398	0.851303	0.86337	0.818323	0.875678	0.881469	0.882551	0.875519	0.834135	0.810822	0.868494	0.914487	0.842921	0.888758	0.910597	0.88782	0.854663	0.854895	0.908304	0.865327	0.901687	0.896578	0.882231	0.922628	0.850314	0.888659	0.852279	0.868598	0.863741	0.854085	0.890008	0.874711	0.829024	0.854309	0.911122	0.877038	0.879301	0.882128	0.843972	0.883566	0.911045	0.852481	0.818864	0.870815	0.890498	0.896065	0.888703	0.906206	0.887781	0.850935	0.874793	0.817757	0.861423	0.885808
gut_5	0.856284	0.88147	0.868649	0.892601	0	0.882489	0.889428	0.84426	0.856761	0.868738	0.870222	0.867856	0.838817	0.922022	0.774588	0.817487	0.88602	0.902217	0.80463	0.812062	0.867145	0.843063	0.878345	0.828075	0.848199	0.859881	0.855165	0.855585	0.873251	0.89129	0.881985	0.838879	0.872041	0.895956	0.844276	0.841811	0.846629	0.87974	0.878244	0.871785	0.835945	0.802839	0.831369	0.88077	0.913718	0.849191	0.887928	0.861784	0.830578	0.841931	0.808887	0.861652	0.856588	0.885144	0.908463	0.905772	0.801796	0.893578	0.863475	0.826208	0.871974	0.851614	0.835128	0.839924	0.873445	0.882532	0.847477	0.885485	0.854805	0.8717	0.840936	0.910174	0.871349	0.86588	0.876615	0.800799	0.819794	0.877471	0.861716	0.863674	0.890504	0.889209	0.863916	0.834219	0.872535	0.832354	0.839664	0.832816	0.829222	0.90091	0.871833	0.874576	0.826451	0.878431	0.8598	0.818074	0.889786	0.864504	0.88342	0.867396
gut_6	0.864767	0.916407	0.878435	0.902513	0.882489	0	0.877531	0.882185	0.857475	0.933385	0.8782	0.858154	0.86948	0.888765	0.895268	0.875106	0.87483	0.879044	0.88456	0.851597	0.865114	0.864485	0.868459	0.817761	0.850621	0.877374	0.863113	0.885133	0.887223	0.863303	0.891014	0.897603	0.86172	0.862175	0.874412	0.880827	0.872104	0.879609	0.890794	0.869036	0.8677	0.851462	0.868183	0.852301	0.872504	0.844199	0.864555	0.887326	0.840789	0.860907	0.849014	0.873289	0.871727	0.752747	0.871929	0.868905	0.875589	0.905313	0.877931	0.885132	0.862526	0.857106	0.878283	0.879546	0.872007	0.86467	0.921119	0.863466	0.856115	0.872427	0.89803	0.91316	0.845679	0.867443	0.835659	0.803758	0.894596	0.827224	0.874705	0.838393	0.891563	0.891217	0.832525	0.847482	0.862983	0.857228	0.885464	0.847611	0.872643	0.87367	0.895716	0.896846	0.838635	0.871697	0.891747	0.810239	0.898805	0.900826	0.833666	0.832291
gut_7	0.846267	0.902636	0.892625	0.809003	0.889428	0.877531	0	0.878557	0.843225	0.850367	0.87463	0.856894	0.861426	0.876128	0.877287	0.881728	0.895339	0.917134	0.848785	0.840448	0.850465	0.865916	0.857935	0.858657	0.857155	0.823114	0.861858	0.869893	0.839696	0.869011	0.887177	0.855311	0.838668	0.802404	0.842662	0.879478	0.851024	0.853171	0.901293	0.824447	0.880158	0.847324	0.829684	0.880365	0.857792	0.847516	0.877587	0.879882	0.873089	0.825481	0.851412	0.867845	0.900494	0.840639	0.804778	0.902503	0.872926	0.892332	0.839106	0.868805	0.823884	0.891682	0.879147	0.807639	0.882235	0.858983	0.828193	0.850686	0.869866	0.795971	0.864993	0.881318	0.84988	0.840304	0.863357	0.881044	0.841051	0.869886	0.811066	0.859505	0.878095	0.874896	0.846903	0.904124	0.850536	0.907155	0.93026	0.893531	0.8515	0.872777	0.874181	0.854364	0.837517	0.851562	0.862645	0.853903	0.84943	0.890973	0.850844	0.832188
gut_8	0.859466	0.863116	0.873734	0.802634	0.84426	0.882185	0.878557	0	0.821268	0.854183	0.871683	0.838563	0.866311	0.827233	0.83819	0.823614	0.871265	0.861059	0.886043	0.879605	0.852247	0.834943	0.881309	0.865175	0.875795	0.881208	0.90453	0.814402	0.869591	0.885057	0.852963	0.88734	0.914951	0.824754	0.861992	0.864709	0.853647	0.869976	0.889623	0.845984	0.780892	0.899052	0.909024	0.913327	0.890826	0.855109	0.873566	0.867739	0.824261	0.876644	0.859777	0.898999	0.901896	0.883963	0.836545	0.855783	0.841966	0.866028	0.825312	0.888934	0.855277	0.846368	0.75849	0.834793	0.812169	0.878331	0.832958	0.871956	0.830093	0.872737	0.889655	0.866519	0.863161	0.836938	0.84263	0.856953	0.876925	0.826775	0.89156	0.88313	0.864103	0.85864	0.843493	0.855756	0.849667	0.897309	0.878776	0.840797	0.858768	0.842296	0.860871	0.850389	0.881653	0.869411	0.896328	0.813657	0.854965	0.868066	0.818738	0.839033
gut_9	0.739716	0.867772	0.845806	0.81711	0.856761	0.857475	0.843225	0.821268	0	0.811405	0.84815	0.833051	0.843598	0.80731	0.842359	0.790719	0.810956	0.827462	0.810505	0.882455	0.830948	0.812227	0.808231	0.817956	0.847679	0.823665	0.892958	0.866142	0.815123	0.869068	0.831261	0.817448	0.851777	0.807676	0.872274	0.821481	0.782812	0.887427	0.878408	0.834911	0.889667	0.850023	0.880146	0.832246	0.880177	0.840649	0.77142	0.835399	0.853824	0.797479	0.821525	0.86864	0.902879	0.802384	0.845266	0.847754	0.862977	0.830069	0.87987	0.823501	0.843295	0.823086	0.820632	0.854626	0.869677	0.812814	0.842898	0.843	0.821283	0.847699	0.854391	0.808234	0.861551	0.854631	0.827986	0.840593	0.850405	0.820967	0.839476	0.822475	0.866406	0.805835	0.792709	0.8591	0.824781	0.866731	0.880819	0.846461	0.833415	0.869291	0.839544	0.847856	0.861534	0.821365	0.836294	0.799295	0.806344	0.789569	0.82512	0.895784
gut_10	0.865925	0.84062	0.879526	0.907987	0.868738	0.933385	0.850367	0.854183	0.811405	0	0.897946	0.856349	0.861262	0.939988	0.825242	0.861424	0.873715	0.927479	0.898249	0.829959	0.849768	0.843382	0.885461	0.86154	0.85279	0.816346	0.903694	0.8808	0.871078	0.919519	0.87196	0.838017	0.868067	0.863184	0.896275	0.84498	0.851804	0.895156	0.933348	0.872369	0.869518	0.869258	0.878783	0.859784	0.918362	0.862363	0.84071	0.862381	0.886415	0.799773	0.852514	0.868019	0.915403	0.900718	0.886381	0.88192	0.918042	0.858699	0.91609	0.877413	0.866024	0.876083	0.830261	0.901128	0.811725	0.889738	0.875923	0.844373	0.852629	0.875817	0.838399	0.900802	0.86384	0.878462	0.900011	0.893361	0.886102	0.898861	0.868118	0.887292	0.840438	0.809055	0.831471	0.902255	0.848563	0.854605	0.898097	0.868818	0.83007	0.899452	0.884943	0.874077	0.873158	0.834591	0.879181	0.854311	0.847712	0.893737	0.834961	0.887227
gut_11	0.896936	0.891589	0.923337	0.892987	0.870222	0.8782	0.87463	0.871683	0.84815	0.897946	0	0.848522	0.895346	0.836064	0.838867	0.875101	0.877391	0.856018	0.8772	0.866897	0.877139	0.889691	0.853994	0.812296	0.881964	0.894479	0.864293	0.842799	0.872137	0.890142	0.879356	0.843919	0.879716	0.894706	0.871386	0.900625	0.805354	0.881598	0.862367	0.840585	0.821514	0.902632	0.889955	0.869558	0.887881	0.8857	0.885757	0.889683	0.870092	0.874863	0.850781	0.918042	0.871909	0.864831	0.87264	0.899468	0.900449	0.917421	0.884221	0.882301	0.873883	0.879734	0.872446	0.848377	0.882205	0.853255	0.856117	0.900439	0.841224	0.868088	0.837444	0.884122	0.827204	0.836775	0.86931	0.856126	0.850693	0.897717	0.819786	0.852477	0.846415	0.880615	0.85842	0.923679	0.839374	0.859931	0.882162	0.869922	0.857582	0.855347	0.815394	0.868125	0.888341	0.87838	0.853341	0.860631	0.898783	0.914239	0.854183	0.839034
gut_12	0.835586	0.804527	0.864782	0.861316	0.867856	0.858154	0.856894	0.838563	0.833051	0.856349	0.848522	0	0.894168	0.874284	0.83398	0.85945	0.858931	0.867273	0.8579	0.824305	0.868767	0.844341	0.840634	0.816536	0.855304	0.835673	0.844834	0.807718	0.88635	0.872945	0.799324	0.862544	0.825382	0.859737	0.829246	0.847385	0.858445	0.86182	0.827093	0.831078	0.85947	0.820675	0.798475	0.800527	0.89983	0.86853	0.840573	0.82976	0.804746	0.825284	0.8186	0.851231	0.866657	0.820128	0.885174	0.881246	0.806997	0.876574	0.815693	0.857407	0.893574	0.835075	0.838674	0.84173	0.843199	0.802664	0.861431	0.866205	0.878383	0.844269	0.861152	0.882412	0.847942	0.803349	0.853149	0.850646	0.817357	0.84782	0.813129	0.786493	0.892092	0.826697	0.824135	0.854116	0.830534	0.842652	0.846494	0.798564	0.80135	0.84057	0.823498	0.851123	0.82749	0.832584	0.836696	0.807091	0.804413	0.847475	0.838835	0.860313
gut_13	0.859277	0.937365	0.890491	0.903454	0.838817	0.86948	0.861426	0.866311	0.843598	0.861262	0.895346	0.894168	0	0.865921	0.873241	0.88178	0.920722	0.8616	0.888483	0.866369	0.877221	0.9003	0.856717	0.871285	0.86753	0.834891	0.887607	0.885427	0.859567	0.872796	0.853403	0.849	0.855535	0.835888	0.889121	0.916292	0.869844	0.855952	0.844427	0.850412	0.841116	0.887675	0.890693	0.912098	0.905015	0.84958	0.859025	0.874323	0.838687	0.851424	0.843058	0.871611	0.903568	0.859293	0.860224	0.905302	0.825463	0.906227	0.897386	0.84045	0.872845	0.874584	0.810922	0.888599	0.903392	0.882565	0.921038	0.871855	0.894713	0.903642	0.858511	0.866622	0.856938	0.920259	0.883681	0.861732	0.820302	0.864648	0.870738	0.828403	0.868184	0.917287	0.854247	0.904266	0.867425	0.886827	0.866879	0.853813	0.859856	0.92903	0.874788	0.834515	0.878403	0.863769	0.883724	0.847558	0.886603	0.881652	0.893584	0.898105
gut_14	0.886749	0.87741	0.879087	0.853581	0.922022	0.888765	0.876128	0.827233	0.80731	0.939988	0.836064	0.874284	0.865921	0	0.857766	0.85555	0.824699	0.886924	0.874228	0.845823	0.84886	0.840604	0.845883	0.890308	0.89266	0.837164	0.862064	0.864987	0.859668	0.795409	0.852098	0.889098	0.857252	0.858638	0.907939	0.909898	0.846211	0.852116	0.82924	0.804365	0.885976	0.861218	0.895727	0.867553	0.898134	0.873514	0.885607	0.887475	0.851645	0.906915	0.872494	0.838692	0.908801	0.839087	0.878574	0.887408	0.830758	0.868119	0.847959	0.878394	0.866871	0.78404	0.936618	0.803502	0.851762	0.819002	0.882534	0.90191	0.87574	0.848278	0.856295	0.864176	0.870901	0.830585	0.838748	0.81814	0.871057	0.906447	0.848498	0.840152	0.882357	0.860767	0.832282	0.863397	0.901193	0.845215	0.907374	0.861334	0.890939	0.877312	0.83278	0.86192	0.867276	0.877031	0.860839	0.839087	0.815272	0.820535	0.796789	0.8844
gut_15	0.8297	0.867981	0.826168	0.890339	0.774588	0.895268	0.877287	0.83819	0.842359	0.825242	0.838867	0.83398	0.873241	0.857766	0	0.849835	0.801304	0.877208	0.813689	0.785361	0.857063	0.857977	0.854321	0.789545	0.870152	0.852706	0.82428	0.777602	0.884584	0.877603	0.880993	0.870544	0.8343	0.862972	0.846446	0.825937	0.754351	0.813004	0.860982	0.867647	0.873709	0.811789	0.852577	0.846214	0.893346	0.867546	0.879487	0.846202	0.821924	0.814055	0.856941	0.831257	0.858959	0.839455	0.883664	0.866984	0.837984	0.896095	0.786417	0.779795	0.852436	0.801148	0.849219	0.834474	0.885677	0.842652	0.813375	0.854018	0.818723	0.831313	0.850383	0.896646	0.901689	0.830812	0.84204	0.79737	0.88042	0.854012	0.861564	0.811238	0.863241	0.874866	0.793095	0.901947	0.889405	0.862542	0.799946	0.845052	0.777954	0.863868	0.808425	0.844149	0.854545	0.81255	0.850903	0.791867	0.865181	0.88045	0.832034	0.874469
gut_16	0.859018	0.874636	0.883822	0.884965	0.817487	0.875106	0.881728	0.823614	0.790719	0.861424	0.875101	0.85945	0.88178	0.85555	0.849835	0	0.875726	0.862444	0.88606	0.825877	0.842144	0.867415	0.890153	0.823849	0.827276	0.848314	0.844406	0.873796	0.836548	0.887722	0.850894	0.842391	0.870196	0.83221	0.86332	0.890565	0.863936	0.867034	0.838625	0.810049	0.842238	0.888682	0.825115	0.839708	0.903928	0.877086	0.80028	0.866985	0.817946	0.862693	0.787155	0.834784	0.898534	0.870419	0.823731	0.861384	0.833022	0.806087	0.851306	0.833079	0.86867	0.835421	0.829398	0.785832	0.843606	0.885189	0.8118	0.864753	0.882555	0.806937	0.857246	0.833789	0.833949	0.85037	0.863194	0.819727	0.857872	0.85891	0.858985	0.825003	0.816855	0.793917	0.878072	0.839023	0.800645	0.877357	0.867953	0.822385	0.854667	0.871752	0.884209	0.808377	0.833272	0.865998	0.846182	0.830828	0.840355	0.813307	0.825448	0.87222
gut_17	0.893297	0.909703	0.862495	0.903195	0.88602	0.87483	0.895339	0.871265	0.810956	0.873715	0.877391	0.858931	0.920722	0.824699	0.801304	0.875726	0	0.81246	0.904675	0.793401	0.90818	0.859076	0.883613	0.846806	0.852204	0.84281	0.881825	0.863809	0.876985	0.918975	0.879108	0.878041	0.873161	0.877397	0.881997	0.896277	0.856952	0.873791	0.852776	0.852875	0.837716	0.885709	0.856676	0.841635	0.910157	0.863003	0.854843	0.884769	0.870643	0.858068	0.885101	0.889983	0.876213	0.811006	0.851726	0.87868	0.846648	0.857203	0.864579	0.830538	0.818107	0.807849	0.905404	0.853938	0.873471	0.85286	0.798404	0.869943	0.81317	0.862855	0.898727	0.840819	0.872963	0.857784	0.839338	0.821951	0.899762	0.860525	0.882519	0.888582	0.893619	0.851003	0.824997	0.879921	0.82781	0.86517	0.893409	0.859807	0.863676	0.895729	0.875521	0.881086	0.798074	0.853409	0.829906	0.827597	0.8609	0.861535	0.840954	0.86836
gut_18	0.888156	0.887659	0.904608	0.880172	0.902217	0.879044	0.917134	0.861059	0.827462	0.927479	0.856018	0.867273	0.8616	0.886924	0.877208	0.862444	0.81246	0	0.904214	0.849826	0.884111	0.851961	0.90762	0.876462	0.846142	0.886153	0.878478	0.874484	0.894613	0.884596	0.85921	0.861711	0.883424	0.866926	0.889447	0.90073	0.888434	0.900524	0.913337	0.913187	0.867062	0.841229	0.906279	0.88644	0.940227	0.870827	0.881563	0.826061	0.897961	0.899337	0.875926	0.888864	0.88652	0.857223	0.800576	0.880617	0.90107	0.881323	0.881784	0.862356	0.87075	0.884288	0.882789	0.878038	0.885705	0.859274	0.858354	0.889291	0.869529	0.866526	0.918825	0.864759	0.869238	0.885696	0.883322	0.858391	0.870476	0.830503	0.873643	0.806535	0.884008	0.860258	0.883265	0.893175	0.825997	0.892119	0.897287	0.878517	0.824857	0.916728	0.88765	0.839592	0.856916	0.880145	0.870148	0.863232	0.895932	0.911235	0.885742	0.893021
gut_19	0.842499	0.931357	0.877234	0.934595	0.80463	0.88456	0.848785	0.886043	0.810505	0.898249	0.8772	0.8579	0.888483	0.874228	0.813689	0.88606	0.904675	0.904214	0	0.884607	0.892297	0.854242	0.891422	0.861568	0.851253	0.835279	0.825455	0.874408	0.876625	0.910978	0.863155	0.852512	0.878087	0.854774	0.889449	0.881467	0.812096	0.853201	0.861435	0.847439	0.877513	0.847105	0.840041	0.88147	0.937284	0.879746	0.894394	0.885746	0.867574	0.879492	0.820652	0.896013	0.912755	0.819665	0.88258	0.902513	0.835693	0.874298	0.888919	0.846177	0.890627	0.860348	0.88232	0.766092	0.903307	0.864278	0.899986	0.750985	0.868057	0.875185	0.915111	0.864505	0.866644	0.864112	0.846079	0.912006	0.831085	0.886134	0.898708	0.850886	0.896329	0.855655	0.832751	0.887946	0.883437	0.881768	0.828984	0.829868	0.811521	0.932904	0.910724	0.87578	0.841814	0.880512	0.849263	0.846073	0.869023	0.830373	0.855097	0.906952
gut_20	0.868143	0.856035	0.86486	0.83754	0.812062	0.851597	0.840448	0.879605	0.882455	0.829959	0.866897	0.824305	0.866369	0.845823	0.785361	0.825877	0.793401	0.849826	0.884607	0	0.807809	0.822973	0.844914	0.786565	0.824613	0.84333	0.863462	0.853638	0.866047	0.871844	0.847571	0.833137	0.876438	0.813499	0.811435	0.853649	0.817093	0.857206	0.887631	0.846553	0.84058	0.837002	0.826508	0.843912	0.861922	0.842236	0.858956	0.8799	0.827416	0.841779	0.851764	0.886056	0.840987	0.82427	0.837193	0.868822	0.791145	0.890705	0.856689	0.84452	0.887658	0.825815	0.808525	0.836304	0.857791	0.818266	0.898123	0.84756	0.816172	0.840441	0.854273	0.88821	0.828815	0.834827	0.814294	0.842859	0.841874	0.876896	0.855215	0.773428	0.84713	0.821184	0.848535	0.871605	0.802013	0.836968	0.812557	0.854434	0.827738	0.853525	0.861744	0.86375	0.828842	0.813842	0.886805	0.870535	0.866241	0.870205	0.776166	0.809744
gut_21	0.837661	0.883548	0.824572	0.852341	0.867145	0.865114	0.850465	0.852247	0.830948	0.849768	0.877139	0.868767	0.877221	0.84886	0.857063	0.842144	0.90818	0.884111	0.892297	0.807809	0	0.792181	0.860398	0.828856	0.853038	0.858558	0.854364	0.847037	0.819657	0.838116	0.840071	0.854965	0.819117	0.832451	0.843958	0.868091	0.794715	0.806769	0.873786	0.810649	0.882774	0.832193	0.834051	0.846185	0.887204	0.874521	0.775312	0.815941	0.842068	0.796679	0.768615	0.84408	0.844554	0.798945	0.827473	0.837929	0.824126	0.850727	0.821138	0.846995	0.849907	0.835878	0.826603	0.837106	0.777151	0.865696	0.844066	0.860364	0.834695	0.861061	0.817024	0.842745	0.886741	0.832895	0.799955	0.868856	0.875829	0.865699	0.855538	0.78806	0.848912	0.82823	0.895237	0.818254	0.815215	0.83449	0.885143	0.846822	0.835757	0.821076	0.856471	0.877955	0.891664	0.861787	0.811468	0.836804	0.878067	0.831109	0.817531	0.86318
gut_22	0.841518	0.86371	0.89089	0.859671	0.843063	0.864485	0.865916	0.834943	0.812227	0.843382	0.889691	0.844341	0.9003	0.840604	0.857977	0.867415	0.859076	0.851961	0.854242	0.822973	0.792181	0	0.849355	0.885064	0.778222	0.815656	0.88987	0.856031	0.856124	0.874193	0.838779	0.863595	0.872261	0.897343	0.858193	0.893851	0.84024	0.87965	0.807804	0.877942	0.905127	0.862497	0.866022	0.896468	0.885817	0.853638	0.841614	0.846307	0.837541	0.830979	0.83822	0.882074	0.839853	0.831149	0.889487	0.819248	0.862296	0.891477	0.89743	0.890726	0.894411	0.83431	0.857402	0.868802	0.868754	0.863202	0.863478	0.855633	0.849844	0.855976	0.85189	0.90116	0.876089	0.825875	0.824025	0.812475	0.886978	0.876467	0.86895	0.75837	0.869196	0.820337	0.859725	0.850574	0.854967	0.84107	0.861893	0.868383	0.816829	0.878787	0.818168	0.861166	0.84166	0.797743	0.89385	0.833463	0.855413	0.870476	0.82625	0.874297
gut_23	0.900881	0.843951	0.882621	0.859746	0.878345	0.868459	0.857935	0.881309	0.808231	0.885461	0.853994	0.840634	0.856717	0.845883	0.854321	0.890153	0.883613	0.90762	0.891422	0.844914	0.860398	0.849355	0	0.849255	0.846543	0.858987	0.876102	0.84141	0.847407	0.854984	0.831422	0.839682	0.828765	0.835082	0.910383	0.837993	0.853753	0.874065	0.855579	0.892427	0.845787	0.84921	0.863544	0.823767	0.846766	0.83747	0.844772	0.831571	0.882772	0.876045	0.819569	0.85399	0.883305	0.851526	0.871485	0.858267	0.85275	0.906739	0.850112	0.844322	0.891282	0.84061	0.881196	0.856769	0.869628	0.860268	0.859486	0.841901	0.888042	0.880269	0.899914	0.839492	0.841587	0.853471	0.850863	0.849595	0.82611	0.841677	0.806683	0.83079	0.890259	0.873067	0.861212	0.850014	0.834067	0.874671	0.912188	0.857546	0.822593	0.852436	0.852725	0.850954	0.849407	0.837586	0.891	0.853825	0.827269	0.873014	0.846362	0.893183
gut_24	0.838387	0.834002	0.860335	0.876765	0.828075	0.817761	0.858657	0.865175	0.817956	0.86154	0.812296	0.816536	0.871285	0.890308	0.789545	0.823849	0.846806	0.876462	0.861568	0.786565	0.828856	0.885064	0.849255	0	0.859828	0.82415	0.877389	0.857346	0.829441	0.846643	0.854495	0.796299	0.861764	0.866786	0.854485	0.798329	0.750247	0.850585	0.845621	0.851839	0.843208	0.795751	0.82163	0.86483	0.876306	0.830831	0.797356	0.815501	0.857114	0.845625	0.794126	0.875234	0.881613	0.780322	0.854628	0.904796	0.762587	0.903939	0.861686	0.873937	0.853891	0.791195	0.824335	0.804438	0.882407	0.828152	0.858537	0.857179	0.853505	0.855286	0.836021	0.860081	0.836212	0.835431	0.794631	0.794827	0.844256	0.811025	0.839856	0.812288	0.830438	0.836805	0.846064	0.849266	0.815998	0.852118	0.802803	0.826269	0.83049	0.863397	0.855303	0.829865	0.854719	0.837939	0.876192	0.784771	0.848163	0.870543	0.83411	0.770498
gut_25	0.876657	0.796878	0.890035	0.878669	0.848199	0.850621	0.857155	0.875795	0.847679	0.85279	0.881964	0.855304	0.86753	0.89266	0.870152	0.827276	0.852204	0.846142	0.851253	0.824613	0.853038	0.778222	0.846543	0.859828	0	0.891577	0.827122	0.857542	0.847268	0.877406	0.83719	0.818083	0.858007	0.826855	0.849753	0.863779	0.82248	0.858382	0.873321	0.888405	0.798423	0.828214	0.857376	0.888513	0.87382	0.84337	0.834505	0.879896	0.796884	0.830454	0.788374	0.865838	0.868664	0.833645	0.896043	0.859289	0.820171	0.873088	0.871269	0.855276	0.857522	0.844252	0.829396	0.776001	0.853933	0.822285	0.839181	0.883502	0.841122	0.872246	0.878565	0.882211	0.845278	0.856612	0.851198	0.852734	0.855989	0.813726	0.843601	0.833951	0.799179	0.794055	0.841376	0.835901	0.816598	0.870171	0.821185	0.837185	0.838689	0.879661	0.83986	0.839935	0.819608	0.821497	0.870696	0.832183	0.880137	0.827932	0.82958	0.895373
gut_26	0.829545	0.899805	0.894403	0.865026	0.859881	0.877374	0.823114	0.881208	0.823665	0.816346	0.894479	0.835673	0.834891	0.837164	0.852706	0.848314	0.84281	0.886153	0.835279	0.84333	0.858558	0.815656	0.858987	0.82415	0.891577	0	0.891059	0.832899	0.882461	0.85707	0.876057	0.822411	0.890911	0.839971	0.843526	0.873318	0.846232	0.861793	0.855464	0.864755	0.870934	0.821016	0.88639	0.879418	0.885626	0.869701	0.854557	0.85605	0.810075	0.863508	0.850495	0.868989	0.903089	0.867002	0.878702	0.8544	0.865186	0.770639	0.871423	0.859655	0.8656	0.827006	0.851431	0.859564	0.864362	0.858812	0.854587	0.861728	0.879785	0.868688	0.874495	0.862523	0.840215	0.841867	0.822699	0.858099	0.860325	0.834841	0.876011	0.886163	0.892168	0.896422	0.839209	0.886342	0.82019	0.832925	0.857768	0.850853	0.856225	0.897377	0.842916	0.866156	0.863548	0.811599	0.858724	0.827995	0.888706	0.820398	0.860053	0.851975
gut_27	0.799262	0.83114	0.86904	0.880152	0.855165	0.863113	0.861858	0.90453	0.892958	0.903694	0.864293	0.844834	0.887607	0.862064	0.82428	0.844406	0.881825	0.878478	0.825455	0.863462	0.854364	0.88987	0.876102	0.877389	0.827122	0.891059	0	0.840528	0.850133	0.879777	0.875761	0.840033	0.822193	0.896478	0.843253	0.874471	0.806292	0.815424	0.801483	0.912645	0.845781	0.840695	0.890725	0.859093	0.874624	0.899817	0.853774	0.847039	0.865789	0.833154	0.837588	0.834551	0.891155	0.85797	0.860814	0.840839	0.830259	0.881753	0.846337	0.856583	0.805871	0.87257	0.871917	0.783331	0.832322	0.8602	0.880622	0.886054	0.868549	0.858257	0.85405	0.838294	0.836161	0.871512	0.855695	0.808673	0.864881	0.85133	0.833431	0.831866	0.912589	0.872271	0.826	0.878874	0.842175	0.856531	0.850061	0.865624	0.841495	0.896032	0.855217	0.838201	0.809288	0.859652	0.837422	0.838393	0.869233	0.911884	0.848458	0.892914
gut_28	0.821358	0.839636	0.84456	0.829554	0.855585	0.885133	0.869893	0.814402	0.866142	0.8808	0.842799	0.807718	0.885427	0.864987	0.777602	0.873796	0.863809	0.874484	0.874408	0.853638	0.847037	0.856031	0.84141	0.857346	0.857542	0.832899	0.840528	0	0.857094	0.85175	0.870515	0.824603	0.859642	0.862546	0.847641	0.863891	0.851584	0.867187	0.818499	0.877778	0.872669	0.848771	0.846617	0.838749	0.845899	0.879913	0.833593	0.831598	0.86105	0.819992	0.84527	0.862249	0.823509	0.827343	0.826452	0.864504	0.853675	0.874667	0.838521	0.838925	0.863146	0.820555	0.839272	0.824655	0.882004	0.825494	0.830581	0.890247	0.856681	0.876061	0.860601	0.856988	0.826148	0.844465	0.847325	0.822071	0.825392	0.820054	0.784708	0.829241	0.887667	0.863181	0.77195	0.892483	0.857238	0.854217	0.853534	0.845142	0.818763	0.85226	0.816553	0.824677	0.848041	0.853669	0.832436	0.866844	0.896556	0.878891	0.856178	0.818222
gut_29	0.870262	0.929801	0.853788	0.903963	0.873251	0.887223	0.839696	0.869591	0.815123	0.871078	0.872137	0.88635	0.859567	0.859668	0.884584	0.836548	0.876985	0.894613	0.876625	0.866047	0.819657	0.856124	0.847407	0.829441	0.847268	0.882461	0.850133	0.857094	0	0.839831	0.839857	0.851303	0.865402	0.883834	0.875182	0.870872	0.83289	0.891955	0.861099	0.865624	0.874545	0.867393	0.87125	0.889348	0.885657	0.842721	0.799355	0.834676	0.871299	0.83772	0.857205	0.888332	0.902014	0.825198	0.853351	0.825268	0.889339	0.861104	0.859121	0.840075	0.845954	0.868619	0.804057	0.882904	0.807107	0.834569	0.870531	0.909964	0.867814	0.879089	0.87722	0.866206	0.838132	0.847526	0.853669	0.841298	0.835864	0.836471	0.86567	0.878566	0.876812	0.882588	0.842446	0.920006	0.837807	0.883056	0.893247	0.879307	0.881544	0.90786	0.849532	0.85573	0.863079	0.866367	0.876216	0.850717	0.898958	0.884221	0.880301	0.906953
gut_30	0.895573	0.912681	0.877109	0.871495	0.89129	0.863303	0.869011	0.885057	0.869068	0.919519	0.890142	0.872945	0.872796	0.795409	0.877603	0.887722	0.918975	0.884596	0.910978	0.871844	0.838116	0.874193	0.854984	0.846643	0.877406	0.85707	0.879777	0.85175	0.839831	0	0.874243	0.863875	0.87425	0.831691	0.855516	0.87304	0.82209	0.867463	0.883507	0.830409	0.90947	0.852143	0.892191	0.86154	0.852186	0.889949	0.817894	0.810884	0.851683	0.852657	0.882209	0.861741	0.863487	0.801947	0.884934	0.830208	0.855707	0.929902	0.887464	0.84982	0.86667	0.857011	0.86553	0.815911	0.866068	0.833894	0.938868	0.903497	0.868267	0.919286	0.872042	0.853085	0.849007	0.869494	0.862345	0.865163	0.877996	0.856149	0.886651	0.85002	0.865539	0.915759	0.874626	0.835603	0.915273	0.875898	0.912708	0.854185	0.882613	0.893892	0.788542	0.854406	0.809566	0.857768	0.888978	0.827373	0.858062	0.796848	0.855852	0.878442
gut_31	0.860226	0.829457	0.869066	0.88316	0.881985	0.891014	0.887177	0.852963	0.831261	0.87196	0.879356	0.799324	0.853403	0.852098	0.880993	0.850894	0.879108	0.85921	0.863155	0.847571	0.840071	0.838779	0.831422	0.854495	0.83719	0.876057	0.875761	0.870515	0.839857	0.874243	0	0.842882	0.866065	0.849564	0.933967	0.844358	0.804781	0.855063	0.79378	0.848214	0.823835	0.847448	0.871883	0.867929	0.891938	0.858359	0.838949	0.828154	0.828697	0.919294	0.855684	0.868892	0.884627	0.82807	0.843886	0.870917	0.872062	0.882967	0.896762	0.929075	0.90498	0.799879	0.860904	0.808921	0.87991	0.861888	0.84232	0.837617	0.884382	0.862183	0.881538	0.808042	0.834974	0.848462	0.831137	0.901715	0.878334	0.857197	0.84678	0.84243	0.812987	0.859748	0.849005	0.880837	0.885932	0.85381	0.87477	0.840846	0.862814	0.919483	0.869673	0.870677	0.841818	0.847543	0.848584	0.849934	0.874272	0.863389	0.849379	0.846869
gut_32	0.835702	0.813482	0.852869	0.864591	0.838879	0.897603	0.855311	0.88734	0.817448	0.838017	0.843919	0.862544	0.849	0.889098	0.870544	0.842391	0.878041	0.861711	0.852512	0.833137	0.854965	0.863595	0.839682	0.796299	0.818083	0.822411	0.840033	0.824603	0.851303	0.863875	0.842882	0	0.85475	0.862624	0.860843	0.841847	0.808412	0.859809	0.800033	0.856278	0.796056	0.764579	0.879694	0.872777	0.88306	0.839153	0.836679	0.861976	0.832676	0.867907	0.806005	0.864424	0.883212	0.836746	0.834595	0.86198	0.860152	0.875178	0.887847	0.789672	0.849449	0.865392	0.844351	0.846219	0.828366	0.844499	0.821652	0.866004	0.84141	0.876875	0.82989	0.82293	0.811922	0.789822	0.862239	0.825561	0.828574	0.854942	0.800655	0.833183	0.866517	0.873358	0.859208	0.906697	0.817628	0.856447	0.863473	0.833259	0.792513	0.882178	0.832308	0.84366	0.74715	0.883927	0.876848	0.849386	0.832209	0.860645	0.825724	0.873923
gut_33	0.822539	0.870053	0.867291	0.887642	0.872041	0.86172	0.838668	0.914951	0.851777	0.868067	0.879716	0.825382	0.855535	0.857252	0.8343	0.870196	0.873161	0.883424	0.878087	0.876438	0.819117	0.872261	0.828765	0.861764	0.858007	0.890911	0.822193	0.859642	0.865402	0.87425	0.866065	0.85475	0	0.884978	0.820324	0.848928	0.851683	0.869233	0.848185	0.845226	0.886961	0.861746	0.864828	0.865231	0.854368	0.868525	0.856623	0.84654	0.848863	0.797832	0.831699	0.859451	0.812271	0.825958	0.856119	0.886185	0.821443	0.822628	0.88759	0.822186	0.808938	0.879791	0.855395	0.837411	0.847845	0.845333	0.902769	0.834613	0.886618	0.845302	0.859477	0.823144	0.841405	0.859706	0.848232	0.757643	0.875233	0.847276	0.842921	0.824133	0.849171	0.824581	0.852691	0.831013	0.835615	0.772397	0.873892	0.900192	0.837677	0.877147	0.861029	0.842812	0.828698	0.861439	0.86747	0.83348	0.824268	0.87003	0.85407	0.89309
gut_34	0.801583	0.887601	0.92225	0.86904	0.895956	0.862175	0.802404	0.824754	0.807676	0.863184	0.894706	0.859737	0.835888	0.858638	0.862972	0.83221	0.877397	0.866926	0.854774	0.813499	0.832451	0.897343	0.835082	0.866786	0.826855	0.839971	0.896478	0.862546	0.883834	0.831691	0.849564	0.862624	0.884978	0	0.885036	0.850351	0.845521	0.900783	0.881445	0.813048	0.816368	0.893875	0.822141	0.847357	0.875713	0.871253	0.883801	0.866558	0.839136	0.855529	0.886309	0.86344	0.907224	0.813614	0.842401	0.871196	0.879596	0.832778	0.854543	0.825419	0.879384	0.846943	0.817494	0.823968	0.871318	0.823579	0.84322	0.861795	0.848051	0.859216	0.85016	0.88129	0.836318	0.885905	0.850853	0.908856	0.901336	0.849297	0.88228	0.847829	0.837417	0.839331	0.820333	0.811617	0.83235	0.885586	0.915992	0.830014	0.888438	0.911144	0.870754	0.855642	0.871612	0.840486	0.867578	0.826283	0.812349	0.839138	0.83363	0.910284
gut_35	0.841678	0.89007	0.893158	0.910578	0.844276	0.874412	0.842662	0.861992	0.872274	0.896275	0.871386	0.829246	0.889121	0.907939	0.846446	0.86332	0.881997	0.889447	0.889449	0.811435	0.843958	0.858193	0.910383	0.854485	0.849753	0.843526	0.843253	0.847641	0.875182	0.855516	0.933967	0.860843	0.820324	0.885036	0	0.846591	0.87919	0.880017	0.896663	0.859704	0.863782	0.82157	0.863377	0.898095	0.89708	0.923642	0.86599	0.88533	0.848563	0.846459	0.822406	0.839792	0.849271	0.851029	0.851174	0.883956	0.862425	0.8587	0.876788	0.851756	0.851476	0.892689	0.857481	0.875906	0.872398	0.854092	0.916479	0.895559	0.90567	0.883993	0.906007	0.895155	0.839244	0.84447	0.896035	0.867955	0.842602	0.84323	0.886318	0.820286	0.910241	0.883041	0.873863	0.914246	0.867963	0.833204	0.899103	0.821146	0.825583	0.842545	0.812342	0.818013	0.851747	0.874094	0.867265	0.870845	0.889837	0.91296	0.832883	0.897347
gut_36	0.811888	0.83301	0.895402	0.8772	0.841811	0.880827	0.879478	0.864709	0.821481	0.84498	0.900625	0.847385	0.916292	0.909898	0.825937	0.890565	0.896277	0.90073	0.881467	0.853649	0.868091	0.893851	0.837993	0.798329	0.863779	0.873318	0.874471	0.863891	0.870872	0.87304	0.844358	0.841847	0.848928	0.850351	0.846591	0	0.790504	0.923581	0.857599	0.876617	0.827377	0.824127	0.861968	0.876251	0.857701	0.863039	0.852281	0.812515	0.86562	0.863376	0.85125	0.84104	0.909676	0.832801	0.871567	0.862612	0.894794	0.919934	0.778947	0.858868	0.842497	0.897318	0.848021	0.878165	0.856411	0.855199	0.882859	0.841794	0.888989	0.839303	0.910688	0.827239	0.757779	0.889077	0.815672	0.850866	0.825096	0.843645	0.869017	0.830997	0.887222	0.847524	0.872348	0.911058	0.853757	0.866505	0.882364	0.862364	0.867038	0.838203	0.858244	0.88109	0.874653	0.824571	0.838165	0.863	0.869712	0.853882	0.852215	0.864788
gut_37	0.770157	0.836913	0.913187	0.846252	0.846629	0.872104	0.851024	0.853647	0.782812	0.851804	0.805354	0.858445	0.869844	0.846211	0.754351	0.863936	0.856952	0.888434	0.812096	0.817093	0.794715	0.84024	0.853753	0.750247	0.82248	0.846232	0.806292	0.851584	0.83289	0.82209	0.804781	0.808412	0.851683	0.845521	0.87919	0.790504	0	0.832024	0.830376	0.855621	0.842044	0.824573	0.868724	0.867341	0.847274	0.847847	0.779385	0.856973	0.819643	0.839042	0.825611	0.84326	0.871392	0.800188	0.827904	0.859245	0.832016	0.852911	0.826283	0.827378	0.833532	0.813636	0.736918	0.788784	0.848943	0.869469	0.84911	0.854165	0.843131	0.841371	0.814428	0.843217	0.813555	0.852387	0.80914	0.840549	0.841189	0.797228	0.827045	0.778403	0.81463	0.831582	0.848666	0.813032	0.782709	0.823407	0.8284	0.813714	0.783766	0.898823	0.868647	0.846168	0.842152	0.796061	0.84582	0.778339	0.866329	0.812577	0.840641	0.820245
gut_38	0.8938	0.89086	0.902544	0.826677	0.87974	0.879609	0.853171	0.869976	0.887427	0.895156	0.881598	0.86182	0.855952	0.852116	0.813004	0.867034	0.873791	0.900524	0.853201	0.857206	0.806769	0.87965	0.874065	0.850585	0.858382	0.861793	0.815424	0.867187	0.891955	0.867463	0.855063	0.859809	0.869233	0.900783	0.880017	0.923581	0.832024	0	0.863745	0.839355	0.8496	0.854737	0.891193	0.925089	0.919084	0.883732	0.866597	0.886438	0.851315	0.872543	0.83369	0.874245	0.865482	0.848886	0.914057	0.831315	0.847304	0.888024	0.876521	0.872961	0.858174	0.84695	0.813828	0.841636	0.880194	0.865826	0.861621	0.903981	0.888964	0.908356	0.858681	0.921905	0.854778	0.841724	0.885532	0.852357	0.854577	0.895286	0.891464	0.871333	0.882949	0.894434	0.774056	0.916224	0.888066	0.899055	0.85653	0.854525	0.854742	0.839795	0.887698	0.883403	0.858723	0.825944	0.87113	0.832326	0.900586	0.863416	0.844232	0.908629
gut_39	0.812917	0.840785	0.887054	0.836892	0.878244	0.890794	0.901293	0.889623	0.878408	0.933348	0.862367	0.827093	0.844427	0.82924	0.860982	0.838625	0.852776	0.913337	0.861435	0.887631	0.873786	0.807804	0.855579	0.845621	0.873321	0.855464	0.801483	0.818499	0.861099	0.883507	0.79378	0.800033	0.848185	0.881445	0.896663	0.857599	0.830376	0.863745	0	0.900249	0.808844	0.831086	0.892252	0.885215	0.898564	0.871371	0.863704	0.871599	0.77871	0.876155	0.82825	0.862322	0.850519	0.859419	0.900138	0.830797	0.865795	0.857467	0.859206	0.898735	0.900408	0.832839	0.840839	0.818367	0.899804	0.820782	0.864805	0.848276	0.883295	0.886027	0.840851	0.782368	0.827453	0.866735	0.788555	0.860186	0.913096	0.887654	0.880539	0.835746	0.880152	0.87147	0.820878	0.85937	0.889201	0.813916	0.852814	0.840947	0.79352	0.855169	0.830275	0.853613	0.872782	0.840564	0.850778	0.860991	0.866029	0.852551	0.844355	0.884776
gut_40	0.833629	0.877104	0.875012	0.881256	0.871785	0.869036	0.824447	0.845984	0.834911	0.872369	0.840585	0.831078	0.850412	0.804365	0.867647	0.810049	0.852875	0.913187	0.847439	0.846553	0.810649	0.877942	0.892427	0.851839	0.888405	0.864755	0.912645	0.877778	0.865624	0.830409	0.848214	0.856278	0.845226	0.813048	0.859704	0.876617	0.855621	0.839355	0.900249	0	0.842418	0.838855	0.866371	0.859319	0.880858	0.908548	0.882319	0.895766	0.838067	0.879437	0.81029	0.840005	0.856619	0.827561	0.842678	0.886556	0.794784	0.844427	0.826813	0.836209	0.877186	0.842816	0.841468	0.817631	0.881974	0.869028	0.882117	0.856454	0.892136	0.842362	0.852999	0.875404	0.806772	0.787709	0.889515	0.867537	0.894003	0.877229	0.863405	0.812053	0.824017	0.852374	0.868907	0.881092	0.829398	0.873934	0.87063	0.850987	0.855014	0.833358	0.888749	0.842437	0.857713	0.848242	0.817765	0.832306	0.877076	0.863751	0.799783	0.847533
gut_41	0.856484	0.799592	0.802571	0.854222	0.835945	0.8677	0.880158	0.780892	0.889667	0.869518	0.821514	0.85947	0.841116	0.885976	0.873709	0.842238	0.837716	0.867062	0.877513	0.84058	0.882774	0.905127	0.845787	0.843208	0.798423	0.870934	0.845781	0.872669	0.874545	0.90947	0.823835	0.796056	0.886961	0.816368	0.863782	0.827377	0.842044	0.8496	0.808844	0.842418	0	0.878951	0.862978	0.859877	0.91106	0.869579	0.871014	0.839471	0.858088	0.854328	0.828705	0.869327	0.856314	0.850998	0.848221	0.885021	0.890875	0.890946	0.86191	0.879298	0.880828	0.840314	0.803931	0.843557	0.803047	0.802357	0.842257	0.839137	0.873121	0.864702	0.847416	0.873529	0.820995	0.862309	0.863107	0.895387	0.777729	0.895179	0.847899	0.822018	0.839331	0.850666	0.88651	0.833137	0.879065	0.830999	0.901079	0.853903	0.849539	0.859412	0.88377	0.83337	0.842425	0.907897	0.858217	0.824822	0.842297	0.813113	0.826364	0.827713
gut_42	0.854886	0.863634	0.886633	0.863003	0.802839	0.851462	0.847324	0.899052	0.850023	0.869258	0.902632	0.820675	0.887675	0.861218	0.811789	0.888682	0.885709	0.841229	0.847105	0.837002	0.832193	0.862497	0.84921	0.795751	0.828214	0.821016	0.840695	0.848771	0.867393	0.852143	0.847448	0.764579	0.861746	0.893875	0.82157	0.824127	0.824573	0.854737	0.831086	0.838855	0.878951	0	0.807942	0.899246	0.895203	0.867054	0.867415	0.848257	0.867746	0.822289	0.789425	0.846725	0.876227	0.856295	0.910521	0.867842	0.814757	0.869465	0.879617	0.836789	0.85129	0.855639	0.873392	0.824756	0.890557	0.834443	0.851815	0.897817	0.84859	0.893193	0.831936	0.804841	0.868961	0.84745	0.838744	0.821782	0.85021	0.841847	0.866785	0.801837	0.861002	0.892842	0.880509	0.884702	0.851797	0.845199	0.837299	0.865171	0.784237	0.858437	0.84844	0.821232	0.842658	0.894007	0.879156	0.842078	0.874202	0.889238	0.867083	0.86396
gut_43	0.840566	0.859973	0.881176	0.874792	0.831369	0.868183	0.829684	0.909024	0.880146	0.878783	0.889955	0.798475	0.890693	0.895727	0.852577	0.825115	0.856676	0.906279	0.840041	0.826508	0.834051	0.866022	0.863544	0.82163	0.857376	0.88639	0.890725	0.846617	0.87125	0.892191	0.871883	0.879694	0.864828	0.822141	0.863377	0.861968	0.868724	0.891193	0.892252	0.866371	0.862978	0.807942	0	0.856458	0.874333	0.901463	0.877194	0.903233	0.903303	0.863634	0.839961	0.870509	0.888108	0.858551	0.895138	0.875602	0.823135	0.89005	0.858146	0.812685	0.858411	0.783549	0.88122	0.833906	0.893789	0.878846	0.918317	0.829189	0.861948	0.850404	0.87723	0.819132	0.820676	0.849361	0.860209	0.839349	0.840483	0.880765	0.856636	0.841503	0.868062	0.846915	0.89604	0.808699	0.890578	0.850598	0.840924	0.818277	0.860986	0.85768	0.863079	0.881362	0.853116	0.88461	0.847252	0.83666	0.844358	0.875077	0.84906	0.858249
gut_44	0.895715	0.858033	0.87944	0.904374	0.88077	0.852301	0.880365	0.913327	0.832246	0.859784	0.869558	0.800527	0.912098	0.867553	0.846214	0.839708	0.841635	0.88644	0.88147	0.843912	0.846185	0.896468	0.823767	0.86483	0.888513	0.879418	0.859093	0.838749	0.889348	0.86154	0.867929	0.872777	0.865231	0.847357	0.898095	0.876251	0.867341	0.925089	0.885215	0.859319	0.859877	0.899246	0.856458	0	0.918466	0.888337	0.891087	0.827095	0.862813	0.810012	0.827792	0.863443	0.859846	0.83843	0.851427	0.88487	0.807734	0.89489	0.858283	0.846095	0.866134	0.879152	0.875616	0.865616	0.844552	0.871569	0.863389	0.870576	0.835755	0.900069	0.894017	0.877721	0.853742	0.885025	0.845574	0.874502	0.880216	0.879827	0.830568	0.853304	0.850105	0.830319	0.839168	0.83704	0.880052	0.829808	0.910463	0.846028	0.837386	0.80758	0.875828	0.900226	0.901985	0.839162	0.873496	0.812951	0.809019	0.879167	0.864069	0.883005
