SampleID	oral_1	oral_2	oral_3	oral_4	oral_5	oral_6	oral_7	oral_8	oral_9	oral_10	oral_11	oral_12	oral_13	oral_14	oral_15	oral_16	oral_17	oral_18	oral_19	oral_20	oral_21	oral_22	oral_23	oral_24	oral_25	oral_26	oral_27	oral_28	oral_29	oral_30	oral_31	oral_32	oral_33	oral_34	oral_35	oral_36	oral_37	oral_38	oral_39	oral_40	oral_41	oral_42	oral_43	oral_44	oral_45	oral_46	oral_47	oral_48	oral_49	oral_50	oral_51	oral_52	oral_53	oral_54	oral_55	oral_56	oral_57	oral_58	oral_59	oral_60	oral_61	oral_62	oral_63	oral_64	oral_65	oral_66	oral_67	oral_68	oral_69	oral_70	oral_71	oral_72	oral_73	oral_74	oral_75	oral_76	oral_77	oral_78	oral_79	oral_80	oral_81	oral_82	oral_83	oral_84	oral_85	oral_86	oral_87	oral_88	oral_89	oral_90	oral_91	oral_92	oral_93	oral_94	oral_95	oral_96	oral_97	oral_98	oral_99	oral_100
oral_1	0	0.797013	0.792722	0.863216	0.846241	0.808194	0.839681	0.809342	0.848942	0.81225	0.821455	0.839554	0.806999	0.840984	0.822793	0.821256	0.820552	0.803853	0.831199	0.862469	0.800411	0.791963	0.798891	0.81365	0.83185	0.79796	0.821806	0.815663	0.789929	0.824902	0.846006	0.796803	0.817527	0.838491	0.804814	0.784021	0.839549	0.823794	0.824433	0.849881	0.804276	0.864049	0.839246	0.809563	0.828301	0.757942	0.832242	0.787471	0.801743	0.829436	0.763448	0.811027	0.753041	0.825534	0.802374	0.805302	0.849746	0.859188	0.819969	0.810043	0.799109	0.832326	0.791138	0.788327	0.810771	0.812176	0.844765	0.85168	0.85653	0.841187	0.801014	0.828464	0.827832	0.794272	0.769438	0.845909	0.843998	0.829364	0.869997	0.848458	0.837962	0.843883	0.814765	0.813865	0.823425	0.826886	0.800306	0.795008	0.857497	0.821964	0.840013	0.82433	0.86484	0.761008	0.801326	0.813573	0.86509	0.816147	0.854914	0.794742
oral_2	0.797013	0	0.755227	0.772217	0.824787	0.831283	0.793215	0.794885	0.816616	0.764108	0.7682	0.789161	0.816294	0.769849	0.78985	0.780293	0.810023	0.783855	0.771234	0.790452	0.806171	0.803649	0.79465	0.776535	0.809347	0.820883	0.797897	0.797558	0.764738	0.788853	0.825347	0.804329	0.789027	0.784749	0.793054	0.752758	0.802821	0.772372	0.781633	0.799949	0.797435	0.787767	0.806329	0.777414	0.748105	0.835796	0.799126	0.784175	0.814729	0.821298	0.78831	0.766726	0.777765	0.783424	0.840677	0.808608	0.751215	0.767678	0.797132	0.79141	0.790404	0.785052	0.809493	0.737633	0.78554	0.7789	0.794701	0.781854	0.827625	0.820273	0.766877	0.82996	0.79467	0.797865	0.753427	0.851055	0.793289	0.782451	0.814117	0.816053	0.789427	0.827403	0.76796	0.773861	0.856308	0.8321	0.802208	0.78878	0.795797	0.819382	0.806563	0.763427	0.828456	0.771206	0.779263	0.736352	0.824423	0.819875	0.791331	0.757751
oral_3	0.792722	0.755227	0	0.851386	0.824585	0.792269	0.798172	0.834584	0.809935	0.806398	0.799066	0.821304	0.810152	0.802335	0.81565	0.783916	0.841168	0.865808	0.802896	0.832268	0.790005	0.858425	0.824014	0.817805	0.815896	0.803302	0.822714	0.84117	0.817714	0.777477	0.833484	0.849956	0.80849	0.83106	0.84633	0.813071	0.839054	0.825277	0.831391	0.813231	0.795947	0.832557	0.821889	0.818697	0.848358	0.778952	0.824159	0.834143	0.784207	0.815837	0.849828	0.789319	0.838035	0.805736	0.795191	0.852931	0.850366	0.826735	0.778911	0.850608	0.791155	0.831952	0.795456	0.79562	0.791778	0.794717	0.830985	0.785766	0.811802	0.827123	0.779483	0.792859	0.817223	0.827416	0.818908	0.844106	0.824808	0.80633	0.797049	0.783234	0.804986	0.791375	0.802816	0.825489	0.851273	0.82471	0.862274	0.814716	0.802878	0.823461	0.871566	0.791992	0.813671	0.839727	0.826694	0.785941	0.859904	0.822673	0.825358	0.811167
oral_4	0.863216	0.772217	0.851386	0	0.865413	0.877406	0.852096	0.851256	0.820822	0.845149	0.839212	0.833031	0.794706	0.820028	0.83156	0.790899	0.834569	0.847091	0.803237	0.865362	0.839652	0.825056	0.841281	0.8349	0.831166	0.770905	0.791706	0.811575	0.776363	0.879786	0.80448	0.858061	0.812553	0.837993	0.81465	0.805431	0.856549	0.859894	0.819655	0.857139	0.816807	0.804572	0.817742	0.869585	0.824382	0.845585	0.809536	0.771549	0.801723	0.844454	0.826583	0.829123	0.799279	0.816615	0.872711	0.854015	0.832204	0.85604	0.825332	0.845721	0.828052	0.841704	0.81227	0.755774	0.847668	0.826213	0.807577	0.81178	0.830744	0.854516	0.825133	0.851369	0.826975	0.832312	0.81801	0.890063	0.8312	0.858254	0.846211	0.8265	0.846875	0.891839	0.822696	0.83452	0.849354	0.840509	0.843279	0.834334	0.811666	0.850002	0.862932	0.86161	0.884369	0.788562	0.828524	0.831121	0.855407	0.85764	0.819589	0.804925
oral_5	0.846241	0.824787	0.824585	0.865413	0	0.816685	0.822618	0.81886	0.824398	0.787745	0.805371	0.85165	0.801354	0.779375	0.806531	0.80639	0.79743	0.814494	0.865624	0.841227	0.859527	0.856043	0.836205	0.762003	0.782618	0.812308	0.798502	0.851798	0.789428	0.826355	0.826415	0.812018	0.803994	0.847672	0.795144	0.868312	0.821452	0.819293	0.81329	0.853892	0.836316	0.810437	0.835358	0.8129	0.819065	0.866732	0.792022	0.799384	0.782878	0.819145	0.858289	0.825749	0.823519	0.862133	0.834509	0.830594	0.842078	0.850409	0.789943	0.814423	0.833965	0.824714	0.81004	0.79833	0.822987	0.811727	0.852748	0.837038	0.838316	0.790858	0.777091	0.884379	0.862908	0.838599	0.810928	0.831877	0.796213	0.862426	0.811508	0.841617	0.855969	0.878981	0.872931	0.796211	0.820635	0.757071	0.851471	0.792552	0.833445	0.858787	0.831778	0.832835	0.842925	0.811291	0.861031	0.824202	0.844256	0.840732	0.84112	0.77769
oral_6	0.808194	0.831283	0.792269	0.877406	0.816685	0	0.775235	0.804722	0.795462	0.771219	0.855785	0.769107	0.773376	0.779319	0.839606	0.822323	0.804761	0.857012	0.815288	0.82827	0.811696	0.834474	0.786418	0.829024	0.783194	0.847254	0.812606	0.820296	0.8262	0.788376	0.809583	0.783968	0.725706	0.792637	0.777643	0.813208	0.840736	0.813232	0.798847	0.775114	0.779915	0.792788	0.820415	0.836199	0.772992	0.8047	0.81375	0.861038	0.827309	0.767581	0.787118	0.77967	0.7418	0.869015	0.801069	0.801456	0.791528	0.801545	0.765682	0.817259	0.793402	0.805108	0.787707	0.789868	0.80689	0.83629	0.825183	0.795043	0.838267	0.80576	0.737369	0.836871	0.81365	0.814266	0.786843	0.834095	0.804457	0.800873	0.828972	0.831519	0.810162	0.841079	0.782965	0.804242	0.819459	0.707942	0.835213	0.78383	0.810185	0.767386	0.824194	0.797885	0.788935	0.818931	0.807083	0.824146	0.830946	0.786078	0.807175	0.783245
oral_7	0.839681	0.793215	0.798172	0.852096	0.822618	0.775235	0	0.778472	0.809387	0.778597	0.747854	0.802269	0.795528	0.766944	0.817845	0.778726	0.791351	0.830302	0.827098	0.798452	0.799726	0.792036	0.785501	0.793677	0.805637	0.763629	0.791893	0.763072	0.796652	0.816225	0.816633	0.810846	0.815629	0.83496	0.754478	0.775226	0.834807	0.78691	0.777016	0.784678	0.805178	0.810715	0.847739	0.816171	0.807828	0.809269	0.840489	0.831087	0.798175	0.826502	0.811375	0.787037	0.812607	0.828016	0.820169	0.811204	0.82526	0.767978	0.792683	0.794802	0.773509	0.768793	0.836592	0.795717	0.771476	0.796736	0.771468	0.800476	0.794775	0.802221	0.759433	0.773631	0.844443	0.839803	0.787884	0.831333	0.766837	0.801542	0.786301	0.797472	0.840582	0.805923	0.838542	0.799361	0.838939	0.813145	0.81366	0.725655	0.788632	0.772986	0.78059	0.810656	0.85508	0.734037	0.827814	0.818962	0.8178	0.856022	0.810822	0.797862
oral_8	0.809342	0.794885	0.834584	0.851256	0.81886	0.804722	0.778472	0	0.834047	0.817793	0.829272	0.825244	0.810224	0.788968	0.791319	0.77687	0.818961	0.805371	0.806006	0.795896	0.810089	0.788928	0.835362	0.793895	0.803274	0.818433	0.789263	0.802702	0.788926	0.780719	0.791297	0.810955	0.794018	0.814754	0.791054	0.830136	0.823305	0.788402	0.781652	0.839124	0.860462	0.785347	0.804673	0.783181	0.815842	0.825514	0.771463	0.757791	0.773323	0.838884	0.791187	0.781356	0.76665	0.841145	0.825582	0.817896	0.801412	0.824778	0.772499	0.806149	0.783822	0.798495	0.823256	0.769221	0.816142	0.78003	0.832954	0.841705	0.77207	0.808701	0.799633	0.815105	0.827462	0.798589	0.811695	0.814769	0.795373	0.7892	0.835297	0.813759	0.834587	0.813183	0.799613	0.777751	0.774512	0.787787	0.850403	0.792468	0.837778	0.79958	0.797461	0.808617	0.83599	0.7578	0.811645	0.771779	0.871645	0.769799	0.800325	0.807196
oral_9	0.848942	0.816616	0.809935	0.820822	0.824398	0.795462	0.809387	0.834047	0	0.799612	0.812098	0.808985	0.835867	0.782937	0.757695	0.777985	0.796542	0.826164	0.747095	0.807043	0.817357	0.834656	0.75784	0.823219	0.827172	0.81153	0.801858	0.859551	0.755105	0.828676	0.803872	0.786254	0.809758	0.838443	0.790421	0.78585	0.830658	0.797054	0.830432	0.825008	0.799373	0.790357	0.850741	0.78476	0.826306	0.850844	0.78206	0.803408	0.774014	0.783753	0.805317	0.789233	0.801365	0.833247	0.848241	0.853897	0.790677	0.793851	0.767512	0.793822	0.797812	0.785636	0.789764	0.806215	0.83998	0.809471	0.815205	0.777125	0.811854	0.834508	0.779594	0.812375	0.808792	0.823158	0.776501	0.82235	0.800951	0.845672	0.793181	0.780351	0.795635	0.853634	0.798614	0.788271	0.817916	0.828469	0.857363	0.803256	0.797528	0.814687	0.836588	0.78784	0.835227	0.824351	0.842556	0.780489	0.831862	0.813276	0.77395	0.794009
oral_10	0.81225	0.764108	0.806398	0.845149	0.787745	0.771219	0.778597	0.817793	0.799612	0	0.76763	0.729346	0.7837	0.777657	0.797512	0.798125	0.797753	0.830965	0.757746	0.807802	0.826743	0.787396	0.775866	0.813722	0.825455	0.772658	0.784334	0.794843	0.792961	0.818377	0.784259	0.756691	0.802118	0.783417	0.752964	0.788034	0.822147	0.787824	0.795373	0.808414	0.819789	0.804009	0.808823	0.787788	0.786474	0.8046	0.817167	0.823872	0.787774	0.793833	0.792457	0.7375	0.758414	0.813955	0.80957	0.812106	0.832892	0.810382	0.768473	0.813656	0.806976	0.824165	0.824624	0.781737	0.77572	0.801296	0.847623	0.802951	0.785173	0.812225	0.779114	0.826404	0.778372	0.818488	0.792209	0.841113	0.778251	0.771013	0.801158	0.814398	0.856141	0.838768	0.821699	0.78707	0.810564	0.789697	0.80907	0.786364	0.806506	0.828581	0.820363	0.80368	0.806843	0.791463	0.84268	0.767881	0.839218	0.825363	0.817495	0.797235
oral_11	0.821455	0.7682	0.799066	0.839212	0.805371	0.855785	0.747854	0.829272	0.812098	0.76763	0	0.826101	0.763717	0.79245	0.778334	0.763572	0.783014	0.816461	0.769912	0.809378	0.824743	0.819461	0.82045	0.742045	0.785141	0.783918	0.767688	0.810542	0.811084	0.81555	0.84132	0.814778	0.771452	0.823493	0.772398	0.819623	0.774091	0.803519	0.779539	0.765992	0.822986	0.806122	0.82439	0.755004	0.821445	0.783262	0.792311	0.81139	0.813726	0.809677	0.801139	0.766489	0.823982	0.804412	0.784735	0.782873	0.826167	0.819448	0.766613	0.785126	0.775914	0.784231	0.825833	0.781695	0.818647	0.792711	0.829687	0.839482	0.794473	0.778483	0.793421	0.76482	0.782117	0.816671	0.797111	0.776354	0.839816	0.788132	0.840814	0.835414	0.803892	0.813108	0.825702	0.784938	0.821229	0.841511	0.813814	0.792621	0.794217	0.815326	0.83024	0.779202	0.810534	0.804806	0.79469	0.797838	0.775234	0.824338	0.800211	0.831638
oral_12	0.839554	0.789161	0.821304	0.833031	0.85165	0.769107	0.802269	0.825244	0.808985	0.729346	0.826101	0	0.793246	0.801875	0.809889	0.817138	0.789379	0.806453	0.76466	0.801999	0.857749	0.794284	0.741064	0.817401	0.799539	0.768624	0.778112	0.818144	0.788787	0.792634	0.801484	0.809298	0.770399	0.808719	0.7987	0.808509	0.802825	0.771322	0.802111	0.798741	0.826332	0.802499	0.796272	0.81664	0.793816	0.781148	0.798142	0.82222	0.809362	0.805341	0.779024	0.752396	0.796548	0.819544	0.811907	0.831713	0.804139	0.815611	0.777694	0.783901	0.834721	0.812816	0.826846	0.815579	0.779634	0.848847	0.820342	0.81495	0.843593	0.835537	0.807037	0.812169	0.812302	0.796786	0.801572	0.853714	0.814391	0.791927	0.80158	0.781847	0.844493	0.839794	0.756506	0.820777	0.863899	0.786393	0.807977	0.797913	0.823468	0.815474	0.800857	0.812958	0.774054	0.804729	0.800238	0.781791	0.83575	0.838393	0.780916	0.772823
oral_13	0.806999	0.816294	0.810152	0.794706	0.801354	0.773376	0.795528	0.810224	0.835867	0.7837	0.763717	0.793246	0	0.764414	0.794826	0.811837	0.774967	0.828077	0.810361	0.832666	0.813264	0.86821	0.828995	0.784747	0.815623	0.790978	0.772991	0.818319	0.797355	0.791287	0.785166	0.814231	0.79018	0.788773	0.727108	0.785783	0.805151	0.800514	0.781659	0.800303	0.779547	0.824201	0.79301	0.79685	0.829883	0.789067	0.798018	0.808538	0.804008	0.798991	0.843996	0.800343	0.807119	0.826126	0.843873	0.817111	0.845527	0.831496	0.797908	0.787226	0.815547	0.793244	0.764672	0.774974	0.817771	0.824042	0.817436	0.839833	0.755927	0.796773	0.780668	0.839923	0.863663	0.804108	0.794568	0.826251	0.793748	0.812009	0.834086	0.838071	0.813163	0.8327	0.8175	0.81947	0.801145	0.727655	0.852322	0.778132	0.826715	0.814561	0.812892	0.805505	0.812008	0.788038	0.846339	0.80443	0.800166	0.850963	0.776304	0.791812
oral_14	0.840984	0.769849	0.802335	0.820028	0.779375	0.779319	0.766944	0.788968	0.782937	0.777657	0.79245	0.801875	0.764414	0	0.805519	0.777874	0.804174	0.853252	0.819196	0.800605	0.806315	0.798331	0.850924	0.752534	0.770226	0.801246	0.753332	0.799883	0.796096	0.804461	0.789017	0.816545	0.780638	0.809033	0.782257	0.790707	0.829997	0.826684	0.746228	0.832296	0.802658	0.839936	0.828332	0.778118	0.804222	0.813727	0.777691	0.795051	0.814391	0.781486	0.828482	0.798345	0.815	0.821655	0.821259	0.848763	0.8041	0.807412	0.797379	0.809929	0.803552	0.7529	0.804082	0.799066	0.819574	0.787345	0.810941	0.777644	0.809621	0.795913	0.807233	0.806156	0.80011	0.810861	0.803481	0.853037	0.795522	0.812664	0.797996	0.801815	0.839685	0.766144	0.795929	0.77046	0.844185	0.803059	0.813117	0.777202	0.795996	0.784443	0.808419	0.769504	0.782693	0.820728	0.790955	0.799129	0.792819	0.783843	0.828979	0.818921
oral_15	0.822793	0.78985	0.81565	0.83156	0.806531	0.839606	0.817845	0.791319	0.757695	0.797512	0.778334	0.809889	0.794826	0.805519	0	0.781983	0.778783	0.816028	0.795309	0.781091	0.807755	0.787184	0.747023	0.800216	0.843979	0.783306	0.782382	0.816508	0.753654	0.785228	0.820563	0.810782	0.797723	0.815937	0.801314	0.85092	0.810056	0.79473	0.813703	0.835981	0.83164	0.774405	0.867316	0.787031	0.829338	0.741279	0.845946	0.814097	0.779019	0.762347	0.792422	0.755231	0.804314	0.814237	0.832894	0.795533	0.823928	0.816873	0.752728	0.755729	0.796784	0.808183	0.758375	0.765182	0.817897	0.817742	0.787683	0.84691	0.760861	0.847208	0.760364	0.79874	0.760781	0.783823	0.72936	0.784086	0.828124	0.811706	0.834907	0.805138	0.796491	0.856652	0.796166	0.807302	0.788034	0.831633	0.812794	0.772586	0.789762	0.815565	0.837077	0.778872	0.777752	0.822298	0.81288	0.802811	0.83689	0.795994	0.781881	0.798559
oral_16	0.821256	0.780293	0.783916	0.790899	0.80639	0.822323	0.778726	0.77687	0.777985	0.798125	0.763572	0.817138	0.811837	0.777874	0.781983	0	0.79803	0.824702	0.83041	0.790479	0.783351	0.848648	0.816539	0.756241	0.79219	0.78879	0.788373	0.830693	0.71433	0.783255	0.772641	0.836035	0.750195	0.783719	0.805342	0.813242	0.786909	0.807077	0.778969	0.823642	0.82109	0.787247	0.859405	0.799289	0.789137	0.795743	0.773258	0.794927	0.787836	0.809891	0.765292	0.82606	0.819237	0.802459	0.831197	0.832135	0.81135	0.810428	0.808605	0.777645	0.785099	0.818069	0.801559	0.816947	0.801643	0.799574	0.770358	0.768353	0.813031	0.842473	0.808497	0.762683	0.806591	0.804953	0.735073	0.862087	0.777411	0.816565	0.812606	0.785204	0.800063	0.838083	0.779593	0.799639	0.827525	0.768713	0.799426	0.804605	0.777382	0.820127	0.820836	0.778649	0.818887	0.776755	0.808059	0.803577	0.856423	0.819247	0.828696	0.770599
oral_17	0.820552	0.810023	0.841168	0.834569	0.79743	0.804761	0.791351	0.818961	0.796542	0.797753	0.783014	0.789379	0.774967	0.804174	0.778783	0.79803	0	0.829583	0.812844	0.819827	0.840067	0.808037	0.765352	0.79317	0.782685	0.781022	0.82289	0.752789	0.804161	0.810006	0.764557	0.801613	0.777909	0.795753	0.798535	0.825029	0.792234	0.819686	0.773313	0.816945	0.787351	0.814217	0.81232	0.793016	0.837835	0.838718	0.813592	0.786178	0.76638	0.786537	0.831232	0.779285	0.763099	0.840875	0.836055	0.801815	0.811032	0.841506	0.750691	0.810557	0.820344	0.815293	0.781828	0.782278	0.797553	0.787066	0.793652	0.824752	0.787627	0.829464	0.790049	0.786482	0.812327	0.797576	0.772532	0.805078	0.819392	0.809938	0.856944	0.815346	0.800033	0.806501	0.819903	0.790704	0.787962	0.773823	0.847671	0.781124	0.800245	0.82009	0.817742	0.798986	0.831213	0.819491	0.851527	0.774876	0.799804	0.815155	0.806791	0.762575
oral_18	0.803853	0.783855	0.865808	0.847091	0.814494	0.857012	0.830302	0.805371	0.826164	0.830965	0.816461	0.806453	0.828077	0.853252	0.816028	0.824702	0.829583	0	0.811524	0.86189	0.866787	0.826871	0.815715	0.807875	0.855993	0.765527	0.84493	0.860425	0.806269	0.845725	0.819844	0.830806	0.818815	0.813483	0.797937	0.808047	0.79402	0.810488	0.795212	0.818409	0.80551	0.81689	0.869373	0.818944	0.839853	0.807692	0.787907	0.806467	0.790385	0.862065	0.837241	0.837107	0.77203	0.834616	0.851542	0.866883	0.83434	0.849461	0.799995	0.843161	0.833386	0.831265	0.832612	0.82351	0.880348	0.814398	0.838837	0.842811	0.804933	0.790351	0.83047	0.835448	0.816244	0.813578	0.83531	0.824298	0.832907	0.833627	0.859482	0.827338	0.846415	0.84977	0.849874	0.825404	0.830005	0.833082	0.856687	0.815113	0.817398	0.847421	0.843285	0.844992	0.841014	0.787722	0.826227	0.794566	0.856037	0.855086	0.833852	0.820105
oral_19	0.831199	0.771234	0.802896	0.803237	0.865624	0.815288	0.827098	0.806006	0.747095	0.757746	0.769912	0.76466	0.810361	0.819196	0.795309	0.83041	0.812844	0.811524	0	0.824056	0.881004	0.827773	0.812745	0.817666	0.797933	0.775691	0.795397	0.77577	0.806413	0.804127	0.801682	0.825582	0.779595	0.807828	0.793786	0.797426	0.807074	0.816826	0.809878	0.83552	0.816878	0.805818	0.819909	0.804756	0.84198	0.804636	0.774673	0.78233	0.814726	0.810991	0.797264	0.747829	0.786776	0.836089	0.805667	0.797734	0.849385	0.819268	0.755517	0.786725	0.80711	0.781263	0.83564	0.80182	0.797108	0.833432	0.805378	0.786975	0.828683	0.854994	0.772046	0.859025	0.799087	0.796433	0.817207	0.893318	0.757724	0.826191	0.845673	0.825864	0.809027	0.833799	0.793063	0.83155	0.856538	0.828438	0.812636	0.809693	0.771614	0.810756	0.827243	0.769745	0.869085	0.813495	0.840038	0.8211	0.862442	0.798662	0.799492	0.833243
oral_20	0.862469	0.790452	0.832268	0.865362	0.841227	0.82827	0.798452	0.795896	0.807043	0.807802	0.809378	0.801999	0.832666	0.800605	0.781091	0.790479	0.819827	0.86189	0.824056	0	0.858275	0.845706	0.822331	0.810581	0.817946	0.821539	0.81154	0.80189	0.790456	0.832789	0.815064	0.7936	0.805632	0.862222	0.821992	0.813254	0.833257	0.828128	0.814031	0.822895	0.822205	0.820384	0.857075	0.817304	0.840191	0.825787	0.856845	0.796663	0.759345	0.861733	0.822717	0.761279	0.794641	0.863889	0.867945	0.834415	0.868016	0.810002	0.80678	0.78227	0.781129	0.810004	0.812277	0.814931	0.815236	0.873098	0.816241	0.83783	0.825758	0.850984	0.819865	0.763277	0.829951	0.816276	0.823503	0.840216	0.765093	0.79891	0.823364	0.82735	0.820553	0.810523	0.826013	0.77429	0.833086	0.856163	0.830645	0.816263	0.844079	0.782024	0.861825	0.768104	0.828454	0.805892	0.798949	0.814412	0.822227	0.87704	0.846649	0.792533
oral_21	0.800411	0.806171	0.790005	0.839652	0.859527	0.811696	0.799726	0.810089	0.817357	0.826743	0.824743	0.857749	0.813264	0.806315	0.807755	0.783351	0.840067	0.866787	0.881004	0.858275	0	0.831458	0.850618	0.827807	0.847693	0.783959	0.778131	0.823407	0.823	0.836217	0.824618	0.829013	0.824281	0.825969	0.846523	0.814795	0.801227	0.821228	0.807316	0.857217	0.830676	0.835059	0.800497	0.807096	0.81574	0.821256	0.792248	0.820558	0.824521	0.780043	0.837247	0.834121	0.820077	0.829096	0.862688	0.835674	0.846849	0.79182	0.828442	0.800525	0.79188	0.808312	0.829518	0.763055	0.846083	0.830057	0.821481	0.831294	0.831042	0.822535	0.805978	0.822535	0.808053	0.767673	0.783052	0.840225	0.861434	0.828099	0.829348	0.807219	0.838682	0.808684	0.864637	0.827125	0.845764	0.833337	0.798668	0.813144	0.845278	0.791224	0.823478	0.832263	0.796617	0.811592	0.797303	0.773119	0.841189	0.812181	0.818488	0.804436
oral_22	0.791963	0.803649	0.858425	0.825056	0.856043	0.834474	0.792036	0.788928	0.834656	0.787396	0.819461	0.794284	0.86821	0.798331	0.787184	0.848648	0.808037	0.826871	0.827773	0.845706	0.831458	0	0.771429	0.815018	0.824652	0.793834	0.824918	0.829147	0.805157	0.808703	0.777174	0.852458	0.820647	0.799743	0.784531	0.801528	0.769028	0.823711	0.826577	0.833213	0.816636	0.810113	0.800773	0.786082	0.810025	0.859715	0.804119	0.823661	0.831413	0.827429	0.783691	0.779383	0.75923	0.84013	0.803215	0.870279	0.814129	0.825276	0.836194	0.787731	0.825642	0.75865	0.830934	0.810752	0.795019	0.768171	0.833715	0.797526	0.813437	0.846396	0.83003	0.82808	0.814444	0.802169	0.823762	0.805779	0.826558	0.838442	0.83186	0.853896	0.847469	0.817988	0.764377	0.832893	0.831703	0.87628	0.866043	0.781419	0.822749	0.799946	0.821549	0.810796	0.83552	0.815485	0.803548	0.804667	0.877383	0.819038	0.808927	0.841851
oral_23	0.798891	0.79465	0.824014	0.841281	0.836205	0.786418	0.785501	0.835362	0.75784	0.775866	0.82045	0.741064	0.828995	0.850924	0.747023	0.816539	0.765352	0.815715	0.812745	0.822331	0.850618	0.771429	0	0.803676	0.827868	0.791478	0.809494	0.763241	0.784907	0.811833	0.814035	0.814267	0.749286	0.783381	0.805017	0.838904	0.833203	0.806576	0.80824	0.814707	0.794196	0.77547	0.850229	0.807561	0.826389	0.812035	0.822703	0.804169	0.821306	0.776345	0.784275	0.732923	0.793812	0.815811	0.814384	0.827394	0.817857	0.811144	0.800583	0.72676	0.809876	0.837871	0.816154	0.772126	0.803654	0.832282	0.811982	0.808706	0.811214	0.798568	0.742355	0.795607	0.812385	0.800286	0.725806	0.844179	0.779609	0.776628	0.808188	0.84213	0.797061	0.843621	0.764475	0.783784	0.823668	0.806973	0.830534	0.72646	0.792165	0.802462	0.786442	0.823707	0.780429	0.78953	0.816829	0.757553	0.83876	0.821751	0.766618	0.766348
oral_24	0.81365	0.776535	0.817805	0.8349	0.762003	0.829024	0.793677	0.793895	0.823219	0.813722	0.742045	0.817401	0.784747	0.752534	0.800216	0.756241	0.79317	0.807875	0.817666	0.810581	0.827807	0.815018	0.803676	0	0.811634	0.809197	0.776369	0.819751	0.768979	0.821477	0.81278	0.798565	0.76143	0.823048	0.806201	0.857666	0.772548	0.805708	0.798034	0.811436	0.824584	0.827131	0.84044	0.775054	0.786518	0.778899	0.812574	0.787994	0.779897	0.807491	0.829356	0.783403	0.810816	0.819147	0.834699	0.836778	0.837881	0.795503	0.779494	0.821046	0.81665	0.789527	0.789025	0.76862	0.796321	0.828911	0.815819	0.808667	0.812595	0.801017	0.798194	0.82948	0.797131	0.796336	0.791888	0.845343	0.828292	0.795769	0.850981	0.798309	0.807161	0.853887	0.807998	0.842353	0.818552	0.821487	0.85794	0.773078	0.800509	0.826242	0.834121	0.816371	0.780919	0.7853	0.796873	0.768872	0.822642	0.844692	0.770454	0.828725
oral_25	0.83185	0.809347	0.815896	0.831166	0.782618	0.783194	0.805637	0.803274	0.827172	0.825455	0.785141	0.799539	0.815623	0.770226	0.843979	0.79219	0.782685	0.855993	0.797933	0.817946	0.847693	0.824652	0.827868	0.811634	0	0.833746	0.827942	0.798176	0.818459	0.776581	0.795259	0.758541	0.769731	0.862703	0.800517	0.83827	0.798461	0.819892	0.804191	0.778112	0.857336	0.797638	0.799307	0.779169	0.810347	0.840058	0.754326	0.853132	0.794664	0.833484	0.806964	0.806543	0.813731	0.812997	0.822898	0.821115	0.773625	0.833375	0.804237	0.777691	0.766568	0.800806	0.823837	0.804597	0.827812	0.838523	0.775732	0.849702	0.836436	0.830255	0.78608	0.826258	0.856749	0.813782	0.82419	0.849987	0.807256	0.826244	0.821741	0.823557	0.825663	0.827376	0.809001	0.817362	0.797003	0.816679	0.79963	0.770091	0.823513	0.815299	0.830389	0.783851	0.817633	0.792657	0.78487	0.824273	0.835331	0.843818	0.849329	0.800833
oral_26	0.79796	0.820883	0.803302	0.770905	0.812308	0.847254	0.763629	0.818433	0.81153	0.772658	0.783918	0.768624	0.790978	0.801246	0.783306	0.78879	0.781022	0.765527	0.775691	0.821539	0.783959	0.793834	0.791478	0.809197	0.833746	0	0.809761	0.84747	0.744619	0.796583	0.758441	0.816273	0.783635	0.818022	0.780308	0.770238	0.82429	0.788791	0.803458	0.780347	0.790202	0.817121	0.78952	0.802908	0.807229	0.806438	0.773617	0.821343	0.777344	0.788504	0.795035	0.777362	0.805331	0.789712	0.783178	0.827653	0.783137	0.828639	0.783407	0.755803	0.772094	0.806678	0.795022	0.777484	0.752704	0.801731	0.779562	0.756566	0.822766	0.779765	0.785515	0.781631	0.816488	0.78318	0.795556	0.837804	0.783213	0.77173	0.830619	0.810163	0.795371	0.818264	0.795588	0.784734	0.825823	0.845382	0.803866	0.783938	0.812048	0.794288	0.852072	0.781508	0.864999	0.73717	0.81179	0.780134	0.799827	0.821124	0.793126	0.795912
oral_27	0.821806	0.797897	0.822714	0.791706	0.798502	0.812606	0.791893	0.789263	0.801858	0.784334	0.767688	0.778112	0.772991	0.753332	0.782382	0.788373	0.82289	0.84493	0.795397	0.81154	0.778131	0.824918	0.809494	0.776369	0.827942	0.809761	0	0.79722	0.789191	0.81828	0.794671	0.801304	0.746388	0.778572	0.811795	0.755941	0.822932	0.822812	0.796809	0.798664	0.813017	0.81075	0.851136	0.794046	0.845331	0.797776	0.773117	0.799626	0.829408	0.784227	0.783027	0.814259	0.759702	0.838663	0.818832	0.827641	0.821512	0.815569	0.793522	0.785997	0.803577	0.834773	0.777605	0.72546	0.807067	0.769448	0.816914	0.830965	0.802522	0.80962	0.792438	0.781816	0.784307	0.832098	0.790613	0.842156	0.796587	0.772173	0.821711	0.834144	0.814786	0.883187	0.791702	0.795338	0.843625	0.799143	0.769949	0.795529	0.8375	0.820826	0.824322	0.847284	0.83578	0.819997	0.761555	0.787698	0.798363	0.758546	0.824009	0.818173
oral_28	0.815663	0.797558	0.84117	0.811575	0.851798	0.820296	0.763072	0.802702	0.859551	0.794843	0.810542	0.818144	0.818319	0.799883	0.816508	0.830693	0.752789	0.860425	0.77577	0.80189	0.823407	0.829147	0.763241	0.819751	0.798176	0.84747	0.79722	0	0.793349	0.811523	0.853245	0.823051	0.768005	0.856912	0.795071	0.820296	0.818146	0.793061	0.753982	0.818617	0.774961	0.832126	0.806668	0.833763	0.821949	0.802999	0.841751	0.830593	0.790601	0.831137	0.804793	0.752595	0.818961	0.832058	0.79509	0.797666	0.812648	0.830293	0.786006	0.80161	0.809014	0.814381	0.819526	0.808261	0.78733	0.867514	0.781487	0.835389	0.798497	0.820385	0.814103	0.824093	0.832044	0.790959	0.811778	0.853419	0.85076	0.788433	0.847045	0.805012	0.848116	0.836217	0.844451	0.811576	0.85118	0.819182	0.811274	0.800904	0.773046	0.811376	0.827795	0.802373	0.819422	0.817942	0.846777	0.809759	0.786087	0.809269	0.75893	0.80201
oral_29	0.789929	0.764738	0.817714	0.776363	0.789428	0.8262	0.796652	0.788926	0.755105	0.792961	0.811084	0.788787	0.797355	0.796096	0.753654	0.71433	0.804161	0.806269	0.806413	0.790456	0.823	0.805157	0.784907	0.768979	0.818459	0.744619	0.789191	0.793349	0	0.823442	0.79595	0.817738	0.797654	0.804029	0.790528	0.8259	0.798141	0.797362	0.760803	0.811831	0.825289	0.785446	0.825755	0.807141	0.831221	0.786694	0.75008	0.724197	0.82269	0.807462	0.766531	0.78009	0.780251	0.842482	0.78306	0.8258	0.766265	0.817054	0.789048	0.704079	0.826839	0.773611	0.799579	0.783245	0.837036	0.789475	0.788087	0.821109	0.781324	0.814364	0.837734	0.770361	0.816237	0.773358	0.763353	0.861156	0.759458	0.801504	0.827417	0.794192	0.826047	0.8115	0.781942	0.780637	0.838027	0.829566	0.808136	0.766084	0.75713	0.805297	0.803231	0.797283	0.823072	0.751382	0.862692	0.811425	0.787602	0.807486	0.782606	0.793667
oral_30	0.824902	0.788853	0.777477	0.879786	0.826355	0.788376	0.816225	0.780719	0.828676	0.818377	0.81555	0.792634	0.791287	0.804461	0.785228	0.783255	0.810006	0.845725	0.804127	0.832789	0.836217	0.808703	0.811833	0.821477	0.776581	0.796583	0.81828	0.811523	0.823442	0	0.836721	0.839066	0.785952	0.849404	0.753537	0.819424	0.810671	0.801201	0.781955	0.828432	0.834434	0.812487	0.80018	0.797386	0.766547	0.8281	0.82733	0.800122	0.801925	0.830636	0.792999	0.749249	0.831912	0.82537	0.822583	0.829599	0.803428	0.828759	0.799635	0.810116	0.802546	0.826655	0.816243	0.844556	0.830123	0.84217	0.761353	0.832754	0.820222	0.8493	0.784143	0.811804	0.82463	0.803769	0.796273	0.826168	0.813993	0.754534	0.818526	0.835453	0.825168	0.832589	0.795209	0.824033	0.841635	0.792471	0.85221	0.790426	0.816229	0.815817	0.846553	0.760178	0.816834	0.816481	0.814654	0.775683	0.83208	0.795433	0.820656	0.80739
oral_31	0.846006	0.825347	0.833484	0.80448	0.826415	0.809583	0.816633	0.791297	0.803872	0.784259	0.84132	0.801484	0.785166	0.789017	0.820563	0.772641	0.764557	0.819844	0.801682	0.815064	0.824618	0.777174	0.814035	0.81278	0.795259	0.758441	0.794671	0.853245	0.79595	0.836721	0	0.811176	0.772051	0.814112	0.789543	0.828231	0.819886	0.804744	0.82326	0.84216	0.807519	0.8092	0.797035	0.8271	0.849134	0.820878	0.785498	0.749143	0.756734	0.814167	0.793052	0.807567	0.782345	0.837856	0.769278	0.838543	0.817939	0.810795	0.793507	0.791473	0.786534	0.811279	0.772769	0.820109	0.802273	0.816572	0.825121	0.783366	0.826254	0.824205	0.814769	0.775446	0.818548	0.75175	0.784997	0.815669	0.81286	0.834007	0.791957	0.759711	0.797122	0.823548	0.773645	0.820684	0.806296	0.834675	0.810455	0.774636	0.813257	0.812386	0.830521	0.822926	0.851151	0.81412	0.81031	0.76693	0.800388	0.818651	0.78126	0.779764
oral_32	0.796803	0.804329	0.849956	0.858061	0.812018	0.783968	0.810846	0.810955	0.786254	0.756691	0.814778	0.809298	0.814231	0.816545	0.810782	0.836035	0.801613	0.830806	0.825582	0.7936	0.829013	0.852458	0.814267	0.798565	0.758541	0.816273	0.801304	0.823051	0.817738	0.839066	0.811176	0	0.794938	0.832467	0.809899	0.760801	0.830127	0.808594	0.823363	0.791955	0.844825	0.841324	0.838743	0.826124	0.83785	0.757287	0.829869	0.818793	0.774878	0.819114	0.839538	0.845033	0.786495	0.847411	0.844981	0.802785	0.832422	0.849576	0.771084	0.814079	0.811133	0.822847	0.831191	0.76766	0.819324	0.804609	0.819772	0.827318	0.852429	0.840165	0.796915	0.815446	0.792142	0.808369	0.838128	0.85125	0.761919	0.800883	0.833875	0.826354	0.837067	0.823909	0.801611	0.775581	0.806198	0.816493	0.791653	0.818679	0.817665	0.778395	0.882723	0.811517	0.823907	0.805736	0.80357	0.843754	0.825494	0.828801	0.859262	0.792917
oral_33	0.817527	0.789027	0.80849	0.812553	0.803994	0.725706	0.815629	0.794018	0.809758	0.802118	0.771452	0.770399	0.79018	0.780638	0.797723	0.750195	0.777909	0.818815	0.779595	0.805632	0.824281	0.820647	0.749286	0.76143	0.769731	0.783635	0.746388	0.768005	0.797654	0.785952	0.772051	0.794938	0	0.811096	0.757006	0.833363	0.800607	0.770215	0.77696	0.812927	0.780406	0.800691	0.803353	0.803542	0.801008	0.797119	0.791606	0.784783	0.792413	0.792458	0.809973	0.727116	0.754551	0.830675	0.84183	0.796351	0.830513	0.82877	0.791043	0.758258	0.787234	0.804931	0.809702	0.774486	0.756432	0.807106	0.742186	0.783443	0.791342	0.829418	0.790402	0.810211	0.816801	0.784585	0.778279	0.829655	0.79358	0.741821	0.830984	0.791365	0.821762	0.860912	0.734165	0.843423	0.802891	0.75759	0.830178	0.750681	0.82124	0.79073	0.830279	0.74859	0.745511	0.807273	0.792431	0.766651	0.801212	0.82141	0.808181	0.765457
oral_34	0.838491	0.784749	0.83106	0.837993	0.847672	0.792637	0.83496	0.814754	0.838443	0.783417	0.823493	0.808719	0.788773	0.809033	0.815937	0.783719	0.795753	0.813483	0.807828	0.862222	0.825969	0.799743	0.783381	0.823048	0.862703	0.818022	0.778572	0.856912	0.804029	0.849404	0.814112	0.832467	0.811096	0	0.816388	0.789223	0.808644	0.85782	0.782783	0.847501	0.84102	0.770779	0.874178	0.801104	0.816401	0.807873	0.808639	0.80209	0.837163	0.779385	0.80049	0.775521	0.808837	0.848312	0.844907	0.843058	0.807378	0.804605	0.817722	0.784194	0.829546	0.805387	0.784483	0.721321	0.819439	0.816428	0.811034	0.823134	0.8311	0.844912	0.837745	0.85494	0.851836	0.794193	0.79822	0.855799	0.746979	0.79768	0.808166	0.829207	0.843185	0.80212	0.813459	0.808596	0.846202	0.805588	0.809909	0.757832	0.802059	0.875215	0.83246	0.843453	0.753003	0.803106	0.769721	0.780205	0.848521	0.872988	0.796	0.804633
oral_35	0.804814	0.793054	0.84633	0.81465	0.795144	0.777643	0.754478	0.791054	0.790421	0.752964	0.772398	0.7987	0.727108	0.782257	0.801314	0.805342	0.798535	0.797937	0.793786	0.821992	0.846523	0.784531	0.805017	0.806201	0.800517	0.780308	0.811795	0.795071	0.790528	0.753537	0.789543	0.809899	0.757006	0.816388	0	0.812949	0.816932	0.795171	0.736409	0.790872	0.834411	0.782137	0.807315	0.782152	0.797692	0.796809	0.799745	0.810381	0.779101	0.813834	0.827833	0.774784	0.798271	0.822897	0.830039	0.78654	0.77837	0.817207	0.796157	0.812121	0.765145	0.845261	0.747947	0.76689	0.848648	0.786679	0.817209	0.769094	0.792835	0.814619	0.786138	0.804024	0.774625	0.795215	0.800802	0.842561	0.761883	0.781478	0.843104	0.794868	0.810508	0.841147	0.767551	0.792706	0.839512	0.796362	0.862682	0.737267	0.807658	0.802297	0.819304	0.798106	0.802846	0.765521	0.814855	0.763236	0.865038	0.788307	0.759438	0.802106
oral_36	0.784021	0.752758	0.813071	0.805431	0.868312	0.813208	0.775226	0.830136	0.78585	0.788034	0.819623	0.808509	0.785783	0.790707	0.85092	0.813242	0.825029	0.808047	0.797426	0.813254	0.814795	0.801528	0.838904	0.857666	0.83827	0.770238	0.755941	0.820296	0.8259	0.819424	0.828231	0.760801	0.833363	0.789223	0.812949	0	0.82247	0.838873	0.814449	0.800635	0.828727	0.796843	0.811643	0.861114	0.804539	0.821358	0.814779	0.81578	0.851905	0.823292	0.806347	0.804066	0.825169	0.831898	0.792906	0.838595	0.838873	0.797071	0.80465	0.832759	0.790331	0.838389	0.82995	0.772547	0.77814	0.826397	0.814722	0.785421	0.801651	0.805679	0.789193	0.812389	0.814144	0.806696	0.824238	0.864897	0.803223	0.820479	0.813216	0.783934	0.839887	0.838168	0.764399	0.809896	0.847411	0.835624	0.825146	0.82185	0.863138	0.811422	0.860632	0.795988	0.879909	0.801926	0.803526	0.776712	0.841918	0.807588	0.850232	0.797845
oral_37	0.839549	0.802821	0.839054	0.856549	0.821452	0.840736	0.834807	0.823305	0.830658	0.822147	0.774091	0.802825	0.805151	0.829997	0.810056	0.786909	0.792234	0.79402	0.807074	0.833257	0.801227	0.769028	0.833203	0.772548	0.798461	0.82429	0.822932	0.818146	0.798141	0.810671	0.819886	0.830127	0.800607	0.808644	0.816932	0.82247	0	0.820662	0.805479	0.829566	0.811403	0.803124	0.83534	0.774966	0.83399	0.8569	0.756883	0.821291	0.847309	0.839934	0.818509	0.796972	0.792804	0.818449	0.79731	0.843002	0.812855	0.801919	0.830517	0.7928	0.81755	0.845619	0.816385	0.811028	0.811034	0.828019	0.721257	0.837468	0.787634	0.811656	0.829926	0.840073	0.820947	0.795525	0.806047	0.830212	0.810793	0.806266	0.858338	0.815886	0.749159	0.823536	0.810156	0.814254	0.824383	0.85241	0.76777	0.80733	0.791293	0.849836	0.824293	0.788634	0.819149	0.819007	0.78543	0.80139	0.777748	0.813728	0.796481	0.806387
oral_38	0.823794	0.772372	0.825277	0.859894	0.819293	0.813232	0.78691	0.788402	0.797054	0.787824	0.803519	0.771322	0.800514	0.826684	0.79473	0.807077	0.819686	0.810488	0.816826	0.828128	0.821228	0.823711	0.806576	0.805708	0.819892	0.788791	0.822812	0.793061	0.797362	0.801201	0.804744	0.808594	0.770215	0.85782	0.795171	0.838873	0.820662	0	0.799923	0.813539	0.783765	0.817484	0.821866	0.778876	0.789273	0.846668	0.851179	0.810646	0.797155	0.784557	0.771264	0.781582	0.79846	0.836444	0.829692	0.845807	0.811375	0.808494	0.805317	0.811544	0.797875	0.78155	0.803886	0.803792	0.778341	0.780349	0.804611	0.812149	0.820231	0.824175	0.786261	0.821865	0.812754	0.800897	0.826238	0.792236	0.809807	0.850325	0.794919	0.78807	0.822638	0.856393	0.805608	0.799979	0.809506	0.817313	0.826001	0.816773	0.816997	0.833745	0.776751	0.792459	0.834668	0.811967	0.849891	0.776724	0.848822	0.827631	0.840459	0.774366
oral_39	0.824433	0.781633	0.831391	0.819655	0.81329	0.798847	0.777016	0.781652	0.830432	0.795373	0.779539	0.802111	0.781659	0.746228	0.813703	0.778969	0.773313	0.795212	0.809878	0.814031	0.807316	0.826577	0.80824	0.798034	0.804191	0.803458	0.796809	0.753982	0.760803	0.781955	0.82326	0.823363	0.77696	0.782783	0.736409	0.814449	0.805479	0.799923	0	0.799387	0.830207	0.759283	0.777238	0.786376	0.795579	0.803528	0.76972	0.787569	0.794021	0.830554	0.763854	0.755539	0.772899	0.804215	0.831955	0.765333	0.786767	0.821463	0.795088	0.798815	0.784527	0.77945	0.783846	0.773877	0.837027	0.795367	0.81051	0.841188	0.767095	0.847848	0.786704	0.814119	0.769075	0.793815	0.809835	0.807743	0.814167	0.768305	0.826096	0.816377	0.835068	0.814392	0.797011	0.752821	0.83883	0.795793	0.813627	0.790726	0.810197	0.789651	0.833619	0.813604	0.80933	0.801868	0.826556	0.759904	0.817708	0.842903	0.817777	0.793644
oral_40	0.849881	0.799949	0.813231	0.857139	0.853892	0.775114	0.784678	0.839124	0.825008	0.808414	0.765992	0.798741	0.800303	0.832296	0.835981	0.823642	0.816945	0.818409	0.83552	0.822895	0.857217	0.833213	0.814707	0.811436	0.778112	0.780347	0.798664	0.818617	0.811831	0.828432	0.84216	0.791955	0.812927	0.847501	0.790872	0.800635	0.829566	0.813539	0.799387	0	0.847078	0.810066	0.80952	0.827227	0.804082	0.844501	0.817023	0.798052	0.83893	0.826101	0.813883	0.793788	0.776099	0.839925	0.850032	0.817666	0.844056	0.83419	0.828326	0.798381	0.844078	0.837498	0.826413	0.829412	0.802173	0.836567	0.826903	0.818519	0.811186	0.82387	0.783959	0.816665	0.736684	0.819737	0.765839	0.832405	0.838606	0.840093	0.822392	0.795527	0.85129	0.856317	0.781216	0.844195	0.867891	0.778517	0.776534	0.777247	0.803362	0.845937	0.796051	0.81888	0.848461	0.758355	0.801674	0.810598	0.825938	0.827025	0.820287	0.77949
oral_41	0.804276	0.797435	0.795947	0.816807	0.836316	0.779915	0.805178	0.860462	0.799373	0.819789	0.822986	0.826332	0.779547	0.802658	0.83164	0.82109	0.787351	0.80551	0.816878	0.822205	0.830676	0.816636	0.794196	0.824584	0.857336	0.790202	0.813017	0.774961	0.825289	0.834434	0.807519	0.844825	0.780406	0.84102	0.834411	0.828727	0.811403	0.783765	0.830207	0.847078	0	0.79529	0.839207	0.794277	0.799378	0.836181	0.844717	0.843747	0.787936	0.823677	0.769415	0.815938	0.801695	0.849676	0.847148	0.85627	0.844933	0.820148	0.767103	0.861339	0.79674	0.774939	0.78782	0.792741	0.80922	0.809684	0.811144	0.817731	0.806302	0.82854	0.805968	0.808066	0.826043	0.794869	0.782797	0.856996	0.827579	0.811322	0.846016	0.809313	0.822727	0.818336	0.824967	0.829191	0.822785	0.80477	0.800681	0.798591	0.813173	0.7979	0.820158	0.786684	0.823355	0.805544	0.838315	0.823071	0.833595	0.848123	0.829688	0.800361
oral_42	0.864049	0.787767	0.832557	0.804572	0.810437	0.792788	0.810715	0.785347	0.790357	0.804009	0.806122	0.802499	0.824201	0.839936	0.774405	0.787247	0.814217	0.81689	0.805818	0.820384	0.835059	0.810113	0.77547	0.827131	0.797638	0.817121	0.81075	0.832126	0.785446	0.812487	0.8092	0.841324	0.800691	0.770779	0.782137	0.796843	0.803124	0.817484	0.759283	0.810066	0.79529	0	0.772566	0.715963	0.785092	0.841435	0.772646	0.836923	0.806584	0.819404	0.749418	0.720724	0.747492	0.81712	0.842859	0.81855	0.821375	0.794123	0.797084	0.788988	0.788171	0.816751	0.792505	0.79887	0.819366	0.800469	0.785251	0.792065	0.799649	0.824788	0.800635	0.821839	0.777845	0.753249	0.799445	0.842255	0.807059	0.759584	0.813176	0.819088	0.851594	0.823573	0.798961	0.756193	0.809017	0.773761	0.822155	0.750446	0.835669	0.808794	0.773319	0.839488	0.816074	0.764555	0.823991	0.761271	0.821129	0.82519	0.795005	0.795682
oral_43	0.839246	0.806329	0.821889	0.817742	0.835358	0.820415	0.847739	0.804673	0.850741	0.808823	0.82439	0.796272	0.79301	0.828332	0.867316	0.859405	0.81232	0.869373	0.819909	0.857075	0.800497	0.800773	0.850229	0.84044	0.799307	0.78952	0.851136	0.806668	0.825755	0.80018	0.797035	0.838743	0.803353	0.874178	0.807315	0.811643	0.83534	0.821866	0.777238	0.80952	0.839207	0.772566	0	0.809771	0.788443	0.813579	0.78723	0.847053	0.837614	0.80857	0.835496	0.798457	0.792434	0.843511	0.832489	0.827604	0.810337	0.879903	0.846095	0.825699	0.804846	0.847737	0.832178	0.813716	0.809873	0.787171	0.838436	0.805449	0.843538	0.849632	0.765189	0.848514	0.788631	0.825046	0.85122	0.832777	0.84119	0.82736	0.814943	0.866715	0.820573	0.807297	0.801864	0.833303	0.861	0.819968	0.839905	0.823159	0.846487	0.836769	0.847258	0.809866	0.834463	0.812459	0.817239	0.816871	0.874152	0.813226	0.809015	0.796199
oral_44	0.809563	0.777414	0.818697	0.869585	0.8129	0.836199	0.816171	0.783181	0.78476	0.787788	0.755004	0.81664	0.79685	0.778118	0.787031	0.799289	0.793016	0.818944	0.804756	0.817304	0.807096	0.786082	0.807561	0.775054	0.779169	0.802908	0.794046	0.833763	0.807141	0.797386	0.8271	0.826124	0.803542	0.801104	0.782152	0.861114	0.774966	0.778876	0.786376	0.827227	0.794277	0.715963	0.809771	0	0.805809	0.806812	0.796339	0.822673	0.829542	0.773673	0.809477	0.761035	0.75879	0.789022	0.815605	0.786623	0.803335	0.807406	0.837333	0.779954	0.807526	0.799139	0.800096	0.813096	0.803991	0.820322	0.803021	0.798182	0.816142	0.827325	0.781671	0.801045	0.771964	0.785003	0.801402	0.807998	0.752526	0.802647	0.805265	0.829402	0.790363	0.80708	0.800527	0.804635	0.854399	0.813248	0.818226	0.801971	0.785921	0.800941	0.790034	0.761956	0.843436	0.774308	0.782266	0.748976	0.828082	0.792139	0.781046	0.819523
