SampleID	oral_1	oral_2	oral_3	oral_4	oral_5	oral_6	oral_7	oral_8	oral_9	oral_10	oral_11	oral_12	oral_13	oral_14	oral_15	oral_16	oral_17	oral_18	oral_19	oral_20	oral_21	oral_22	oral_23	oral_24	oral_25	oral_26	oral_27	oral_28	oral_29	oral_30	oral_31	oral_32	oral_33	oral_34	oral_35	oral_36	oral_37	oral_38	oral_39	oral_40	oral_41	oral_42	oral_43	oral_44	oral_45	oral_46	oral_47	oral_48	oral_49	oral_50	oral_51	oral_52	oral_53	oral_54	oral_55	oral_56	oral_57	oral_58	oral_59	oral_60	oral_61	oral_62	oral_63	oral_64	oral_65	oral_66	oral_67	oral_68	oral_69	oral_70	oral_71	oral_72	oral_73	oral_74	oral_75	oral_76	oral_77	oral_78	oral_79	oral_80	oral_81	oral_82	oral_83	oral_84	oral_85	oral_86	oral_87	oral_88	oral_89	oral_90	oral_91	oral_92	oral_93	oral_94	oral_95	oral_96	oral_97	oral_98	oral_99	oral_100
oral_1	0	0.800207	0.803702	0.859172	0.833913	0.804114	0.832577	0.819353	0.850487	0.818455	0.829643	0.836978	0.784995	0.845637	0.831677	0.820504	0.804176	0.820422	0.834109	0.866871	0.802785	0.777869	0.792143	0.818377	0.833063	0.798095	0.833902	0.814511	0.790935	0.831331	0.857421	0.807143	0.816176	0.812335	0.813748	0.778616	0.843169	0.827152	0.820967	0.85579	0.793158	0.870024	0.846386	0.801862	0.834133	0.776192	0.83565	0.794088	0.80111	0.840631	0.770855	0.818369	0.75161	0.833143	0.803727	0.823614	0.85396	0.866819	0.827049	0.804489	0.806595	0.815101	0.776479	0.77069	0.813441	0.809322	0.837034	0.855856	0.867777	0.84715	0.814289	0.837335	0.830137	0.780222	0.777444	0.859514	0.84777	0.835627	0.874183	0.851421	0.848653	0.833036	0.812899	0.805787	0.810877	0.818683	0.771382	0.798224	0.86008	0.806784	0.858478	0.821928	0.842842	0.748454	0.806117	0.809647	0.862365	0.836186	0.863836	0.788644
oral_2	0.800207	0	0.75307	0.767557	0.824714	0.815363	0.794517	0.790694	0.821472	0.764094	0.755149	0.793387	0.807683	0.769972	0.79289	0.786824	0.807116	0.785538	0.770431	0.798241	0.807848	0.800607	0.794379	0.762389	0.808892	0.815473	0.792972	0.808337	0.769106	0.781057	0.826898	0.809522	0.797471	0.774481	0.786552	0.748408	0.78671	0.760951	0.777733	0.788362	0.784903	0.774927	0.800481	0.763086	0.74255	0.82654	0.791154	0.778988	0.806798	0.804662	0.773794	0.759911	0.757258	0.766861	0.823907	0.800717	0.742797	0.755102	0.791078	0.794215	0.789061	0.779074	0.798043	0.737831	0.788079	0.771464	0.794587	0.803798	0.813612	0.827141	0.762679	0.829001	0.775544	0.776292	0.751104	0.85036	0.801832	0.770998	0.810864	0.814002	0.790278	0.819371	0.762445	0.772785	0.842814	0.828269	0.78533	0.788372	0.782407	0.81088	0.80307	0.771188	0.82472	0.763187	0.758484	0.734899	0.828328	0.815277	0.784323	0.768551
oral_3	0.803702	0.75307	0	0.856805	0.814305	0.796141	0.800047	0.845212	0.815299	0.822401	0.794018	0.80914	0.800775	0.794097	0.818343	0.799572	0.841769	0.878228	0.806993	0.84144	0.79543	0.863015	0.818198	0.819447	0.82593	0.793935	0.822926	0.849932	0.810282	0.786939	0.831689	0.849451	0.806437	0.823712	0.850259	0.815032	0.833169	0.825721	0.834815	0.811501	0.800312	0.822454	0.815304	0.811431	0.851175	0.770935	0.82892	0.840694	0.800872	0.823314	0.837093	0.796666	0.842057	0.804517	0.79185	0.839701	0.852343	0.834996	0.779918	0.834971	0.790451	0.840229	0.773065	0.800009	0.786655	0.769886	0.826553	0.784708	0.82349	0.842273	0.7685	0.785929	0.829514	0.819371	0.812661	0.848106	0.81606	0.785761	0.80331	0.776481	0.797231	0.792724	0.802797	0.82821	0.87303	0.834916	0.845965	0.815415	0.799221	0.838476	0.870637	0.802946	0.822487	0.834806	0.832589	0.784001	0.858582	0.800465	0.825629	0.810221
oral_4	0.859172	0.767557	0.856805	0	0.867969	0.866229	0.863882	0.840527	0.825648	0.828277	0.832619	0.839774	0.790515	0.82103	0.830351	0.784232	0.823218	0.861312	0.798121	0.860373	0.8357	0.828127	0.840063	0.832752	0.835376	0.766981	0.806354	0.812704	0.779813	0.879535	0.799067	0.866529	0.813451	0.83192	0.821515	0.802154	0.851229	0.862379	0.828588	0.863571	0.808412	0.811737	0.814727	0.869351	0.823986	0.842517	0.807061	0.754347	0.797994	0.832639	0.824446	0.817931	0.788288	0.807908	0.86278	0.837605	0.826569	0.838351	0.820192	0.848833	0.817249	0.842125	0.801469	0.749806	0.846986	0.821389	0.803787	0.821688	0.819507	0.857899	0.821057	0.857289	0.837149	0.82565	0.795543	0.89534	0.833645	0.853909	0.843999	0.813584	0.840118	0.884046	0.827275	0.833646	0.843116	0.835062	0.848912	0.848082	0.796316	0.84745	0.859472	0.860738	0.885507	0.784611	0.824278	0.825339	0.853232	0.848892	0.812076	0.820839
oral_5	0.833913	0.824714	0.814305	0.867969	0	0.815587	0.820941	0.830382	0.820211	0.790435	0.8142	0.846599	0.785892	0.780926	0.818148	0.809454	0.785453	0.833297	0.877605	0.847316	0.861661	0.870147	0.83252	0.756852	0.803623	0.802844	0.809545	0.848003	0.80253	0.821283	0.820939	0.805042	0.809004	0.848628	0.793898	0.863016	0.833136	0.82009	0.809047	0.846636	0.838983	0.81913	0.833077	0.805687	0.822757	0.868796	0.815758	0.797228	0.770533	0.817685	0.857911	0.847505	0.826835	0.87127	0.836882	0.826829	0.838443	0.848676	0.79573	0.821195	0.842425	0.81538	0.809348	0.786263	0.837238	0.818526	0.851302	0.839033	0.852305	0.795822	0.777929	0.889361	0.869654	0.830149	0.822705	0.832151	0.808579	0.86096	0.810759	0.843279	0.861983	0.87903	0.870878	0.797236	0.81569	0.761041	0.840668	0.786986	0.834902	0.859839	0.843328	0.83994	0.854502	0.795882	0.859966	0.825769	0.844424	0.836143	0.843013	0.755594
oral_6	0.804114	0.815363	0.796141	0.866229	0.815587	0	0.787211	0.800998	0.798274	0.783082	0.86199	0.781046	0.777376	0.783202	0.847796	0.822578	0.810727	0.863553	0.823137	0.843837	0.807124	0.836801	0.775507	0.820636	0.794556	0.853774	0.818279	0.821898	0.83322	0.793701	0.800057	0.788225	0.738306	0.778502	0.786398	0.81719	0.839809	0.792682	0.796221	0.782241	0.783705	0.795264	0.826682	0.844333	0.7821	0.819776	0.817981	0.86007	0.82462	0.769742	0.778898	0.786693	0.735402	0.851521	0.777893	0.792057	0.786062	0.807607	0.774352	0.810837	0.80323	0.794243	0.786732	0.791323	0.808107	0.831558	0.837606	0.801215	0.843224	0.794256	0.751473	0.849958	0.822728	0.794924	0.766935	0.838694	0.813959	0.80912	0.834926	0.829592	0.794409	0.835197	0.770899	0.799631	0.807473	0.714167	0.83092	0.784635	0.808443	0.766385	0.821088	0.804603	0.795587	0.814062	0.810673	0.826644	0.827024	0.787928	0.80756	0.789932
oral_7	0.832577	0.794517	0.800047	0.863882	0.820941	0.787211	0	0.786078	0.814134	0.784433	0.738945	0.804039	0.789342	0.770519	0.825508	0.7828	0.798391	0.845987	0.821468	0.812152	0.797592	0.790797	0.781332	0.784257	0.792006	0.761584	0.789849	0.766581	0.795981	0.799854	0.824222	0.813639	0.82139	0.830293	0.748913	0.760306	0.843125	0.788324	0.769246	0.792883	0.818015	0.811529	0.838858	0.811771	0.813648	0.804141	0.832713	0.830919	0.797637	0.841761	0.811418	0.789686	0.809687	0.817629	0.830494	0.808189	0.817228	0.771004	0.790983	0.786504	0.763408	0.767206	0.83881	0.797565	0.778621	0.798995	0.763174	0.805448	0.796371	0.810648	0.756318	0.770378	0.852391	0.826517	0.798897	0.840355	0.766716	0.808061	0.804067	0.80073	0.852987	0.815199	0.824972	0.797618	0.845621	0.80661	0.813062	0.708017	0.78988	0.772946	0.788407	0.806552	0.861653	0.719465	0.829368	0.809816	0.821537	0.856072	0.800612	0.805434
oral_8	0.819353	0.790694	0.845212	0.840527	0.830382	0.800998	0.786078	0	0.840496	0.811099	0.827661	0.839055	0.816792	0.792435	0.804555	0.775584	0.830443	0.802038	0.809506	0.807642	0.813435	0.805521	0.826175	0.794454	0.803067	0.825401	0.797456	0.814002	0.803975	0.790545	0.794186	0.819784	0.799674	0.818099	0.804781	0.816125	0.829677	0.794423	0.790856	0.830403	0.865915	0.791607	0.818564	0.797587	0.813774	0.833992	0.739513	0.755874	0.774839	0.84278	0.812984	0.780196	0.769973	0.840411	0.807157	0.808167	0.809351	0.811911	0.776202	0.806886	0.779992	0.816947	0.819912	0.78488	0.823548	0.787775	0.831681	0.839259	0.765103	0.815261	0.812554	0.812904	0.818892	0.796423	0.81076	0.828515	0.809726	0.786676	0.841965	0.804495	0.837094	0.828671	0.795892	0.779521	0.775374	0.782523	0.854278	0.791821	0.846708	0.801499	0.793629	0.822014	0.841398	0.76844	0.81598	0.778098	0.871116	0.772253	0.805732	0.815891
oral_9	0.850487	0.821472	0.815299	0.825648	0.820211	0.798274	0.814134	0.840496	0	0.797174	0.814114	0.812588	0.820082	0.792997	0.758459	0.786182	0.800566	0.843277	0.758523	0.812359	0.825113	0.852035	0.761578	0.813899	0.827186	0.81735	0.800777	0.866119	0.758414	0.828458	0.812082	0.787466	0.810027	0.842156	0.797465	0.790332	0.837602	0.809632	0.837301	0.824046	0.80316	0.778529	0.858693	0.804266	0.82534	0.841647	0.795392	0.810467	0.773668	0.781201	0.793896	0.785516	0.797972	0.831196	0.860488	0.839701	0.787819	0.806028	0.774711	0.792623	0.8108	0.79071	0.800641	0.802588	0.842347	0.798421	0.820231	0.793604	0.813886	0.843571	0.775798	0.812724	0.816569	0.813728	0.778333	0.826838	0.808778	0.842335	0.806192	0.784475	0.81291	0.861861	0.800649	0.796536	0.826352	0.813523	0.867829	0.812463	0.787971	0.823672	0.843955	0.798666	0.836053	0.816953	0.84631	0.784479	0.83089	0.814636	0.78766	0.795864
oral_10	0.818455	0.764094	0.822401	0.828277	0.790435	0.783082	0.784433	0.811099	0.797174	0	0.772154	0.729505	0.789384	0.779228	0.789955	0.807945	0.796355	0.8458	0.768021	0.794626	0.85201	0.793238	0.758386	0.807284	0.827034	0.774238	0.781158	0.800414	0.783928	0.821645	0.785757	0.761823	0.798837	0.787946	0.750606	0.779668	0.830196	0.789102	0.801785	0.812187	0.82255	0.799006	0.80052	0.789652	0.785255	0.790995	0.820551	0.821648	0.787473	0.794642	0.7835	0.742911	0.749862	0.807748	0.813783	0.800686	0.837004	0.806734	0.772611	0.820621	0.803755	0.828618	0.818539	0.782416	0.780578	0.796445	0.847253	0.800371	0.783728	0.814378	0.793134	0.832149	0.781447	0.809663	0.778721	0.836239	0.772484	0.769497	0.805947	0.811671	0.866969	0.835459	0.825389	0.786346	0.777688	0.790555	0.790511	0.793568	0.816248	0.825585	0.827636	0.794989	0.799965	0.798086	0.844824	0.768169	0.823748	0.824798	0.801436	0.807784
oral_11	0.829643	0.755149	0.794018	0.832619	0.8142	0.86199	0.738945	0.827661	0.814114	0.772154	0	0.835122	0.741824	0.777667	0.772815	0.774114	0.783508	0.822326	0.76909	0.801358	0.823236	0.841159	0.822031	0.735813	0.767025	0.791717	0.779105	0.81287	0.814502	0.798426	0.837636	0.812451	0.763163	0.818627	0.786929	0.817331	0.77927	0.803384	0.7834	0.756207	0.819257	0.801733	0.823607	0.752727	0.819988	0.786977	0.796378	0.811893	0.815863	0.806458	0.802212	0.760708	0.824132	0.799018	0.807895	0.778687	0.820535	0.806628	0.769197	0.767811	0.774213	0.791821	0.811862	0.785502	0.830171	0.788732	0.814534	0.850254	0.798203	0.786335	0.780364	0.767935	0.788939	0.803828	0.797813	0.789478	0.851118	0.782786	0.841729	0.841621	0.822922	0.800672	0.824534	0.78045	0.835094	0.83363	0.80574	0.791846	0.79973	0.790038	0.822364	0.754223	0.81295	0.79428	0.786856	0.800046	0.776449	0.828382	0.793896	0.831014
oral_12	0.836978	0.793387	0.80914	0.839774	0.846599	0.781046	0.804039	0.839055	0.812588	0.729505	0.835122	0	0.787089	0.800371	0.807609	0.816168	0.792129	0.828265	0.778345	0.806083	0.85903	0.800952	0.724229	0.827697	0.805392	0.771204	0.776292	0.831195	0.792619	0.801057	0.801791	0.812754	0.764291	0.81122	0.808272	0.808477	0.804306	0.778048	0.811444	0.79955	0.819268	0.798984	0.802948	0.822806	0.795066	0.769108	0.808608	0.822373	0.811429	0.805626	0.783538	0.750911	0.802325	0.80826	0.809826	0.829706	0.822056	0.811006	0.793264	0.790316	0.842127	0.818709	0.828562	0.820793	0.768603	0.853031	0.83357	0.824777	0.849147	0.829474	0.812247	0.816	0.821296	0.792341	0.796333	0.85149	0.803109	0.791351	0.807633	0.768902	0.847275	0.846601	0.764803	0.815953	0.866124	0.784794	0.804469	0.798853	0.829856	0.836718	0.80507	0.814107	0.775445	0.800364	0.796616	0.784907	0.83911	0.82899	0.773277	0.784193
oral_13	0.784995	0.807683	0.800775	0.790515	0.785892	0.777376	0.789342	0.816792	0.820082	0.789384	0.741824	0.787089	0	0.739958	0.789159	0.79918	0.762648	0.833375	0.802348	0.836547	0.808711	0.871613	0.821117	0.772397	0.805589	0.777893	0.766568	0.823627	0.800839	0.786773	0.775068	0.805923	0.779336	0.768863	0.724898	0.783848	0.796729	0.788203	0.780824	0.820369	0.769747	0.824395	0.789629	0.785438	0.817508	0.777268	0.779834	0.805317	0.788912	0.776036	0.836297	0.80364	0.793623	0.803327	0.84429	0.798907	0.834683	0.828187	0.797685	0.768695	0.806133	0.796183	0.725975	0.772903	0.8103	0.798304	0.811513	0.835724	0.77113	0.795889	0.766085	0.833447	0.856679	0.771946	0.791008	0.826088	0.789765	0.804705	0.825595	0.833266	0.795558	0.826361	0.811003	0.806214	0.779798	0.729613	0.824277	0.768889	0.820912	0.786486	0.814187	0.783129	0.776284	0.774523	0.821066	0.79275	0.795454	0.848581	0.778668	0.781974
oral_14	0.845637	0.769972	0.794097	0.82103	0.780926	0.783202	0.770519	0.792435	0.792997	0.779228	0.777667	0.800371	0.739958	0	0.818345	0.783675	0.803573	0.868838	0.819369	0.808282	0.823912	0.80916	0.849733	0.749857	0.772418	0.79217	0.749728	0.816627	0.793848	0.799559	0.786912	0.821999	0.787706	0.790653	0.786769	0.80275	0.824182	0.833672	0.750813	0.819401	0.793828	0.844056	0.828089	0.781516	0.798755	0.816325	0.795884	0.806116	0.822111	0.777254	0.839009	0.808383	0.817631	0.822074	0.814905	0.832498	0.806634	0.822257	0.788542	0.79692	0.80368	0.751785	0.771105	0.803522	0.823176	0.76481	0.806604	0.776281	0.812984	0.810217	0.806261	0.818766	0.804172	0.801871	0.805482	0.86091	0.808589	0.802018	0.804743	0.803721	0.827935	0.772989	0.793584	0.77308	0.845413	0.803317	0.79093	0.76006	0.797181	0.782524	0.80587	0.781982	0.788877	0.812228	0.780111	0.805595	0.805285	0.781093	0.829914	0.827031
oral_15	0.831677	0.79289	0.818343	0.830351	0.818148	0.847796	0.825508	0.804555	0.758459	0.789955	0.772815	0.807609	0.789159	0.818345	0	0.769472	0.798946	0.814332	0.804439	0.782402	0.821506	0.790153	0.736863	0.791854	0.844279	0.783325	0.787329	0.823603	0.773264	0.775196	0.828885	0.822005	0.786092	0.808317	0.788272	0.851165	0.823663	0.810465	0.826559	0.834462	0.836787	0.7557	0.866887	0.795854	0.821472	0.742296	0.845072	0.820745	0.77852	0.780534	0.776593	0.749047	0.808714	0.7952	0.827425	0.789974	0.821749	0.830609	0.757525	0.757604	0.79561	0.826948	0.758281	0.770897	0.82517	0.829388	0.793286	0.829286	0.761739	0.848769	0.746318	0.80494	0.760754	0.771231	0.719765	0.786736	0.829376	0.800954	0.838922	0.808075	0.81456	0.866053	0.79515	0.812493	0.794637	0.824976	0.825493	0.753962	0.77782	0.810914	0.837699	0.765547	0.756339	0.824059	0.816618	0.783972	0.837647	0.801231	0.781724	0.809773
oral_16	0.820504	0.786824	0.799572	0.784232	0.809454	0.822578	0.7828	0.775584	0.786182	0.807945	0.774114	0.816168	0.79918	0.783675	0.769472	0	0.807309	0.825102	0.835764	0.789252	0.784327	0.848897	0.810566	0.744438	0.80004	0.786394	0.799721	0.831876	0.712829	0.773097	0.772767	0.835526	0.736558	0.783597	0.807489	0.808422	0.784108	0.810827	0.777315	0.821177	0.811428	0.77882	0.865088	0.791924	0.792107	0.793783	0.782934	0.790287	0.779567	0.818539	0.766444	0.826447	0.816161	0.814475	0.827641	0.826591	0.801884	0.81696	0.818927	0.757843	0.791226	0.819502	0.797793	0.817265	0.804551	0.794183	0.761435	0.756839	0.821923	0.846802	0.811776	0.766634	0.806559	0.786336	0.723271	0.861256	0.783813	0.80775	0.813027	0.787751	0.807522	0.830313	0.774128	0.802578	0.820697	0.770407	0.786529	0.813988	0.764631	0.820269	0.831551	0.786923	0.828465	0.748881	0.799553	0.801664	0.850559	0.824934	0.820396	0.774805
oral_17	0.804176	0.807116	0.841769	0.823218	0.785453	0.810727	0.798391	0.830443	0.800566	0.796355	0.783508	0.792129	0.762648	0.803573	0.798946	0.807309	0	0.840514	0.815147	0.830714	0.847873	0.819156	0.783369	0.800458	0.789573	0.792441	0.827083	0.763066	0.812885	0.814828	0.758605	0.805189	0.786968	0.7898	0.807743	0.835564	0.801597	0.828759	0.768732	0.822131	0.783575	0.809734	0.821508	0.757777	0.845818	0.834392	0.828793	0.782697	0.78105	0.780269	0.832844	0.795395	0.746548	0.839744	0.84272	0.809057	0.801312	0.833098	0.761721	0.808418	0.833552	0.794193	0.77328	0.76228	0.786921	0.778426	0.807506	0.833954	0.798042	0.840469	0.804438	0.795395	0.811366	0.78721	0.762138	0.815076	0.837954	0.813726	0.848312	0.819218	0.811503	0.812642	0.826188	0.777676	0.806235	0.788385	0.834949	0.780026	0.812244	0.828232	0.824893	0.800336	0.833779	0.789959	0.843372	0.774307	0.782942	0.826439	0.80895	0.768158
oral_18	0.820422	0.785538	0.878228	0.861312	0.833297	0.863553	0.845987	0.802038	0.843277	0.8458	0.822326	0.828265	0.833375	0.868838	0.814332	0.825102	0.840514	0	0.826666	0.876603	0.864681	0.833034	0.826805	0.815965	0.873108	0.761247	0.846283	0.878003	0.82536	0.847192	0.819689	0.843403	0.826362	0.837827	0.81618	0.81186	0.81149	0.824087	0.820976	0.817785	0.824508	0.822629	0.872463	0.836424	0.847692	0.813436	0.809097	0.805755	0.789543	0.863157	0.847598	0.854052	0.78033	0.820845	0.848339	0.876656	0.837842	0.869808	0.810016	0.851249	0.845064	0.843244	0.831196	0.830356	0.883084	0.829309	0.852806	0.852311	0.818283	0.793139	0.837433	0.842494	0.823683	0.815128	0.837409	0.838927	0.852327	0.832083	0.868447	0.835751	0.862429	0.861462	0.85453	0.827023	0.836543	0.840929	0.861004	0.834746	0.837373	0.851265	0.843663	0.854938	0.850086	0.808436	0.831575	0.807917	0.862055	0.860422	0.842774	0.828801
oral_19	0.834109	0.770431	0.806993	0.798121	0.877605	0.823137	0.821468	0.809506	0.758523	0.768021	0.76909	0.778345	0.802348	0.819369	0.804439	0.835764	0.815147	0.826666	0	0.81209	0.870243	0.840062	0.82418	0.818869	0.79493	0.77707	0.798783	0.769045	0.814549	0.797066	0.800378	0.827865	0.775256	0.803665	0.812861	0.799422	0.797686	0.814535	0.821648	0.825802	0.823554	0.811909	0.818853	0.805956	0.834671	0.813555	0.77543	0.789336	0.824202	0.807657	0.803189	0.762769	0.781131	0.832886	0.806601	0.792272	0.855717	0.811257	0.765886	0.770842	0.815241	0.785912	0.831064	0.823822	0.802427	0.831398	0.787529	0.793855	0.837018	0.868908	0.754305	0.860653	0.810922	0.780328	0.812128	0.899762	0.749144	0.827205	0.84539	0.824876	0.82139	0.821991	0.797982	0.834507	0.864736	0.833054	0.789739	0.81649	0.766105	0.823447	0.827629	0.753886	0.873662	0.804951	0.841055	0.838355	0.862321	0.803762	0.802043	0.840229
oral_20	0.866871	0.798241	0.84144	0.860373	0.847316	0.843837	0.812152	0.807642	0.812359	0.794626	0.801358	0.806083	0.836547	0.808282	0.782402	0.789252	0.830714	0.876603	0.81209	0	0.864446	0.86417	0.833158	0.825199	0.810693	0.824475	0.811101	0.803556	0.792312	0.826474	0.82261	0.816924	0.805111	0.862448	0.824869	0.810282	0.849466	0.839913	0.824268	0.829074	0.834943	0.820832	0.862438	0.832068	0.839275	0.831509	0.865084	0.808563	0.767619	0.86024	0.813265	0.758045	0.801835	0.859357	0.871356	0.825006	0.873819	0.814706	0.807059	0.77474	0.783285	0.824916	0.804892	0.839159	0.826449	0.869158	0.824395	0.84943	0.835048	0.859452	0.820992	0.77349	0.828361	0.827614	0.833044	0.839833	0.769661	0.803585	0.816435	0.833784	0.839375	0.806307	0.834606	0.788387	0.840046	0.863029	0.827074	0.813952	0.845166	0.802843	0.86306	0.765772	0.821445	0.808608	0.814506	0.808636	0.817137	0.883984	0.848621	0.810829
oral_21	0.802785	0.807848	0.79543	0.8357	0.861661	0.807124	0.797592	0.813435	0.825113	0.85201	0.823236	0.85903	0.808711	0.823912	0.821506	0.784327	0.847873	0.864681	0.870243	0.864446	0	0.842258	0.846458	0.823198	0.831966	0.773004	0.773045	0.814288	0.82422	0.837843	0.835394	0.821241	0.836464	0.814923	0.842157	0.812234	0.786821	0.829701	0.805803	0.85579	0.845207	0.831467	0.797006	0.799796	0.820655	0.829892	0.766446	0.822122	0.828457	0.79482	0.853256	0.839171	0.816675	0.829444	0.846842	0.827716	0.842731	0.800449	0.844234	0.797736	0.791674	0.80981	0.830176	0.749698	0.846059	0.833737	0.815927	0.837142	0.83147	0.810649	0.818632	0.838477	0.814736	0.75626	0.790637	0.850293	0.858916	0.824763	0.831255	0.8047	0.838873	0.815978	0.858871	0.824527	0.865661	0.827158	0.802915	0.813165	0.842021	0.775415	0.835237	0.835785	0.807567	0.788872	0.782622	0.778882	0.828263	0.812715	0.813635	0.803408
oral_22	0.777869	0.800607	0.863015	0.828127	0.870147	0.836801	0.790797	0.805521	0.852035	0.793238	0.841159	0.800952	0.871613	0.80916	0.790153	0.848897	0.819156	0.833034	0.840062	0.86417	0.842258	0	0.745163	0.814696	0.833495	0.778642	0.81833	0.843396	0.81226	0.810173	0.771311	0.863914	0.827454	0.790068	0.782568	0.793857	0.786641	0.826824	0.839589	0.832219	0.819129	0.811488	0.799216	0.804596	0.811537	0.85462	0.820432	0.837969	0.840094	0.831751	0.779523	0.795149	0.769927	0.838848	0.792784	0.880054	0.800972	0.846514	0.832484	0.807416	0.82185	0.77761	0.827102	0.800082	0.79531	0.766916	0.837193	0.800954	0.806148	0.848958	0.834404	0.833388	0.813141	0.801482	0.822817	0.821598	0.841197	0.834966	0.830082	0.855314	0.857176	0.832778	0.759342	0.836591	0.821766	0.883267	0.857146	0.779715	0.83324	0.796806	0.826482	0.830244	0.862125	0.815174	0.805064	0.802927	0.888813	0.821803	0.8073	0.849022
oral_23	0.792143	0.794379	0.818198	0.840063	0.83252	0.775507	0.781332	0.826175	0.761578	0.758386	0.822031	0.724229	0.821117	0.849733	0.736863	0.810566	0.783369	0.826805	0.82418	0.833158	0.846458	0.745163	0	0.794505	0.828483	0.799589	0.799813	0.750559	0.782633	0.807278	0.81163	0.816134	0.747838	0.782099	0.788174	0.826089	0.831175	0.796247	0.806259	0.816239	0.790193	0.761835	0.84952	0.804619	0.817506	0.787394	0.827408	0.808552	0.823965	0.779133	0.781203	0.726819	0.797726	0.811637	0.800871	0.823059	0.82607	0.81163	0.798282	0.742021	0.812988	0.832016	0.815947	0.762719	0.810496	0.836253	0.816246	0.802529	0.795448	0.784465	0.746261	0.793239	0.802686	0.776896	0.720031	0.837888	0.783636	0.7632	0.804572	0.835093	0.800186	0.844183	0.76424	0.763378	0.810237	0.786107	0.825708	0.721131	0.789353	0.801083	0.777233	0.82804	0.772594	0.771675	0.821683	0.752298	0.839341	0.821978	0.7678	0.760125
oral_24	0.818377	0.762389	0.819447	0.832752	0.756852	0.820636	0.784257	0.794454	0.813899	0.807284	0.735813	0.827697	0.772397	0.749857	0.791854	0.744438	0.800458	0.815965	0.818869	0.825199	0.823198	0.814696	0.794505	0	0.818088	0.800146	0.785034	0.823355	0.772201	0.810768	0.81811	0.796181	0.755554	0.819877	0.797283	0.83294	0.766603	0.81143	0.793331	0.804827	0.808625	0.817594	0.834981	0.770829	0.773962	0.759724	0.812751	0.785663	0.780824	0.797582	0.823545	0.774189	0.801657	0.804929	0.845853	0.830551	0.828473	0.791472	0.770288	0.818337	0.815128	0.789262	0.779365	0.745827	0.802194	0.824239	0.810869	0.784425	0.803219	0.794529	0.77854	0.824773	0.772075	0.785033	0.778052	0.849746	0.839403	0.793159	0.842329	0.808714	0.825087	0.844553	0.802522	0.848527	0.812034	0.819249	0.845276	0.76714	0.798205	0.811258	0.810166	0.807397	0.782269	0.777383	0.769387	0.749689	0.8285	0.844794	0.748549	0.817026
oral_25	0.833063	0.808892	0.82593	0.835376	0.803623	0.794556	0.792006	0.803067	0.827186	0.827034	0.767025	0.805392	0.805589	0.772418	0.844279	0.80004	0.789573	0.873108	0.79493	0.810693	0.831966	0.833495	0.828483	0.818088	0	0.826353	0.822074	0.799634	0.82297	0.760631	0.811232	0.782101	0.77362	0.864654	0.818492	0.834564	0.810847	0.819769	0.815824	0.779942	0.857918	0.811114	0.795569	0.7951	0.8221	0.849751	0.746849	0.858292	0.795177	0.835346	0.80834	0.808199	0.812688	0.807161	0.838139	0.818331	0.761658	0.832287	0.803276	0.754668	0.763352	0.805096	0.837669	0.808195	0.84179	0.848515	0.761767	0.858565	0.836836	0.833796	0.778568	0.815026	0.842347	0.810207	0.819368	0.867702	0.826619	0.822892	0.831109	0.843047	0.836632	0.817299	0.806795	0.801996	0.805307	0.812042	0.81192	0.753569	0.833422	0.819934	0.829132	0.772702	0.809527	0.78798	0.796845	0.847276	0.827151	0.838917	0.848411	0.795956
oral_26	0.798095	0.815473	0.793935	0.766981	0.802844	0.853774	0.761584	0.825401	0.81735	0.774238	0.791717	0.771204	0.777893	0.79217	0.783325	0.786394	0.792441	0.761247	0.77707	0.824475	0.773004	0.778642	0.799589	0.800146	0.826353	0	0.798903	0.847556	0.734271	0.781356	0.769594	0.821797	0.78458	0.818998	0.784864	0.76701	0.818061	0.793587	0.816882	0.782062	0.786164	0.822879	0.788254	0.785926	0.80173	0.811136	0.771565	0.827304	0.784953	0.790774	0.802619	0.784498	0.801951	0.772986	0.775963	0.825732	0.777699	0.834486	0.785818	0.768131	0.774801	0.794519	0.798213	0.773145	0.750687	0.798804	0.785106	0.747973	0.8305	0.775296	0.788439	0.786781	0.827164	0.783174	0.800473	0.839084	0.789833	0.774659	0.837409	0.807307	0.805462	0.826813	0.795435	0.784426	0.834158	0.853743	0.804195	0.799033	0.811432	0.789586	0.857414	0.788411	0.878109	0.727016	0.798134	0.791683	0.787555	0.810005	0.797321	0.808477
oral_27	0.833902	0.792972	0.822926	0.806354	0.809545	0.818279	0.789849	0.797456	0.800777	0.781158	0.779105	0.776292	0.766568	0.749728	0.787329	0.799721	0.827083	0.846283	0.798783	0.811101	0.773045	0.81833	0.799813	0.785034	0.822074	0.798903	0	0.797733	0.787077	0.814693	0.797689	0.812456	0.75047	0.783583	0.814975	0.753294	0.816361	0.821113	0.793702	0.787452	0.815015	0.804237	0.846887	0.803053	0.837925	0.807057	0.772524	0.806061	0.834204	0.779531	0.784159	0.809658	0.754111	0.835927	0.820894	0.829697	0.824783	0.816209	0.787484	0.789529	0.805484	0.842634	0.779292	0.726608	0.806206	0.769181	0.812433	0.830535	0.807741	0.81966	0.791988	0.781726	0.782721	0.821638	0.793956	0.862563	0.801396	0.76327	0.81441	0.82981	0.828492	0.890267	0.79346	0.791821	0.838076	0.78851	0.755523	0.795337	0.834068	0.829158	0.82558	0.844033	0.837121	0.809831	0.749216	0.793966	0.803036	0.760107	0.822553	0.809973
oral_28	0.814511	0.808337	0.849932	0.812704	0.848003	0.821898	0.766581	0.814002	0.866119	0.800414	0.81287	0.831195	0.823627	0.816627	0.823603	0.831876	0.763066	0.878003	0.769045	0.803556	0.814288	0.843396	0.750559	0.823355	0.799634	0.847556	0.797733	0	0.801118	0.812406	0.859758	0.828725	0.775311	0.859191	0.800263	0.82483	0.824607	0.793782	0.760376	0.823763	0.791062	0.835202	0.823058	0.819247	0.823785	0.811122	0.855955	0.830592	0.803769	0.838411	0.811529	0.755871	0.830514	0.837137	0.803188	0.796386	0.818524	0.82184	0.802543	0.787669	0.807871	0.809782	0.819848	0.802207	0.79692	0.871699	0.772346	0.852937	0.810315	0.82761	0.818573	0.835054	0.837263	0.78771	0.816985	0.864642	0.855562	0.793383	0.846692	0.799494	0.84448	0.84448	0.856888	0.808541	0.858707	0.824009	0.799289	0.800099	0.779332	0.828376	0.833255	0.797522	0.82416	0.806374	0.845622	0.815733	0.785075	0.798219	0.761668	0.800015
oral_29	0.790935	0.769106	0.810282	0.779813	0.80253	0.83322	0.795981	0.803975	0.758414	0.783928	0.814502	0.792619	0.800839	0.793848	0.773264	0.712829	0.812885	0.82536	0.814549	0.792312	0.82422	0.81226	0.782633	0.772201	0.82297	0.734271	0.787077	0.801118	0	0.826552	0.806635	0.810869	0.802202	0.807569	0.805824	0.817076	0.794026	0.798272	0.772837	0.803139	0.817945	0.791441	0.833885	0.813715	0.834298	0.778651	0.766344	0.734061	0.821811	0.813073	0.76628	0.78625	0.789087	0.84306	0.786848	0.833207	0.783939	0.82901	0.799831	0.698547	0.830077	0.78448	0.805524	0.778448	0.835361	0.783564	0.774319	0.818242	0.795677	0.831607	0.844256	0.767022	0.830868	0.785503	0.768011	0.872313	0.759418	0.794271	0.835208	0.790953	0.836776	0.801887	0.78337	0.789045	0.846113	0.832163	0.80351	0.773524	0.759474	0.82484	0.809799	0.813713	0.830145	0.743903	0.854826	0.82124	0.788572	0.808642	0.774384	0.806704
oral_30	0.831331	0.781057	0.786939	0.879535	0.821283	0.793701	0.799854	0.790545	0.828458	0.821645	0.798426	0.801057	0.786773	0.799559	0.775196	0.773097	0.814828	0.847192	0.797066	0.826474	0.837843	0.810173	0.807278	0.810768	0.760631	0.781356	0.814693	0.812406	0.826552	0	0.835394	0.83678	0.77817	0.851109	0.7548	0.81771	0.818499	0.801993	0.782449	0.814245	0.829381	0.817709	0.79724	0.798748	0.75332	0.82785	0.832071	0.804017	0.801482	0.826205	0.780309	0.762222	0.832273	0.821478	0.827188	0.82026	0.797631	0.833814	0.801547	0.801612	0.798769	0.829552	0.814763	0.842489	0.822035	0.832836	0.745119	0.82262	0.822845	0.855135	0.769582	0.807939	0.816522	0.792419	0.771848	0.826932	0.825224	0.749317	0.817126	0.844737	0.822612	0.838744	0.794048	0.822162	0.853881	0.787265	0.844914	0.781444	0.805848	0.821743	0.842255	0.760649	0.829588	0.795645	0.814144	0.793291	0.844551	0.796957	0.814531	0.814076
oral_31	0.857421	0.826898	0.831689	0.799067	0.820939	0.800057	0.824222	0.794186	0.812082	0.785757	0.837636	0.801791	0.775068	0.786912	0.828885	0.772767	0.758605	0.819689	0.800378	0.82261	0.835394	0.771311	0.81163	0.81811	0.811232	0.769594	0.797689	0.859758	0.806635	0.835394	0	0.808665	0.771846	0.800229	0.809428	0.830727	0.815562	0.802687	0.828182	0.846678	0.819893	0.828493	0.80468	0.838351	0.847018	0.81177	0.804957	0.745106	0.767393	0.81322	0.803459	0.810009	0.773499	0.839168	0.758358	0.840083	0.819677	0.814007	0.805047	0.792002	0.803716	0.814893	0.761427	0.819711	0.810841	0.814677	0.823431	0.789143	0.818965	0.814477	0.818743	0.786741	0.817571	0.751441	0.788676	0.822817	0.809617	0.826238	0.793395	0.771322	0.78418	0.825872	0.771278	0.813426	0.785859	0.835189	0.814258	0.780788	0.811141	0.81794	0.833489	0.826707	0.866075	0.807276	0.815749	0.778433	0.795512	0.822944	0.785561	0.785991
oral_32	0.807143	0.809522	0.849451	0.866529	0.805042	0.788225	0.813639	0.819784	0.787466	0.761823	0.812451	0.812754	0.805923	0.821999	0.822005	0.835526	0.805189	0.843403	0.827865	0.816924	0.821241	0.863914	0.816134	0.796181	0.782101	0.821797	0.812456	0.828725	0.810869	0.83678	0.808665	0	0.805834	0.826725	0.818237	0.763243	0.821567	0.810698	0.823283	0.805589	0.855448	0.852851	0.845124	0.829955	0.840411	0.763691	0.834006	0.830872	0.769457	0.819694	0.836153	0.840399	0.795765	0.843482	0.855076	0.791607	0.830783	0.862933	0.779312	0.812377	0.826823	0.814161	0.829765	0.781523	0.831731	0.81117	0.827447	0.839972	0.854595	0.846934	0.800966	0.816987	0.802484	0.79916	0.841374	0.85388	0.780087	0.790186	0.846308	0.828591	0.833431	0.825373	0.801265	0.780379	0.805181	0.813459	0.800282	0.811763	0.804359	0.788425	0.882562	0.808962	0.822523	0.822665	0.803246	0.847157	0.809738	0.830085	0.852662	0.802044
oral_33	0.816176	0.797471	0.806437	0.813451	0.809004	0.738306	0.82139	0.799674	0.810027	0.798837	0.763163	0.764291	0.779336	0.787706	0.786092	0.736558	0.786968	0.826362	0.775256	0.805111	0.836464	0.827454	0.747838	0.755554	0.77362	0.78458	0.75047	0.775311	0.802202	0.77817	0.771846	0.805834	0	0.821526	0.776431	0.835445	0.798046	0.763313	0.786481	0.804844	0.785286	0.818251	0.807581	0.813054	0.804029	0.79049	0.796392	0.791213	0.798786	0.797131	0.813275	0.745866	0.768691	0.822468	0.839006	0.807617	0.836559	0.834185	0.79582	0.75521	0.792155	0.818727	0.805553	0.786314	0.747707	0.806089	0.738798	0.794831	0.798785	0.838385	0.787106	0.816571	0.812116	0.792567	0.778482	0.837862	0.791252	0.741001	0.834478	0.799524	0.827907	0.864504	0.724176	0.838874	0.81046	0.760996	0.834386	0.752194	0.81125	0.806392	0.83453	0.735691	0.745272	0.806503	0.805537	0.771191	0.80545	0.828948	0.799254	0.779063
oral_34	0.812335	0.774481	0.823712	0.83192	0.848628	0.778502	0.830293	0.818099	0.842156	0.787946	0.818627	0.81122	0.768863	0.790653	0.808317	0.783597	0.7898	0.837827	0.803665	0.862448	0.814923	0.790068	0.782099	0.819877	0.864654	0.818998	0.783583	0.859191	0.807569	0.851109	0.800229	0.826725	0.821526	0	0.81527	0.791651	0.802439	0.854233	0.78161	0.860805	0.826945	0.780398	0.873097	0.798298	0.811735	0.810329	0.817189	0.806327	0.833258	0.757089	0.801555	0.779342	0.791918	0.841903	0.845676	0.845749	0.802399	0.810409	0.820834	0.772543	0.826713	0.793281	0.754743	0.721347	0.815384	0.79536	0.817599	0.822048	0.833098	0.839035	0.828705	0.8537	0.853052	0.768081	0.792785	0.875861	0.751766	0.790996	0.813871	0.833479	0.837058	0.785374	0.815644	0.791074	0.836981	0.812731	0.783252	0.75041	0.808904	0.860177	0.83382	0.851393	0.758506	0.794815	0.751893	0.779739	0.839477	0.876524	0.80309	0.791094
oral_35	0.813748	0.786552	0.850259	0.821515	0.793898	0.786398	0.748913	0.804781	0.797465	0.750606	0.786929	0.808272	0.724898	0.786769	0.788272	0.807489	0.807743	0.81618	0.812861	0.824869	0.842157	0.782568	0.788174	0.797283	0.818492	0.784864	0.814975	0.800263	0.805824	0.7548	0.809428	0.818237	0.776431	0.81527	0	0.817915	0.823473	0.802021	0.749835	0.803947	0.839181	0.792531	0.802765	0.775289	0.800942	0.786115	0.812584	0.823707	0.787564	0.819905	0.83154	0.783726	0.798012	0.812003	0.829992	0.776497	0.766905	0.823396	0.784679	0.823908	0.74939	0.853976	0.748913	0.768886	0.85073	0.781487	0.814773	0.779322	0.796816	0.834808	0.780847	0.802634	0.769776	0.774583	0.795571	0.854413	0.783879	0.788261	0.851797	0.799234	0.815156	0.841847	0.764836	0.805729	0.840212	0.782858	0.860928	0.718119	0.805797	0.809281	0.830783	0.805039	0.78935	0.768641	0.821128	0.753983	0.86361	0.78211	0.75968	0.810936
oral_36	0.778616	0.748408	0.815032	0.802154	0.863016	0.81719	0.760306	0.816125	0.790332	0.779668	0.817331	0.808477	0.783848	0.80275	0.851165	0.808422	0.835564	0.81186	0.799422	0.810282	0.812234	0.793857	0.826089	0.83294	0.834564	0.76701	0.753294	0.82483	0.817076	0.81771	0.830727	0.763243	0.835445	0.791651	0.817915	0	0.81699	0.840027	0.815646	0.800993	0.824951	0.797307	0.800313	0.852519	0.798085	0.817421	0.797604	0.808775	0.842482	0.816177	0.801551	0.803971	0.80803	0.822066	0.784344	0.830178	0.833788	0.788746	0.792009	0.828698	0.792453	0.832966	0.824556	0.769142	0.778023	0.810587	0.817351	0.795138	0.790294	0.789013	0.784531	0.806996	0.800461	0.799021	0.82656	0.87362	0.795696	0.814251	0.813704	0.773146	0.851094	0.818678	0.763098	0.796975	0.840581	0.832549	0.822481	0.826968	0.861019	0.818448	0.850618	0.794148	0.871333	0.804616	0.791786	0.770416	0.844934	0.808156	0.842154	0.780238
oral_37	0.843169	0.78671	0.833169	0.851229	0.833136	0.839809	0.843125	0.829677	0.837602	0.830196	0.77927	0.804306	0.796729	0.824182	0.823663	0.784108	0.801597	0.81149	0.797686	0.849466	0.786821	0.786641	0.831175	0.766603	0.810847	0.818061	0.816361	0.824607	0.794026	0.818499	0.815562	0.821567	0.798046	0.802439	0.823473	0.81699	0	0.815578	0.808044	0.821415	0.810496	0.79941	0.822127	0.766124	0.833043	0.849945	0.769675	0.821857	0.850648	0.828192	0.817952	0.79198	0.800552	0.816783	0.793854	0.829076	0.80767	0.812867	0.832105	0.782036	0.818866	0.861698	0.802406	0.810898	0.803579	0.817131	0.730439	0.840125	0.793124	0.8214	0.827677	0.840319	0.821071	0.777635	0.802651	0.845964	0.808414	0.799739	0.855307	0.818792	0.750556	0.808419	0.797863	0.814359	0.83485	0.848704	0.771286	0.80147	0.793344	0.854017	0.809987	0.780157	0.822275	0.80239	0.766048	0.807239	0.79948	0.800206	0.77487	0.818148
oral_38	0.827152	0.760951	0.825721	0.862379	0.82009	0.792682	0.788324	0.794423	0.809632	0.789102	0.803384	0.778048	0.788203	0.833672	0.810465	0.810827	0.828759	0.824087	0.814535	0.839913	0.829701	0.826824	0.796247	0.81143	0.819769	0.793587	0.821113	0.793782	0.798272	0.801993	0.802687	0.810698	0.763313	0.854233	0.802021	0.840027	0.815578	0	0.808264	0.816738	0.777843	0.81808	0.825828	0.793027	0.77695	0.843918	0.841181	0.813444	0.802836	0.796101	0.762966	0.78708	0.799677	0.834553	0.81818	0.836008	0.81091	0.806748	0.814903	0.819101	0.799634	0.793752	0.807568	0.808757	0.775267	0.779929	0.809395	0.82269	0.82931	0.813214	0.786491	0.82958	0.8261	0.794873	0.828711	0.799539	0.815128	0.841114	0.791122	0.78749	0.843803	0.855099	0.797699	0.793353	0.797653	0.792676	0.81443	0.817386	0.80434	0.831055	0.786038	0.798611	0.823948	0.807545	0.845686	0.794384	0.85249	0.833097	0.838506	0.775793
oral_39	0.820967	0.777733	0.834815	0.828588	0.809047	0.796221	0.769246	0.790856	0.837301	0.801785	0.7834	0.811444	0.780824	0.750813	0.826559	0.777315	0.768732	0.820976	0.821648	0.824268	0.805803	0.839589	0.806259	0.793331	0.815824	0.816882	0.793702	0.760376	0.772837	0.782449	0.828182	0.823283	0.786481	0.78161	0.749835	0.815646	0.808044	0.808264	0	0.813276	0.831177	0.753424	0.780714	0.794024	0.803543	0.807389	0.791023	0.801737	0.803106	0.827501	0.77101	0.763374	0.761768	0.798806	0.832016	0.771283	0.784822	0.823454	0.793841	0.800917	0.779469	0.785906	0.787073	0.776926	0.836504	0.792063	0.807632	0.853705	0.789088	0.857023	0.795161	0.817399	0.77856	0.786811	0.812462	0.829048	0.832479	0.769694	0.835272	0.817149	0.832517	0.827609	0.792971	0.760701	0.854874	0.78956	0.809123	0.788798	0.821213	0.806039	0.83665	0.822248	0.817601	0.796791	0.827759	0.767742	0.816824	0.847324	0.82756	0.800698
oral_40	0.85579	0.788362	0.811501	0.863571	0.846636	0.782241	0.792883	0.830403	0.824046	0.812187	0.756207	0.79955	0.820369	0.819401	0.834462	0.821177	0.822131	0.817785	0.825802	0.829074	0.85579	0.832219	0.816239	0.804827	0.779942	0.782062	0.787452	0.823763	0.803139	0.814245	0.846678	0.805589	0.804844	0.860805	0.803947	0.800993	0.821415	0.816738	0.813276	0	0.851093	0.804177	0.809605	0.837697	0.825449	0.836816	0.807264	0.79192	0.837091	0.824902	0.81372	0.794046	0.77506	0.838167	0.83609	0.820997	0.840948	0.834271	0.833495	0.787189	0.847945	0.840381	0.81414	0.833841	0.81065	0.82957	0.823967	0.827351	0.816603	0.829851	0.793258	0.818684	0.75494	0.811678	0.757903	0.840695	0.849326	0.841001	0.820901	0.790184	0.853562	0.855619	0.771824	0.848286	0.87541	0.795241	0.783264	0.787212	0.799563	0.841244	0.791424	0.807305	0.865486	0.755306	0.79504	0.803741	0.835134	0.815136	0.827134	0.789092
oral_41	0.793158	0.784903	0.800312	0.808412	0.838983	0.783705	0.818015	0.865915	0.80316	0.82255	0.819257	0.819268	0.769747	0.793828	0.836787	0.811428	0.783575	0.824508	0.823554	0.834943	0.845207	0.819129	0.790193	0.808625	0.857918	0.786164	0.815015	0.791062	0.817945	0.829381	0.819893	0.855448	0.785286	0.826945	0.839181	0.824951	0.810496	0.777843	0.831177	0.851093	0	0.790057	0.839002	0.796815	0.795425	0.828211	0.8438	0.845894	0.791084	0.827011	0.768319	0.810193	0.791852	0.851772	0.86103	0.851228	0.84435	0.809754	0.776623	0.863237	0.805829	0.782396	0.781005	0.791272	0.800617	0.794146	0.827691	0.820487	0.815426	0.832976	0.805248	0.813257	0.826568	0.793484	0.790652	0.874439	0.8344	0.809112	0.853461	0.8075	0.837032	0.810681	0.821927	0.814622	0.819125	0.80452	0.781358	0.812813	0.81746	0.798146	0.815401	0.792754	0.80313	0.787432	0.813175	0.814365	0.846658	0.85499	0.832243	0.797796
oral_42	0.870024	0.774927	0.822454	0.811737	0.81913	0.795264	0.811529	0.791607	0.778529	0.799006	0.801733	0.798984	0.824395	0.844056	0.7557	0.77882	0.809734	0.822629	0.811909	0.820832	0.831467	0.811488	0.761835	0.817594	0.811114	0.822879	0.804237	0.835202	0.791441	0.817709	0.828493	0.852851	0.818251	0.780398	0.792531	0.797307	0.79941	0.81808	0.753424	0.804177	0.790057	0	0.780654	0.710576	0.787688	0.830136	0.779873	0.843893	0.807822	0.815807	0.726328	0.718955	0.757721	0.794161	0.833702	0.804667	0.821177	0.787063	0.782125	0.794635	0.771144	0.818632	0.790086	0.807953	0.811047	0.803458	0.793578	0.797983	0.776507	0.83807	0.783809	0.806312	0.775146	0.751426	0.791361	0.844478	0.810246	0.739739	0.810036	0.808434	0.852029	0.811497	0.792637	0.75796	0.821676	0.765072	0.825698	0.764984	0.836549	0.829109	0.770188	0.850704	0.807894	0.760577	0.816348	0.761188	0.811704	0.810189	0.785606	0.802999
oral_43	0.846386	0.800481	0.815304	0.814727	0.833077	0.826682	0.838858	0.818564	0.858693	0.80052	0.823607	0.802948	0.789629	0.828089	0.866887	0.865088	0.821508	0.872463	0.818853	0.862438	0.797006	0.799216	0.84952	0.834981	0.795569	0.788254	0.846887	0.823058	0.833885	0.79724	0.80468	0.845124	0.807581	0.873097	0.802765	0.800313	0.822127	0.825828	0.780714	0.809605	0.839002	0.780654	0	0.80931	0.787157	0.803741	0.781577	0.848022	0.833488	0.817397	0.846489	0.806496	0.781281	0.830171	0.825126	0.823753	0.802339	0.879214	0.851111	0.831558	0.797751	0.853991	0.829005	0.829311	0.811509	0.802295	0.845149	0.81353	0.843626	0.838222	0.77198	0.853181	0.76059	0.821635	0.849868	0.845483	0.826197	0.820409	0.824489	0.861088	0.81788	0.796557	0.797372	0.822257	0.871232	0.818034	0.836691	0.829942	0.844294	0.834467	0.837371	0.795784	0.818373	0.79194	0.812302	0.815264	0.878159	0.799693	0.803737	0.781941
