SampleID	skin_1	skin_2	skin_3	skin_4	skin_5	skin_6	skin_7	skin_8	skin_9	skin_10	skin_11	skin_12	skin_13	skin_14	skin_15	skin_16	skin_17	skin_18	skin_19	skin_20	skin_21	skin_22	skin_23	skin_24	skin_25	skin_26	skin_27	skin_28	skin_29	skin_30	skin_31	skin_32	skin_33	skin_34	skin_35	skin_36	skin_37	skin_38	skin_39	skin_40	skin_41	skin_42	skin_43	skin_44	skin_45	skin_46	skin_47	skin_48	skin_49	skin_50	skin_51	skin_52	skin_53	skin_54	skin_55	skin_56	skin_57	skin_58	skin_59	skin_60	skin_61	skin_62	skin_63	skin_64	skin_65	skin_66	skin_67	skin_68	skin_69	skin_70	skin_71	skin_72	skin_73	skin_74	skin_75	skin_76	skin_77	skin_78	skin_79	skin_80	skin_81	skin_82	skin_83	skin_84	skin_85	skin_86	skin_87	skin_88	skin_89	skin_90	skin_91	skin_92	skin_93	skin_94	skin_95	skin_96	skin_97	skin_98	skin_99	skin_100
skin_1	0	0.7787	0.816537	0.900518	0.89358	0.836953	0.815703	0.84818	0.874968	0.806247	0.842749	0.795271	0.873633	0.892448	0.831153	0.810742	0.905594	0.890424	0.824581	0.878495	0.839433	0.881202	0.815523	0.797587	0.840983	0.845409	0.826868	0.831354	0.890259	0.85126	0.864721	0.811183	0.82781	0.901165	0.911016	0.813857	0.828669	0.882069	0.868218	0.814769	0.913443	0.833403	0.853573	0.75639	0.795049	0.801815	0.831354	0.85081	0.766502	0.820562	0.865061	0.814616	0.807748	0.801432	0.808355	0.776735	0.873069	0.805197	0.836083	0.800173	0.878735	0.81553	0.861041	0.789468	0.786132	0.819959	0.864807	0.889787	0.845524	0.854896	0.92461	0.843808	0.777279	0.774482	0.894862	0.843916	0.836505	0.842142	0.853965	0.852145	0.818974	0.809289	0.82839	0.879717	0.891039	0.781954	0.755636	0.865598	0.810286	0.823838	0.837452	0.857469	0.891088	0.8473	0.886197	0.889546	0.829393	0.89392	0.875912	0.758309
skin_2	0.7787	0	0.846245	0.866132	0.888402	0.880917	0.844945	0.836759	0.846322	0.823316	0.800221	0.850632	0.811991	0.830788	0.789094	0.822193	0.911122	0.903531	0.786322	0.815685	0.785153	0.836126	0.846508	0.8367	0.825154	0.882397	0.771793	0.888138	0.869818	0.863145	0.933352	0.824701	0.762313	0.881744	0.885585	0.818153	0.851004	0.893516	0.827902	0.70488	0.888925	0.848084	0.824563	0.786542	0.85343	0.834092	0.746002	0.881109	0.858098	0.88133	0.868168	0.819901	0.87797	0.893332	0.886258	0.85691	0.853749	0.866668	0.795286	0.751387	0.824646	0.844449	0.918096	0.820414	0.798849	0.806765	0.872916	0.842763	0.877586	0.827326	0.876819	0.854484	0.879846	0.821267	0.852332	0.837084	0.903539	0.887352	0.909027	0.840832	0.813511	0.895893	0.80902	0.812048	0.836299	0.802244	0.878023	0.822653	0.798909	0.902467	0.785667	0.822462	0.853588	0.812099	0.877925	0.847066	0.845725	0.877665	0.863548	0.781047
skin_3	0.816537	0.846245	0	0.906906	0.900389	0.78932	0.80693	0.869541	0.917505	0.85516	0.85805	0.886307	0.87238	0.880669	0.842607	0.876459	0.854946	0.83281	0.879721	0.859521	0.847744	0.815356	0.85623	0.866551	0.839684	0.87513	0.858252	0.886292	0.859791	0.797385	0.883239	0.893746	0.886467	0.887148	0.922075	0.896873	0.804167	0.877012	0.869191	0.863649	0.897624	0.897878	0.917158	0.795668	0.863312	0.865499	0.874476	0.839373	0.833542	0.827408	0.883808	0.865153	0.796846	0.900453	0.856676	0.822312	0.824562	0.824676	0.865328	0.844396	0.89753	0.875677	0.884416	0.793389	0.816113	0.876744	0.93385	0.869903	0.909062	0.885042	0.905262	0.827273	0.839344	0.83248	0.866868	0.893725	0.850052	0.903088	0.931579	0.916964	0.842739	0.950356	0.865739	0.900352	0.916588	0.810179	0.791969	0.814954	0.844196	0.846297	0.851946	0.802564	0.915652	0.873482	0.876442	0.91	0.919841	0.878221	0.882435	0.878106
skin_4	0.900518	0.866132	0.906906	0	0.920742	0.882186	0.842245	0.920907	0.941436	0.836974	0.861388	0.899687	0.88685	0.861973	0.863309	0.879443	0.912095	0.938101	0.87495	0.883048	0.857368	0.893731	0.805661	0.91684	0.885184	0.851556	0.890866	0.879614	0.904754	0.869843	0.880872	0.82702	0.922966	0.869299	0.862601	0.864413	0.937491	0.904369	0.822013	0.872044	0.89999	0.903689	0.864801	0.897134	0.824985	0.878469	0.915697	0.878489	0.93654	0.903225	0.924502	0.909612	0.877655	0.860266	0.888718	0.809231	0.928665	0.90324	0.872806	0.889473	0.832588	0.863209	0.859604	0.857873	0.863732	0.843208	0.887947	0.887029	0.911158	0.865431	0.916406	0.866638	0.867208	0.889432	0.869708	0.912105	0.899463	0.870326	0.892232	0.881308	0.882446	0.913013	0.886177	0.89826	0.902244	0.901045	0.893922	0.871734	0.882889	0.926245	0.925597	0.835982	0.883751	0.888623	0.872743	0.829901	0.845188	0.914496	0.934447	0.843907
skin_5	0.89358	0.888402	0.900389	0.920742	0	0.890234	0.905327	0.895015	0.872463	0.865212	0.857136	0.892217	0.907672	0.884258	0.866473	0.90696	0.83026	0.862261	0.935834	0.909867	0.880254	0.789099	0.878523	0.909002	0.932359	0.855741	0.907605	0.854826	0.898829	0.86843	0.896076	0.908005	0.918761	0.93635	0.939858	0.864585	0.917883	0.925385	0.932399	0.80491	0.902437	0.91755	0.904009	0.897899	0.930115	0.888225	0.8995	0.898165	0.887746	0.863693	0.856227	0.894993	0.875816	0.863733	0.896692	0.909391	0.884498	0.903917	0.890424	0.888106	0.913663	0.907738	0.920543	0.90419	0.859191	0.887445	0.842552	0.845116	0.942641	0.750669	0.859898	0.889064	0.842243	0.901198	0.853824	0.932611	0.939656	0.943021	0.94941	0.902359	0.847915	0.869445	0.909986	0.863779	0.901387	0.914211	0.850151	0.848881	0.883071	0.916131	0.845226	0.872391	0.867316	0.879616	0.862145	0.940108	0.857258	0.924831	0.92047	0.858275
skin_6	0.836953	0.880917	0.78932	0.882186	0.890234	0	0.856869	0.860954	0.899209	0.857298	0.888812	0.852073	0.8905	0.881919	0.895686	0.814136	0.864831	0.900949	0.769503	0.85933	0.82004	0.884559	0.805792	0.870414	0.85416	0.893356	0.867376	0.881723	0.824244	0.84434	0.903808	0.87091	0.880315	0.872049	0.84735	0.878059	0.838116	0.874565	0.912615	0.810217	0.887578	0.890575	0.836788	0.780615	0.837078	0.847772	0.87838	0.855619	0.842537	0.897941	0.893841	0.844055	0.838166	0.87988	0.85232	0.8332	0.870642	0.832096	0.874603	0.869944	0.88503	0.824458	0.874141	0.788929	0.828366	0.842942	0.871021	0.88375	0.861003	0.784397	0.853676	0.88548	0.792237	0.871114	0.887555	0.819823	0.907817	0.905477	0.911004	0.857207	0.845397	0.90298	0.907002	0.883041	0.889045	0.859066	0.794643	0.816118	0.823858	0.854918	0.890989	0.851787	0.722295	0.806124	0.823825	0.923314	0.882307	0.861049	0.897237	0.895577
skin_7	0.815703	0.844945	0.80693	0.842245	0.905327	0.856869	0	0.840814	0.905815	0.838197	0.832461	0.840774	0.87922	0.861822	0.785009	0.811951	0.876702	0.838517	0.868953	0.731461	0.772143	0.880263	0.856348	0.869934	0.846873	0.849087	0.825965	0.81184	0.848996	0.757348	0.835882	0.789342	0.883687	0.882489	0.883135	0.861959	0.825402	0.840361	0.865237	0.860919	0.887531	0.804006	0.894611	0.782866	0.78774	0.866776	0.807367	0.789301	0.879247	0.811111	0.892999	0.784863	0.840363	0.818811	0.809062	0.838769	0.851277	0.797395	0.863137	0.81642	0.86301	0.828369	0.920982	0.73518	0.8343	0.867904	0.891262	0.86268	0.870574	0.818119	0.926573	0.856831	0.812038	0.819425	0.888681	0.852991	0.849686	0.866829	0.854849	0.831609	0.815182	0.841538	0.842402	0.901899	0.816594	0.780263	0.781961	0.867897	0.796987	0.892124	0.846669	0.792043	0.830021	0.800435	0.812471	0.871105	0.810227	0.899586	0.932642	0.861317
skin_8	0.84818	0.836759	0.869541	0.920907	0.895015	0.860954	0.840814	0	0.912666	0.878025	0.893789	0.93909	0.846376	0.893115	0.860005	0.877538	0.899418	0.870773	0.841823	0.90991	0.820487	0.91658	0.906154	0.826902	0.90656	0.808543	0.823786	0.886112	0.86361	0.892387	0.899137	0.876425	0.886397	0.780517	0.910472	0.873935	0.862915	0.815947	0.847231	0.794339	0.87503	0.923042	0.80483	0.813739	0.868101	0.86288	0.854545	0.847707	0.888263	0.882588	0.886679	0.871517	0.84704	0.858595	0.877387	0.847963	0.889705	0.820946	0.817272	0.874629	0.882351	0.851119	0.916288	0.88713	0.848734	0.876116	0.83815	0.911117	0.909288	0.864661	0.923413	0.823385	0.883314	0.912843	0.838373	0.878931	0.87362	0.853542	0.905968	0.864759	0.874384	0.909156	0.905272	0.853148	0.862469	0.844786	0.801947	0.839177	0.827611	0.887315	0.885898	0.912804	0.865814	0.757159	0.903445	0.863564	0.918997	0.850723	0.918865	0.864656
skin_9	0.874968	0.846322	0.917505	0.941436	0.872463	0.899209	0.905815	0.912666	0	0.855715	0.864507	0.897958	0.926686	0.899555	0.909229	0.842612	0.840591	0.804072	0.912206	0.789981	0.910574	0.882734	0.903002	0.918367	0.914446	0.923136	0.894165	0.956015	0.896053	0.92921	0.911268	0.922508	0.919647	0.904391	0.878803	0.912639	0.911576	0.894209	0.856157	0.844531	0.945659	0.835499	0.945204	0.894539	0.865695	0.846461	0.93208	0.896451	0.835003	0.845767	0.889155	0.885703	0.884121	0.895036	0.827967	0.924747	0.947985	0.812545	0.851821	0.865444	0.954178	0.86543	0.849616	0.896816	0.918696	0.855994	0.937551	0.926836	0.832407	0.879225	0.935531	0.879942	0.904911	0.875829	0.84308	0.878251	0.888218	0.872016	0.830931	0.87917	0.875786	0.876725	0.833757	0.844804	0.90711	0.863596	0.915151	0.832045	0.886628	0.908184	0.899987	0.907162	0.885289	0.893281	0.902716	0.901244	0.944478	0.872945	0.885573	0.817791
skin_10	0.806247	0.823316	0.85516	0.836974	0.865212	0.857298	0.838197	0.878025	0.855715	0	0.864287	0.834102	0.898915	0.810182	0.837544	0.844998	0.83178	0.89232	0.839096	0.812227	0.858296	0.883118	0.823988	0.841023	0.795579	0.922197	0.887288	0.883104	0.858077	0.838274	0.858438	0.856507	0.903609	0.925469	0.857173	0.850044	0.859024	0.899806	0.866744	0.816413	0.894211	0.901506	0.84679	0.802423	0.867905	0.878316	0.851545	0.824136	0.838306	0.871262	0.791312	0.81467	0.784129	0.85954	0.879973	0.794227	0.93933	0.845421	0.857144	0.820391	0.846372	0.809895	0.922301	0.805907	0.815982	0.800781	0.88749	0.819463	0.882171	0.788029	0.935277	0.854258	0.826011	0.808164	0.863112	0.876038	0.90766	0.9006	0.856363	0.851936	0.77234	0.853735	0.893954	0.896217	0.896337	0.837144	0.787405	0.872859	0.8417	0.932387	0.869891	0.823608	0.906693	0.829795	0.869861	0.890537	0.85037	0.835949	0.867132	0.850121
skin_11	0.842749	0.800221	0.85805	0.861388	0.857136	0.888812	0.832461	0.893789	0.864507	0.864287	0	0.851161	0.861102	0.786639	0.826457	0.845056	0.830278	0.84596	0.852248	0.813651	0.825209	0.859707	0.814574	0.805856	0.888363	0.859794	0.814105	0.867504	0.817928	0.859349	0.880419	0.802408	0.842905	0.865418	0.860942	0.847405	0.865262	0.884311	0.83112	0.845877	0.836528	0.793901	0.888705	0.815181	0.893607	0.902528	0.859314	0.843324	0.844905	0.83751	0.872118	0.866868	0.750989	0.865918	0.788637	0.910498	0.878186	0.843284	0.841248	0.832033	0.86185	0.832405	0.91055	0.862261	0.826867	0.83919	0.789562	0.867655	0.909458	0.841806	0.858588	0.870909	0.800676	0.850964	0.855788	0.832057	0.946457	0.829688	0.773222	0.839752	0.817683	0.886163	0.858077	0.868178	0.815605	0.842294	0.886087	0.862724	0.850699	0.908064	0.802543	0.824597	0.875687	0.825326	0.840079	0.811253	0.820835	0.841512	0.902677	0.887061
skin_12	0.795271	0.850632	0.886307	0.899687	0.892217	0.852073	0.840774	0.93909	0.897958	0.834102	0.851161	0	0.875855	0.834141	0.903782	0.827082	0.875122	0.874488	0.877779	0.84409	0.865146	0.900863	0.869231	0.859874	0.897866	0.844225	0.913506	0.840384	0.863798	0.853937	0.897225	0.848886	0.853795	0.941634	0.904148	0.839209	0.8296	0.839489	0.856041	0.840427	0.873665	0.813395	0.89214	0.813153	0.776208	0.847914	0.910685	0.915731	0.832907	0.873876	0.889932	0.897974	0.829951	0.893896	0.862324	0.883813	0.860959	0.873719	0.810485	0.809713	0.88832	0.877215	0.939923	0.803607	0.849839	0.895191	0.926901	0.854643	0.909619	0.857435	0.905538	0.888321	0.823822	0.861166	0.872187	0.897148	0.849921	0.935516	0.864577	0.863575	0.893731	0.925768	0.890884	0.946932	0.893235	0.816932	0.840224	0.832384	0.874918	0.83478	0.872383	0.857233	0.900719	0.831604	0.842545	0.888238	0.884413	0.914782	0.880731	0.869067
skin_13	0.873633	0.811991	0.87238	0.88685	0.907672	0.8905	0.87922	0.846376	0.926686	0.898915	0.861102	0.875855	0	0.863488	0.913179	0.898643	0.895069	0.789795	0.906245	0.890223	0.86596	0.787809	0.835916	0.805447	0.911081	0.858622	0.848775	0.860177	0.849182	0.920382	0.898008	0.892563	0.882443	0.869995	0.910907	0.836614	0.877015	0.860995	0.860798	0.841369	0.865291	0.854226	0.904161	0.861157	0.869519	0.875686	0.90496	0.84143	0.833344	0.903686	0.817799	0.888115	0.815446	0.878382	0.861368	0.821961	0.894222	0.851387	0.822121	0.837044	0.820708	0.764399	0.892212	0.900719	0.837994	0.792206	0.85651	0.865627	0.887687	0.867221	0.935917	0.878465	0.864865	0.806497	0.893923	0.817206	0.858133	0.937944	0.88512	0.895172	0.777485	0.893619	0.848159	0.841389	0.838054	0.913689	0.854984	0.916612	0.848109	0.867985	0.830449	0.898371	0.874136	0.78235	0.858499	0.834168	0.851048	0.874291	0.817373	0.866815
skin_14	0.892448	0.830788	0.880669	0.861973	0.884258	0.881919	0.861822	0.893115	0.899555	0.810182	0.786639	0.834141	0.863488	0	0.829632	0.819531	0.899619	0.834046	0.763447	0.873221	0.87309	0.844681	0.805041	0.897982	0.88078	0.850181	0.852025	0.817259	0.893092	0.870877	0.841483	0.894383	0.858877	0.894717	0.906121	0.83844	0.914544	0.861937	0.870524	0.749265	0.891134	0.891301	0.895136	0.878111	0.872992	0.853491	0.906785	0.791209	0.938354	0.923375	0.854692	0.881038	0.891784	0.888118	0.899752	0.889253	0.920869	0.854239	0.873328	0.809431	0.886348	0.798877	0.820171	0.813999	0.9073	0.826146	0.881061	0.904216	0.856355	0.788304	0.900958	0.90398	0.815823	0.870045	0.946976	0.903663	0.904976	0.885031	0.896415	0.878813	0.854205	0.899599	0.927053	0.924023	0.903516	0.836207	0.781529	0.837443	0.85199	0.953936	0.817571	0.867514	0.884132	0.785402	0.860943	0.854186	0.854584	0.878581	0.875955	0.889515
skin_15	0.831153	0.789094	0.842607	0.863309	0.866473	0.895686	0.785009	0.860005	0.909229	0.837544	0.826457	0.903782	0.913179	0.829632	0	0.808688	0.900459	0.87153	0.801701	0.843038	0.830749	0.847841	0.812754	0.854545	0.825953	0.877001	0.858947	0.834492	0.847314	0.861043	0.889283	0.853157	0.841165	0.878219	0.848694	0.816241	0.879741	0.790835	0.883151	0.848071	0.859386	0.887598	0.835609	0.807612	0.853934	0.788757	0.792679	0.863826	0.880125	0.850867	0.83399	0.842281	0.833115	0.904343	0.867524	0.858835	0.85961	0.859505	0.871885	0.795207	0.847792	0.857233	0.938799	0.841697	0.831397	0.812818	0.839632	0.856209	0.856588	0.866118	0.878377	0.892379	0.813803	0.864031	0.856679	0.812615	0.849895	0.887796	0.912892	0.875521	0.86987	0.874927	0.82499	0.884345	0.867234	0.814521	0.842138	0.863254	0.819509	0.922925	0.801109	0.849098	0.83852	0.804111	0.820952	0.847197	0.855645	0.855533	0.858013	0.781861
skin_16	0.810742	0.822193	0.876459	0.879443	0.90696	0.814136	0.811951	0.877538	0.842612	0.844998	0.845056	0.827082	0.898643	0.819531	0.808688	0	0.891129	0.84269	0.822971	0.822879	0.834328	0.822388	0.806573	0.838899	0.914023	0.849389	0.874869	0.890913	0.90724	0.904875	0.906	0.884995	0.868079	0.885875	0.914572	0.890571	0.896695	0.856853	0.878285	0.870425	0.842451	0.860338	0.862465	0.829494	0.818191	0.854392	0.877231	0.885058	0.892216	0.870656	0.825197	0.876656	0.808969	0.878889	0.830731	0.836498	0.906813	0.793913	0.844409	0.809398	0.915455	0.862123	0.950319	0.801007	0.863753	0.864466	0.894439	0.811993	0.860589	0.808549	0.91271	0.773166	0.815807	0.910002	0.870053	0.862323	0.885288	0.881634	0.887402	0.883671	0.811454	0.874226	0.887372	0.885339	0.874292	0.876241	0.737587	0.882216	0.851704	0.881127	0.866577	0.827124	0.879277	0.826089	0.865197	0.832194	0.813243	0.89168	0.922453	0.874439
skin_17	0.905594	0.911122	0.854946	0.912095	0.83026	0.864831	0.876702	0.899418	0.840591	0.83178	0.830278	0.875122	0.895069	0.899619	0.900459	0.891129	0	0.830131	0.843368	0.854288	0.812122	0.870242	0.867791	0.801178	0.85898	0.851219	0.893178	0.882695	0.885485	0.826225	0.895631	0.835875	0.9124	0.823802	0.952983	0.879262	0.887611	0.914431	0.876532	0.821888	0.911194	0.887856	0.9361	0.851414	0.844661	0.841992	0.918106	0.888019	0.864846	0.879987	0.850664	0.920559	0.833982	0.895934	0.845107	0.918153	0.882259	0.83478	0.865488	0.903994	0.867357	0.869161	0.873887	0.877687	0.88213	0.884304	0.913091	0.894328	0.918357	0.83795	0.888356	0.823869	0.811479	0.840219	0.829185	0.878542	0.921091	0.825852	0.89693	0.794018	0.856837	0.841253	0.881655	0.923262	0.919793	0.866927	0.913187	0.863026	0.88035	0.909404	0.922014	0.859472	0.879651	0.905426	0.874323	0.900995	0.853016	0.7358	0.887523	0.854629
skin_18	0.890424	0.903531	0.83281	0.938101	0.862261	0.900949	0.838517	0.870773	0.804072	0.89232	0.84596	0.874488	0.789795	0.834046	0.87153	0.84269	0.830131	0	0.87455	0.889552	0.919306	0.848482	0.88938	0.898788	0.946565	0.882048	0.89709	0.834403	0.8949	0.895066	0.893953	0.889429	0.924651	0.833351	0.940029	0.92771	0.860361	0.9096	0.86576	0.905979	0.920507	0.90794	0.881817	0.895782	0.859992	0.865929	0.915187	0.871058	0.862015	0.875693	0.871317	0.834935	0.886211	0.940509	0.930618	0.89354	0.847627	0.851424	0.850592	0.940207	0.897003	0.893142	0.861533	0.882375	0.843882	0.87935	0.903659	0.887044	0.909523	0.846749	0.894129	0.850436	0.896349	0.882183	0.940542	0.874535	0.879425	0.921307	0.894846	0.894256	0.870923	0.89558	0.937155	0.909871	0.906108	0.908661	0.836711	0.881307	0.867513	0.946864	0.869194	0.899706	0.915529	0.887755	0.856758	0.796685	0.90976	0.800314	0.923797	0.811403
skin_19	0.824581	0.786322	0.879721	0.87495	0.935834	0.769503	0.868953	0.841823	0.912206	0.839096	0.852248	0.877779	0.906245	0.763447	0.801701	0.822971	0.843368	0.87455	0	0.875335	0.83906	0.870957	0.856114	0.804929	0.864208	0.875813	0.848033	0.862979	0.836884	0.843636	0.863862	0.831066	0.836584	0.87773	0.897887	0.846943	0.887067	0.88135	0.8133	0.758985	0.852659	0.864155	0.86273	0.769947	0.862138	0.850132	0.849262	0.788259	0.826491	0.916015	0.859058	0.845287	0.849628	0.88176	0.901947	0.884856	0.856165	0.838083	0.848312	0.808195	0.896342	0.826862	0.82363	0.857556	0.882928	0.863208	0.908857	0.862519	0.868824	0.83877	0.907035	0.856619	0.833374	0.848294	0.864926	0.846978	0.885617	0.892093	0.851137	0.822037	0.876251	0.912242	0.927956	0.881432	0.870417	0.842821	0.890284	0.889886	0.852394	0.923848	0.886869	0.912271	0.835685	0.76509	0.849972	0.887708	0.800666	0.898353	0.854812	0.890958
skin_20	0.878495	0.815685	0.859521	0.883048	0.909867	0.85933	0.731461	0.90991	0.789981	0.812227	0.813651	0.84409	0.890223	0.873221	0.843038	0.822879	0.854288	0.889552	0.875335	0	0.822657	0.864293	0.831862	0.886916	0.864837	0.881889	0.866321	0.870137	0.861011	0.871271	0.815543	0.888347	0.91316	0.902797	0.921649	0.86905	0.869139	0.919819	0.885643	0.856555	0.88482	0.803833	0.900722	0.837356	0.832585	0.846146	0.911522	0.882689	0.823788	0.814445	0.913226	0.797053	0.865672	0.800996	0.822858	0.807829	0.906781	0.837048	0.785693	0.907245	0.917878	0.834029	0.86044	0.850109	0.747874	0.787093	0.883347	0.853669	0.83136	0.862418	0.922887	0.887583	0.824131	0.81839	0.814846	0.868717	0.886351	0.883702	0.841855	0.835896	0.849738	0.781222	0.852573	0.896277	0.90339	0.853816	0.845194	0.814307	0.831159	0.904045	0.913504	0.841775	0.876273	0.813634	0.845725	0.83888	0.838295	0.883237	0.943907	0.786882
skin_21	0.839433	0.785153	0.847744	0.857368	0.880254	0.82004	0.772143	0.820487	0.910574	0.858296	0.825209	0.865146	0.86596	0.87309	0.830749	0.834328	0.812122	0.919306	0.83906	0.822657	0	0.827291	0.812651	0.756842	0.814659	0.767491	0.78188	0.815294	0.823655	0.811544	0.816643	0.828983	0.824102	0.861792	0.90321	0.884078	0.904565	0.871008	0.861902	0.845226	0.927463	0.841133	0.849632	0.751353	0.874011	0.869026	0.747783	0.820557	0.845571	0.847315	0.903248	0.867566	0.849101	0.877547	0.7998	0.849448	0.860943	0.828649	0.789113	0.819441	0.881871	0.908156	0.881826	0.837093	0.824444	0.852767	0.896243	0.836153	0.853946	0.86376	0.931033	0.842335	0.870887	0.832657	0.882274	0.847207	0.886722	0.851553	0.844554	0.843563	0.796858	0.872308	0.857057	0.893399	0.866783	0.798529	0.828608	0.894989	0.828171	0.886812	0.894199	0.850153	0.821102	0.82575	0.818583	0.925164	0.848527	0.877367	0.948661	0.885786
skin_22	0.881202	0.836126	0.815356	0.893731	0.789099	0.884559	0.880263	0.91658	0.882734	0.883118	0.859707	0.900863	0.787809	0.844681	0.847841	0.822388	0.870242	0.848482	0.870957	0.864293	0.827291	0	0.812524	0.886272	0.915644	0.85687	0.810416	0.853605	0.883606	0.841234	0.941782	0.868037	0.90808	0.889989	0.906171	0.856678	0.81847	0.90514	0.822804	0.835651	0.879154	0.887389	0.895185	0.857438	0.833334	0.839467	0.882384	0.822085	0.874105	0.880994	0.824052	0.832935	0.898951	0.893639	0.880479	0.863376	0.853211	0.868001	0.837674	0.874315	0.934212	0.829869	0.917296	0.864342	0.830435	0.827972	0.900088	0.869464	0.905546	0.816466	0.877783	0.840185	0.840589	0.87569	0.91452	0.821619	0.9207	0.927506	0.923524	0.842343	0.804897	0.867242	0.833311	0.886163	0.861186	0.894643	0.8257	0.878778	0.848187	0.870354	0.856131	0.877897	0.86794	0.821706	0.844761	0.887341	0.818092	0.890941	0.894088	0.872312
skin_23	0.815523	0.846508	0.85623	0.805661	0.878523	0.805792	0.856348	0.906154	0.903002	0.823988	0.814574	0.869231	0.835916	0.805041	0.812754	0.806573	0.867791	0.88938	0.856114	0.831862	0.812651	0.812524	0	0.841096	0.87331	0.880066	0.873117	0.842335	0.859789	0.915635	0.919865	0.809312	0.848246	0.92652	0.852463	0.835482	0.933008	0.892724	0.898262	0.85633	0.897014	0.835801	0.856474	0.760779	0.857173	0.843958	0.821038	0.867232	0.878455	0.841125	0.85951	0.890284	0.815403	0.860417	0.856001	0.820305	0.941714	0.887245	0.796301	0.825949	0.852779	0.842557	0.8564	0.867073	0.835372	0.851269	0.877613	0.838382	0.880382	0.876939	0.900201	0.892821	0.811068	0.854808	0.881657	0.872638	0.917869	0.846588	0.903868	0.89736	0.805543	0.919599	0.897936	0.849783	0.937568	0.875604	0.812856	0.849774	0.850869	0.859492	0.832866	0.892341	0.89644	0.809839	0.857587	0.839133	0.813398	0.883692	0.891253	0.8736
skin_24	0.797587	0.8367	0.866551	0.91684	0.909002	0.870414	0.869934	0.826902	0.918367	0.841023	0.805856	0.859874	0.805447	0.897982	0.854545	0.838899	0.801178	0.898788	0.804929	0.886916	0.756842	0.886272	0.841096	0	0.884026	0.762945	0.841535	0.893732	0.750865	0.88309	0.91164	0.826664	0.893152	0.879456	0.883328	0.807479	0.812219	0.895233	0.81357	0.842051	0.901474	0.868617	0.872691	0.788032	0.841643	0.871207	0.808108	0.850797	0.831399	0.857647	0.834963	0.867095	0.780383	0.903016	0.862299	0.851291	0.840088	0.855255	0.862835	0.873227	0.852841	0.790573	0.936683	0.840169	0.798142	0.8482	0.874549	0.820773	0.849382	0.888969	0.918055	0.82947	0.861985	0.803844	0.821052	0.872501	0.852611	0.881082	0.872795	0.873452	0.812223	0.919795	0.843128	0.802816	0.901275	0.812446	0.853927	0.852217	0.862202	0.858799	0.865247	0.875515	0.939235	0.785585	0.864349	0.835911	0.848803	0.760138	0.909472	0.76766
skin_25	0.840983	0.825154	0.839684	0.885184	0.932359	0.85416	0.846873	0.90656	0.914446	0.795579	0.888363	0.897866	0.911081	0.88078	0.825953	0.914023	0.85898	0.946565	0.864208	0.864837	0.814659	0.915644	0.87331	0.884026	0	0.85749	0.890239	0.932935	0.880775	0.833849	0.936985	0.87683	0.924138	0.911026	0.927802	0.907666	0.942483	0.943817	0.924371	0.903026	0.891941	0.927658	0.897633	0.85544	0.904045	0.869796	0.923417	0.919997	0.811725	0.919376	0.88901	0.878885	0.872428	0.826726	0.87458	0.853358	0.873298	0.876199	0.897719	0.818213	0.881105	0.911198	0.863268	0.881423	0.889844	0.869861	0.877879	0.916025	0.908878	0.850737	0.843135	0.864674	0.855288	0.89285	0.923279	0.887011	0.908681	0.883159	0.917392	0.888696	0.873107	0.880601	0.922588	0.87037	0.986437	0.86906	0.85237	0.857237	0.837416	0.946465	0.904978	0.878236	0.921581	0.863983	0.942049	0.931223	0.878548	0.910382	0.935905	0.879201
skin_26	0.845409	0.882397	0.87513	0.851556	0.855741	0.893356	0.849087	0.808543	0.923136	0.922197	0.859794	0.844225	0.858622	0.850181	0.877001	0.849389	0.851219	0.882048	0.875813	0.881889	0.767491	0.85687	0.880066	0.762945	0.85749	0	0.908669	0.848797	0.842364	0.850634	0.815574	0.853894	0.862701	0.820714	0.873751	0.832127	0.925384	0.766197	0.881917	0.815636	0.824694	0.901704	0.91294	0.822981	0.83741	0.831657	0.880054	0.883662	0.862521	0.825298	0.802305	0.89347	0.823987	0.789103	0.859556	0.840481	0.919606	0.843077	0.87211	0.823094	0.9269	0.86712	0.904679	0.84831	0.820757	0.79916	0.914121	0.911102	0.892776	0.840484	0.915644	0.871862	0.867251	0.876898	0.803366	0.806151	0.888987	0.880708	0.863716	0.777556	0.849023	0.862501	0.894203	0.862673	0.88547	0.802101	0.767718	0.848956	0.861001	0.88647	0.908657	0.881963	0.861102	0.840924	0.843139	0.880529	0.844348	0.844482	0.91281	0.771992
skin_27	0.826868	0.771793	0.858252	0.890866	0.907605	0.867376	0.825965	0.823786	0.894165	0.887288	0.814105	0.913506	0.848775	0.852025	0.858947	0.874869	0.893178	0.89709	0.848033	0.866321	0.78188	0.810416	0.873117	0.841535	0.890239	0.908669	0	0.838171	0.887026	0.879886	0.910896	0.825845	0.839055	0.92024	0.932941	0.843777	0.92178	0.832115	0.852734	0.869204	0.905132	0.871356	0.927329	0.80245	0.776677	0.88654	0.935381	0.883392	0.921397	0.783129	0.929468	0.843866	0.855567	0.833663	0.866739	0.888452	0.893769	0.88868	0.894393	0.845639	0.8641	0.885398	0.897127	0.867767	0.885428	0.897407	0.872781	0.894466	0.833369	0.86551	0.930129	0.905671	0.835026	0.860567	0.82249	0.794904	0.885827	0.928137	0.881232	0.874913	0.894039	0.864237	0.823302	0.885661	0.849255	0.809294	0.815359	0.851117	0.829914	0.88241	0.819302	0.860561	0.871383	0.872476	0.840534	0.919165	0.859799	0.872964	0.935392	0.882849
skin_28	0.831354	0.888138	0.886292	0.879614	0.854826	0.881723	0.81184	0.886112	0.956015	0.883104	0.867504	0.840384	0.860177	0.817259	0.834492	0.890913	0.882695	0.834403	0.862979	0.870137	0.815294	0.853605	0.842335	0.893732	0.932935	0.848797	0.838171	0	0.933241	0.883434	0.888381	0.862016	0.854881	0.86328	0.852081	0.85304	0.894278	0.797507	0.890763	0.877286	0.898289	0.875025	0.833478	0.789072	0.834369	0.854426	0.897955	0.901944	0.879925	0.815797	0.839976	0.846729	0.879292	0.848436	0.843147	0.86591	0.89208	0.832242	0.833259	0.896255	0.855966	0.906566	0.87118	0.786122	0.802068	0.89246	0.891816	0.897806	0.841953	0.898098	0.912975	0.849442	0.671307	0.845902	0.876029	0.878527	0.889845	0.890344	0.925936	0.861862	0.884388	0.851912	0.895886	0.860504	0.903099	0.809208	0.840384	0.91944	0.842742	0.870211	0.852061	0.915645	0.861069	0.841783	0.835617	0.904352	0.777649	0.851634	0.907056	0.877448
skin_29	0.890259	0.869818	0.859791	0.904754	0.898829	0.824244	0.848996	0.86361	0.896053	0.858077	0.817928	0.863798	0.849182	0.893092	0.847314	0.90724	0.885485	0.8949	0.836884	0.861011	0.823655	0.883606	0.859789	0.750865	0.880775	0.842364	0.887026	0.933241	0	0.86427	0.89516	0.851323	0.867027	0.866939	0.811803	0.799293	0.809441	0.873189	0.879651	0.827494	0.807604	0.889556	0.876024	0.819322	0.859546	0.923549	0.858691	0.862037	0.814783	0.911157	0.865376	0.852994	0.855088	0.818753	0.846547	0.844906	0.864948	0.891247	0.867399	0.91598	0.878394	0.846564	0.908537	0.889614	0.815488	0.867433	0.899723	0.913837	0.86565	0.850281	0.862364	0.872602	0.865579	0.829148	0.845302	0.870414	0.847556	0.898227	0.89442	0.919702	0.850788	0.903615	0.857785	0.84051	0.881445	0.884189	0.8678	0.8408	0.818773	0.965747	0.881778	0.850554	0.89274	0.76884	0.82333	0.8338	0.88085	0.838429	0.842499	0.860929
skin_30	0.85126	0.863145	0.797385	0.869843	0.86843	0.84434	0.757348	0.892387	0.92921	0.838274	0.859349	0.853937	0.920382	0.870877	0.861043	0.904875	0.826225	0.895066	0.843636	0.871271	0.811544	0.841234	0.915635	0.88309	0.833849	0.850634	0.879886	0.883434	0.86427	0	0.892515	0.785884	0.915456	0.87903	0.925919	0.881267	0.85177	0.868621	0.860399	0.866887	0.902473	0.88041	0.85673	0.835036	0.885375	0.862479	0.85018	0.882551	0.883728	0.867039	0.927566	0.81188	0.881881	0.804976	0.886163	0.882408	0.830862	0.850158	0.847466	0.848544	0.884648	0.85758	0.891436	0.843297	0.86232	0.884883	0.883741	0.869614	0.900272	0.857818	0.905942	0.846514	0.864417	0.812154	0.896191	0.880275	0.890545	0.828089	0.915502	0.825929	0.870357	0.832112	0.869906	0.910318	0.862467	0.833293	0.826022	0.852066	0.829316	0.846681	0.951447	0.795553	0.823916	0.861848	0.862554	0.870655	0.855604	0.891474	0.853727	0.82568
skin_31	0.864721	0.933352	0.883239	0.880872	0.896076	0.903808	0.835882	0.899137	0.911268	0.858438	0.880419	0.897225	0.898008	0.841483	0.889283	0.906	0.895631	0.893953	0.863862	0.815543	0.816643	0.941782	0.919865	0.91164	0.936985	0.815574	0.910896	0.888381	0.89516	0.892515	0	0.866638	0.879521	0.847838	0.929166	0.878473	0.890442	0.874853	0.896473	0.884973	0.844253	0.875155	0.910721	0.892294	0.919773	0.932691	0.910134	0.914732	0.871173	0.925071	0.897326	0.826521	0.912595	0.878088	0.876629	0.875363	0.927361	0.79076	0.863998	0.896897	0.930495	0.889862	0.89565	0.881649	0.855165	0.898574	0.912822	0.916973	0.887178	0.846694	0.968171	0.925227	0.904772	0.870883	0.890036	0.889794	0.905884	0.916034	0.869529	0.837659	0.954352	0.887018	0.936265	0.957363	0.920107	0.916228	0.87956	0.91042	0.909657	0.943206	0.953558	0.885967	0.867479	0.879283	0.887525	0.931714	0.915927	0.903632	0.896571	0.863474
skin_32	0.811183	0.824701	0.893746	0.82702	0.908005	0.87091	0.789342	0.876425	0.922508	0.856507	0.802408	0.848886	0.892563	0.894383	0.853157	0.884995	0.835875	0.889429	0.831066	0.888347	0.828983	0.868037	0.809312	0.826664	0.87683	0.853894	0.825845	0.862016	0.851323	0.785884	0.866638	0	0.879569	0.893657	0.911589	0.848655	0.874654	0.815601	0.812745	0.869201	0.898175	0.856526	0.895315	0.811052	0.875238	0.864306	0.890268	0.836323	0.873236	0.874074	0.834121	0.888756	0.821961	0.879804	0.845677	0.877012	0.830318	0.845219	0.812802	0.796927	0.83135	0.868446	0.850212	0.833251	0.890104	0.866348	0.872124	0.829017	0.864264	0.809879	0.90086	0.933017	0.842455	0.838505	0.892823	0.835196	0.901376	0.844201	0.856516	0.792527	0.863079	0.80479	0.874574	0.876922	0.842365	0.817371	0.915148	0.890253	0.849491	0.916303	0.876308	0.844505	0.850855	0.843235	0.800956	0.832141	0.830418	0.779574	0.811955	0.837796
skin_33	0.82781	0.762313	0.886467	0.922966	0.918761	0.880315	0.883687	0.886397	0.919647	0.903609	0.842905	0.853795	0.882443	0.858877	0.841165	0.868079	0.9124	0.924651	0.836584	0.91316	0.824102	0.90808	0.848246	0.893152	0.924138	0.862701	0.839055	0.854881	0.867027	0.915456	0.879521	0.879569	0	0.843229	0.895701	0.89651	0.885696	0.811387	0.887788	0.809307	0.886941	0.863105	0.900672	0.843769	0.868147	0.88124	0.904229	0.900377	0.833768	0.826163	0.904003	0.912707	0.822757	0.892425	0.890004	0.861354	0.913092	0.902736	0.830639	0.86842	0.902735	0.93576	0.880578	0.84239	0.906932	0.916734	0.943093	0.850955	0.945891	0.897924	0.892485	0.879622	0.896695	0.872793	0.862494	0.90399	0.898506	0.938381	0.858308	0.925714	0.915231	0.884737	0.921967	0.885958	0.864683	0.921837	0.898063	0.895591	0.876808	0.915266	0.873323	0.897148	0.836772	0.815073	0.890406	0.918781	0.922638	0.880834	0.912811	0.880032
skin_34	0.901165	0.881744	0.887148	0.869299	0.93635	0.872049	0.882489	0.780517	0.904391	0.925469	0.865418	0.941634	0.869995	0.894717	0.878219	0.885875	0.823802	0.833351	0.87773	0.902797	0.861792	0.889989	0.92652	0.879456	0.911026	0.820714	0.92024	0.86328	0.866939	0.87903	0.847838	0.893657	0.843229	0	0.913273	0.842686	0.880756	0.859439	0.915194	0.762884	0.829049	0.900792	0.902273	0.853141	0.845912	0.894369	0.936884	0.858947	0.917713	0.946892	0.863615	0.876592	0.862245	0.856422	0.87032	0.855813	0.903647	0.837083	0.857233	0.904616	0.905206	0.899664	0.85149	0.88622	0.855571	0.836142	0.884097	0.933667	0.898622	0.908193	0.855587	0.870154	0.847552	0.873605	0.873925	0.90644	0.883268	0.88644	0.957769	0.900946	0.955365	0.946346	0.917636	0.888122	0.925757	0.861968	0.900688	0.905848	0.861943	0.8894	0.918615	0.929697	0.903487	0.825833	0.876582	0.855636	0.862047	0.781888	0.890079	0.844283
skin_35	0.911016	0.885585	0.922075	0.862601	0.939858	0.84735	0.883135	0.910472	0.878803	0.857173	0.860942	0.904148	0.910907	0.906121	0.848694	0.914572	0.952983	0.940029	0.897887	0.921649	0.90321	0.906171	0.852463	0.883328	0.927802	0.873751	0.932941	0.852081	0.811803	0.925919	0.929166	0.911589	0.895701	0.913273	0	0.876241	0.900824	0.860701	0.908871	0.883641	0.773826	0.915534	0.811697	0.878817	0.8869	0.916471	0.877454	0.884747	0.883121	0.931934	0.876573	0.942397	0.878238	0.93303	0.847019	0.89198	0.966584	0.884572	0.868087	0.909337	0.913731	0.914179	0.93853	0.846002	0.869588	0.884952	0.874123	0.897516	0.890662	0.891656	0.920671	0.839006	0.861578	0.941726	0.874945	0.885055	0.88543	0.893834	0.892111	0.891496	0.898937	0.877684	0.953044	0.916707	0.887027	0.874505	0.869817	0.850461	0.776362	0.904566	0.851704	0.863885	0.910261	0.873124	0.816973	0.909358	0.864977	0.901637	0.955146	0.922888
skin_36	0.813857	0.818153	0.896873	0.864413	0.864585	0.878059	0.861959	0.873935	0.912639	0.850044	0.847405	0.839209	0.836614	0.83844	0.816241	0.890571	0.879262	0.92771	0.846943	0.86905	0.884078	0.856678	0.835482	0.807479	0.907666	0.832127	0.843777	0.85304	0.799293	0.881267	0.878473	0.848655	0.89651	0.842686	0.876241	0	0.845106	0.811901	0.860358	0.839372	0.872347	0.781428	0.889669	0.83383	0.842904	0.838026	0.804567	0.873899	0.86358	0.847513	0.869405	0.844601	0.824619	0.871894	0.870013	0.841981	0.92016	0.853594	0.884803	0.842192	0.93591	0.809974	0.885919	0.897512	0.873478	0.849035	0.845933	0.916262	0.788955	0.88845	0.892006	0.868151	0.820193	0.823766	0.870563	0.835323	0.882842	0.894857	0.940967	0.835867	0.8483	0.902717	0.862752	0.863507	0.937187	0.853157	0.806136	0.83282	0.793651	0.864685	0.882654	0.845508	0.895652	0.82984	0.808302	0.85791	0.863161	0.797189	0.828586	0.792784
skin_37	0.828669	0.851004	0.804167	0.937491	0.917883	0.838116	0.825402	0.862915	0.911576	0.859024	0.865262	0.8296	0.877015	0.914544	0.879741	0.896695	0.887611	0.860361	0.887067	0.869139	0.904565	0.81847	0.933008	0.812219	0.942483	0.925384	0.92178	0.894278	0.809441	0.85177	0.890442	0.874654	0.885696	0.880756	0.900824	0.845106	0	0.881338	0.876288	0.932229	0.895439	0.877524	0.897448	0.849672	0.884056	0.863805	0.884212	0.865621	0.818844	0.940145	0.908613	0.883969	0.9191	0.922926	0.895286	0.882779	0.947394	0.848612	0.849786	0.904151	0.934325	0.88864	0.908154	0.827074	0.832969	0.928936	0.922342	0.888859	0.929781	0.905179	0.88807	0.901183	0.892133	0.818011	0.941197	0.918945	0.875394	0.902559	0.885132	0.894348	0.887267	0.922882	0.799558	0.92347	0.868158	0.9103	0.869846	0.909219	0.921975	0.918003	0.820034	0.842433	0.882128	0.911464	0.833306	0.887127	0.857314	0.879981	0.930556	0.844884
skin_38	0.882069	0.893516	0.877012	0.904369	0.925385	0.874565	0.840361	0.815947	0.894209	0.899806	0.884311	0.839489	0.860995	0.861937	0.790835	0.856853	0.914431	0.9096	0.88135	0.919819	0.871008	0.90514	0.892724	0.895233	0.943817	0.766197	0.832115	0.797507	0.873189	0.868621	0.874853	0.815601	0.811387	0.859439	0.860701	0.811901	0.881338	0	0.903889	0.884572	0.875921	0.835721	0.949406	0.895651	0.878865	0.859843	0.918316	0.866429	0.958721	0.899707	0.816061	0.905966	0.857609	0.791025	0.920909	0.865969	0.885216	0.838737	0.871131	0.781332	0.907618	0.904017	0.913971	0.882956	0.896474	0.878597	0.896319	0.861184	0.918831	0.810843	0.929713	0.916815	0.856902	0.880508	0.842818	0.796989	0.893447	0.89604	0.863866	0.897937	0.911114	0.891773	0.920291	0.858438	0.885215	0.772197	0.866814	0.888478	0.879255	0.852934	0.899697	0.866384	0.801089	0.8667	0.85966	0.93539	0.876648	0.86902	0.93583	0.894813
skin_39	0.868218	0.827902	0.869191	0.822013	0.932399	0.912615	0.865237	0.847231	0.856157	0.866744	0.83112	0.856041	0.860798	0.870524	0.883151	0.878285	0.876532	0.86576	0.8133	0.885643	0.861902	0.822804	0.898262	0.81357	0.924371	0.881917	0.852734	0.890763	0.879651	0.860399	0.896473	0.812745	0.887788	0.915194	0.908871	0.860358	0.876288	0.903889	0	0.845524	0.869592	0.921816	0.867263	0.804758	0.847816	0.875711	0.903543	0.89339	0.849505	0.813173	0.923602	0.885404	0.856822	0.931079	0.903662	0.884904	0.899692	0.873678	0.859424	0.900853	0.87244	0.848961	0.916695	0.848969	0.892621	0.86571	0.937895	0.894407	0.909451	0.842948	0.936837	0.796435	0.866955	0.895449	0.892621	0.912317	0.885334	0.832631	0.902238	0.80016	0.854557	0.874926	0.826422	0.888397	0.833041	0.871884	0.90877	0.896048	0.802407	0.890422	0.911001	0.874544	0.863102	0.905815	0.850232	0.856204	0.868098	0.836946	0.892809	0.844805
skin_40	0.814769	0.70488	0.863649	0.872044	0.80491	0.810217	0.860919	0.794339	0.844531	0.816413	0.845877	0.840427	0.841369	0.749265	0.848071	0.870425	0.821888	0.905979	0.758985	0.856555	0.845226	0.835651	0.85633	0.842051	0.903026	0.815636	0.869204	0.877286	0.827494	0.866887	0.884973	0.869201	0.809307	0.762884	0.883641	0.839372	0.932229	0.884572	0.845524	0	0.809306	0.887188	0.84044	0.856119	0.862965	0.857999	0.866699	0.831877	0.852013	0.834232	0.865397	0.839385	0.779087	0.865924	0.87093	0.89684	0.860926	0.861738	0.775301	0.81356	0.834168	0.856355	0.870619	0.782067	0.819349	0.814519	0.840728	0.905331	0.888745	0.827584	0.840294	0.802112	0.828262	0.825177	0.803659	0.807125	0.867994	0.909251	0.873365	0.82745	0.854199	0.860459	0.848336	0.853022	0.817807	0.807321	0.804876	0.829915	0.775951	0.828361	0.813521	0.848826	0.812672	0.688912	0.862598	0.900322	0.839127	0.847321	0.854991	0.811821
skin_41	0.913443	0.888925	0.897624	0.89999	0.902437	0.887578	0.887531	0.87503	0.945659	0.894211	0.836528	0.873665	0.865291	0.891134	0.859386	0.842451	0.911194	0.920507	0.852659	0.88482	0.927463	0.879154	0.897014	0.901474	0.891941	0.824694	0.905132	0.898289	0.807604	0.902473	0.844253	0.898175	0.886941	0.829049	0.773826	0.872347	0.895439	0.875921	0.869592	0.809306	0	0.924237	0.883457	0.874043	0.928813	0.854065	0.914279	0.915188	0.902636	0.882458	0.891842	0.900566	0.859938	0.902759	0.840893	0.872313	0.886644	0.875907	0.857824	0.878459	0.845389	0.887802	0.902456	0.874032	0.82417	0.814939	0.878319	0.922088	0.905529	0.885364	0.908142	0.885342	0.843967	0.8991	0.913574	0.856505	0.878379	0.918515	0.957698	0.866843	0.906398	0.876693	0.918088	0.907316	0.875964	0.846071	0.923075	0.845445	0.814844	0.88763	0.847167	0.920427	0.905005	0.781452	0.888401	0.829672	0.847989	0.880988	0.862802	0.933383
skin_42	0.833403	0.848084	0.897878	0.903689	0.91755	0.890575	0.804006	0.923042	0.835499	0.901506	0.793901	0.813395	0.854226	0.891301	0.887598	0.860338	0.887856	0.90794	0.864155	0.803833	0.841133	0.887389	0.835801	0.868617	0.927658	0.901704	0.871356	0.875025	0.889556	0.88041	0.875155	0.856526	0.863105	0.900792	0.915534	0.781428	0.877524	0.835721	0.921816	0.887188	0.924237	0	0.912192	0.831814	0.860632	0.868736	0.871346	0.828625	0.813955	0.837972	0.876811	0.876607	0.815287	0.789751	0.859648	0.856238	0.862207	0.846318	0.842478	0.868675	0.919378	0.831314	0.903867	0.878453	0.872717	0.836079	0.794375	0.851551	0.859434	0.825023	0.957181	0.908087	0.876207	0.830308	0.867162	0.836487	0.882119	0.899748	0.819016	0.891647	0.856271	0.881382	0.88968	0.87829	0.879174	0.887504	0.904712	0.797976	0.840417	0.857626	0.876745	0.872573	0.844303	0.847028	0.804035	0.900929	0.886056	0.887214	0.899355	0.800385
skin_43	0.853573	0.824563	0.917158	0.864801	0.904009	0.836788	0.894611	0.80483	0.945204	0.84679	0.888705	0.89214	0.904161	0.895136	0.835609	0.862465	0.9361	0.881817	0.86273	0.900722	0.849632	0.895185	0.856474	0.872691	0.897633	0.91294	0.927329	0.833478	0.876024	0.85673	0.910721	0.895315	0.900672	0.902273	0.811697	0.889669	0.897448	0.949406	0.867263	0.84044	0.883457	0.912192	0	0.844523	0.913455	0.887616	0.85408	0.932002	0.893805	0.913263	0.920082	0.848163	0.908982	0.903841	0.886147	0.822127	0.918778	0.918466	0.893694	0.925262	0.875272	0.840684	0.939741	0.896672	0.824743	0.872082	0.829838	0.773835	0.948404	0.836653	0.859496	0.863103	0.861896	0.843966	0.859334	0.90593	0.900215	0.880135	0.860367	0.809653	0.879303	0.857119	0.849435	0.864622	0.919692	0.881055	0.785798	0.855242	0.813605	0.906472	0.851407	0.88473	0.918416	0.827812	0.837156	0.831512	0.87055	0.906049	0.877575	0.86526
skin_44	0.75639	0.786542	0.795668	0.897134	0.897899	0.780615	0.782866	0.813739	0.894539	0.802423	0.815181	0.813153	0.861157	0.878111	0.807612	0.829494	0.851414	0.895782	0.769947	0.837356	0.751353	0.857438	0.760779	0.788032	0.85544	0.822981	0.80245	0.789072	0.819322	0.835036	0.892294	0.811052	0.843769	0.853141	0.878817	0.83383	0.849672	0.895651	0.804758	0.856119	0.874043	0.831814	0.844523	0	0.803216	0.850462	0.848064	0.779604	0.85719	0.813194	0.871316	0.802026	0.770547	0.829231	0.835587	0.850222	0.834035	0.8002	0.854708	0.820015	0.865106	0.805645	0.864485	0.773207	0.770165	0.856643	0.819287	0.871555	0.884481	0.863218	0.929582	0.872091	0.84462	0.785504	0.902924	0.882935	0.907592	0.861507	0.865821	0.823683	0.843095	0.856793	0.825047	0.829244	0.880682	0.754403	0.859658	0.896677	0.798487	0.92679	0.878919	0.860322	0.871738	0.781693	0.887004	0.884299	0.856934	0.861929	0.876268	0.842079
