SampleID	skin_1	skin_2	skin_3	skin_4	skin_5	skin_6	skin_7	skin_8	skin_9	skin_10	skin_11	skin_12	skin_13	skin_14	skin_15	skin_16	skin_17	skin_18	skin_19	skin_20	skin_21	skin_22	skin_23	skin_24	skin_25	skin_26	skin_27	skin_28	skin_29	skin_30	skin_31	skin_32	skin_33	skin_34	skin_35	skin_36	skin_37	skin_38	skin_39	skin_40	skin_41	skin_42	skin_43	skin_44	skin_45	skin_46	skin_47	skin_48	skin_49	skin_50	skin_51	skin_52	skin_53	skin_54	skin_55	skin_56	skin_57	skin_58	skin_59	skin_60	skin_61	skin_62	skin_63	skin_64	skin_65	skin_66	skin_67	skin_68	skin_69	skin_70	skin_71	skin_72	skin_73	skin_74	skin_75	skin_76	skin_77	skin_78	skin_79	skin_80	skin_81	skin_82	skin_83	skin_84	skin_85	skin_86	skin_87	skin_88	skin_89	skin_90	skin_91	skin_92	skin_93	skin_94	skin_95	skin_96	skin_97	skin_98	skin_99	skin_100
skin_1	0	0.801068	0.814162	0.91828	0.88661	0.828471	0.808917	0.833089	0.867404	0.793989	0.837337	0.802047	0.862691	0.896136	0.833579	0.819593	0.912228	0.876064	0.813349	0.848594	0.837533	0.885895	0.818209	0.812204	0.851624	0.862651	0.814198	0.805711	0.887941	0.856667	0.858343	0.806664	0.833505	0.903003	0.92826	0.834541	0.830495	0.881159	0.875394	0.808564	0.921913	0.825103	0.839908	0.753743	0.782706	0.810204	0.839641	0.84884	0.75326	0.821342	0.847663	0.809988	0.799538	0.806337	0.800302	0.794307	0.863261	0.810776	0.838564	0.806637	0.866941	0.812126	0.865537	0.766562	0.749396	0.794383	0.855226	0.882663	0.871621	0.853173	0.924146	0.840622	0.756304	0.750394	0.892942	0.845751	0.847775	0.859258	0.849952	0.850995	0.796535	0.771681	0.823279	0.889805	0.871257	0.795592	0.716104	0.877488	0.808074	0.82226	0.844195	0.857518	0.885463	0.852351	0.867064	0.90181	0.82996	0.915278	0.879547	0.797512
skin_2	0.801068	0	0.834878	0.868846	0.887782	0.882683	0.861765	0.842823	0.852618	0.830855	0.77796	0.867634	0.804218	0.83028	0.77801	0.826111	0.92339	0.89016	0.808678	0.808428	0.783852	0.825102	0.855297	0.829436	0.842073	0.884163	0.74353	0.90257	0.868068	0.870786	0.914597	0.816064	0.763838	0.887315	0.888473	0.831236	0.862115	0.886888	0.83069	0.720857	0.898323	0.847157	0.843592	0.797486	0.87306	0.853743	0.778589	0.868234	0.869375	0.874149	0.855422	0.816572	0.866184	0.905084	0.888734	0.862198	0.854849	0.859846	0.80412	0.74409	0.845285	0.855149	0.913559	0.82203	0.809947	0.806851	0.857818	0.856726	0.872714	0.823713	0.878183	0.875644	0.888008	0.820003	0.837236	0.810339	0.917206	0.889705	0.894427	0.851073	0.831292	0.914469	0.821769	0.840038	0.810701	0.81124	0.893922	0.83062	0.811999	0.912099	0.772452	0.815717	0.860288	0.813593	0.876102	0.840802	0.848351	0.852201	0.874745	0.747941
skin_3	0.814162	0.834878	0	0.903458	0.906552	0.788924	0.815126	0.864304	0.904889	0.847789	0.845529	0.879275	0.861305	0.878885	0.852725	0.881736	0.857757	0.840923	0.848768	0.854134	0.833893	0.807314	0.855205	0.868053	0.846394	0.887143	0.84688	0.893913	0.847287	0.772292	0.862121	0.899804	0.889208	0.885616	0.92286	0.906544	0.819961	0.900498	0.84268	0.864813	0.912337	0.890746	0.914774	0.774723	0.879834	0.887258	0.878101	0.84158	0.839954	0.841992	0.886506	0.868307	0.815857	0.904823	0.875841	0.81968	0.824674	0.818551	0.866925	0.841799	0.908393	0.860291	0.878201	0.823159	0.82031	0.892199	0.917243	0.87697	0.902054	0.878477	0.901252	0.839051	0.846513	0.818728	0.856175	0.889572	0.839146	0.898435	0.925625	0.91406	0.853112	0.95555	0.861283	0.895625	0.874364	0.835222	0.805381	0.814055	0.825572	0.864282	0.858277	0.837294	0.914165	0.862016	0.864194	0.906707	0.92191	0.898383	0.910834	0.877204
skin_4	0.91828	0.868846	0.903458	0	0.934141	0.894184	0.853815	0.916494	0.945053	0.842631	0.857924	0.902175	0.903241	0.874583	0.866141	0.878079	0.920818	0.933994	0.897005	0.881475	0.872407	0.900763	0.826958	0.928436	0.89452	0.874809	0.890997	0.895093	0.903721	0.876649	0.880952	0.858314	0.937755	0.863533	0.855679	0.88138	0.942427	0.914858	0.822702	0.874906	0.892986	0.908984	0.83937	0.907794	0.845004	0.893812	0.929182	0.891224	0.944651	0.909642	0.929364	0.917689	0.892899	0.879001	0.899149	0.822099	0.929411	0.905469	0.874353	0.900899	0.836779	0.870057	0.854569	0.871498	0.865983	0.850143	0.833336	0.861101	0.908452	0.882297	0.91131	0.887315	0.878721	0.905719	0.854624	0.910876	0.910646	0.862807	0.901118	0.890897	0.887211	0.892224	0.884476	0.898722	0.888114	0.919743	0.902453	0.859362	0.878957	0.936279	0.924598	0.828869	0.904777	0.899708	0.882234	0.827217	0.860108	0.925095	0.94074	0.828898
skin_5	0.88661	0.887782	0.906552	0.934141	0	0.879212	0.908717	0.896544	0.897172	0.869405	0.85488	0.903032	0.914496	0.874347	0.860454	0.911137	0.857295	0.865319	0.944103	0.919997	0.870861	0.811941	0.876062	0.920183	0.943814	0.878061	0.919448	0.838611	0.893588	0.866019	0.915968	0.909478	0.902525	0.931874	0.941913	0.864453	0.907886	0.926387	0.930744	0.818461	0.904218	0.916954	0.899794	0.895121	0.934163	0.900174	0.902735	0.895271	0.894174	0.854963	0.873322	0.894788	0.884363	0.870619	0.904494	0.906125	0.881999	0.905356	0.899561	0.891694	0.923536	0.895666	0.909209	0.90368	0.875761	0.876747	0.848819	0.852223	0.947415	0.756792	0.855688	0.907002	0.829786	0.903647	0.87039	0.93709	0.942837	0.942049	0.953405	0.904331	0.836612	0.882201	0.91482	0.856245	0.902099	0.917789	0.864408	0.854434	0.890447	0.91651	0.852561	0.871426	0.848072	0.879861	0.861451	0.935452	0.872143	0.921213	0.921673	0.863992
skin_6	0.828471	0.882683	0.788924	0.894184	0.879212	0	0.859816	0.850025	0.88904	0.848045	0.893413	0.874704	0.90691	0.891618	0.90809	0.81762	0.877697	0.908821	0.721564	0.852033	0.828814	0.884935	0.796228	0.887941	0.856524	0.901051	0.886907	0.889961	0.838193	0.859397	0.901982	0.879714	0.888469	0.878913	0.851778	0.888381	0.828187	0.895125	0.90482	0.827425	0.902916	0.885242	0.838633	0.782424	0.839074	0.872503	0.869315	0.874097	0.856878	0.901813	0.894231	0.860723	0.856138	0.885901	0.863864	0.839082	0.886027	0.821215	0.880818	0.875787	0.907128	0.813639	0.859308	0.793807	0.842598	0.832376	0.866782	0.87833	0.867792	0.77937	0.857888	0.87102	0.80403	0.877163	0.89502	0.827929	0.912659	0.90716	0.902837	0.848456	0.847575	0.893709	0.92105	0.886439	0.861256	0.864538	0.797151	0.837878	0.818992	0.833901	0.898691	0.860926	0.708633	0.822383	0.807604	0.931364	0.891293	0.885084	0.913147	0.896622
skin_7	0.808917	0.861765	0.815126	0.853815	0.908717	0.859816	0	0.840188	0.906417	0.859834	0.832762	0.854273	0.88336	0.859	0.788688	0.806606	0.883348	0.833111	0.863535	0.741088	0.772989	0.869373	0.858504	0.874438	0.848044	0.844624	0.819575	0.80821	0.857579	0.763158	0.839031	0.797004	0.887472	0.891261	0.890666	0.854331	0.827619	0.837443	0.859481	0.869556	0.898172	0.804475	0.895792	0.799256	0.778443	0.867636	0.814406	0.785996	0.881169	0.806751	0.900978	0.785447	0.846656	0.83829	0.79334	0.83865	0.842061	0.796897	0.859496	0.82727	0.875512	0.811808	0.915702	0.75354	0.851243	0.868113	0.888838	0.870945	0.864585	0.830356	0.912544	0.857157	0.823817	0.819185	0.89008	0.8516	0.849676	0.870942	0.842137	0.838489	0.815067	0.846063	0.840365	0.897565	0.82515	0.801576	0.77971	0.880818	0.789292	0.906421	0.847032	0.787414	0.828243	0.804919	0.808983	0.870523	0.822997	0.914352	0.933457	0.871705
skin_8	0.833089	0.842823	0.864304	0.916494	0.896544	0.850025	0.840188	0	0.898538	0.875482	0.892359	0.939413	0.853275	0.900594	0.858269	0.883671	0.90082	0.872083	0.835738	0.90312	0.811423	0.901887	0.897576	0.816603	0.908922	0.801074	0.821215	0.888775	0.871956	0.882027	0.895518	0.869379	0.903921	0.789371	0.909952	0.864347	0.873202	0.805172	0.846787	0.811683	0.899685	0.913944	0.803586	0.811572	0.854926	0.861631	0.846755	0.842268	0.881974	0.886551	0.897643	0.878934	0.852636	0.837818	0.879849	0.8556	0.877016	0.810319	0.820433	0.874828	0.894447	0.83761	0.904494	0.87853	0.850532	0.853495	0.827951	0.912817	0.907925	0.858655	0.916243	0.813833	0.887206	0.915615	0.852081	0.880057	0.880831	0.854737	0.904382	0.859703	0.861687	0.907524	0.906291	0.845124	0.87028	0.840095	0.79621	0.847819	0.82583	0.877881	0.88076	0.901169	0.868428	0.792369	0.899313	0.879988	0.924381	0.849724	0.916699	0.853931
skin_9	0.867404	0.852618	0.904889	0.945053	0.897172	0.88904	0.906417	0.898538	0	0.860551	0.883912	0.894354	0.934263	0.892891	0.90953	0.851163	0.851579	0.813981	0.878694	0.770756	0.904549	0.897858	0.888233	0.914301	0.91405	0.913129	0.899001	0.950381	0.89772	0.923848	0.88536	0.914947	0.91582	0.911526	0.896029	0.909192	0.918772	0.897784	0.85373	0.830527	0.946837	0.820724	0.947721	0.89521	0.857032	0.850279	0.935135	0.898083	0.827228	0.844496	0.875556	0.889414	0.877044	0.881037	0.841948	0.920054	0.943192	0.809453	0.843758	0.875589	0.958064	0.873024	0.79616	0.888194	0.924418	0.841798	0.93345	0.93454	0.824464	0.860742	0.932027	0.864624	0.911682	0.896055	0.845935	0.869224	0.889179	0.858989	0.803435	0.865653	0.872133	0.848336	0.822294	0.845997	0.880503	0.862452	0.910038	0.840531	0.873199	0.894319	0.908433	0.91795	0.892357	0.886615	0.904573	0.907493	0.947708	0.874045	0.881801	0.809972
skin_10	0.793989	0.830855	0.847789	0.842631	0.869405	0.848045	0.859834	0.875482	0.860551	0	0.872378	0.859876	0.906363	0.804161	0.852942	0.852599	0.833786	0.88882	0.845894	0.815711	0.870407	0.888918	0.830008	0.831579	0.827576	0.920399	0.886239	0.875287	0.86125	0.837599	0.877495	0.864492	0.901446	0.920276	0.8549	0.836639	0.872216	0.905704	0.86155	0.802361	0.910954	0.90804	0.82726	0.800582	0.87669	0.879027	0.870747	0.82186	0.863162	0.867343	0.783853	0.829342	0.792075	0.859458	0.895522	0.786336	0.940353	0.861801	0.85486	0.823855	0.850813	0.791432	0.930001	0.797179	0.797486	0.789274	0.89273	0.830236	0.889351	0.798165	0.937338	0.850416	0.835341	0.796871	0.873606	0.879007	0.911394	0.900985	0.861175	0.851771	0.762187	0.85099	0.880534	0.90734	0.890436	0.836219	0.782813	0.879199	0.841366	0.936312	0.872446	0.833501	0.909565	0.842521	0.880453	0.896056	0.862384	0.838621	0.865834	0.833996
skin_11	0.837337	0.77796	0.845529	0.857924	0.85488	0.893413	0.832762	0.892359	0.883912	0.872378	0	0.838846	0.870483	0.783498	0.830184	0.846453	0.823493	0.83129	0.862761	0.816128	0.82276	0.86721	0.825571	0.808276	0.880301	0.853986	0.79935	0.85986	0.82886	0.841654	0.886625	0.79795	0.839942	0.852459	0.865924	0.856751	0.879155	0.885522	0.835033	0.850848	0.866623	0.809465	0.884384	0.807501	0.898901	0.908705	0.881179	0.851592	0.850711	0.836922	0.876744	0.859614	0.752712	0.887103	0.793276	0.920455	0.885466	0.83189	0.829021	0.830986	0.865564	0.837559	0.907517	0.85538	0.832232	0.850389	0.794298	0.87766	0.906647	0.838005	0.834756	0.869533	0.806365	0.845935	0.838166	0.866349	0.95538	0.844889	0.767629	0.828303	0.826309	0.892227	0.853371	0.876166	0.779682	0.846803	0.880717	0.85799	0.860621	0.912917	0.810704	0.81738	0.870279	0.827026	0.84727	0.799612	0.840597	0.837035	0.896671	0.881035
skin_12	0.802047	0.867634	0.879275	0.902175	0.903032	0.874704	0.854273	0.939413	0.894354	0.859876	0.838846	0	0.868388	0.823405	0.904873	0.81615	0.87844	0.85527	0.893014	0.828243	0.869778	0.908974	0.865712	0.865547	0.914069	0.84156	0.914959	0.852911	0.864965	0.850848	0.895846	0.859694	0.878307	0.944011	0.922742	0.834442	0.850461	0.833656	0.847841	0.860193	0.874218	0.806796	0.894536	0.830212	0.74836	0.866799	0.902924	0.917811	0.845812	0.883416	0.897749	0.905455	0.826893	0.902285	0.848586	0.889945	0.861192	0.86569	0.797021	0.825182	0.903769	0.865809	0.914226	0.822354	0.85058	0.883848	0.911358	0.852972	0.913159	0.874131	0.905839	0.888203	0.847266	0.876012	0.870048	0.904607	0.849543	0.925859	0.855431	0.869799	0.880476	0.925938	0.897772	0.946453	0.886638	0.840611	0.832643	0.834525	0.863571	0.841883	0.868588	0.847204	0.897615	0.818032	0.834473	0.897491	0.89599	0.93311	0.882678	0.879677
skin_13	0.862691	0.804218	0.861305	0.903241	0.914496	0.90691	0.88336	0.853275	0.934263	0.906363	0.870483	0.868388	0	0.866966	0.891393	0.899557	0.904448	0.785631	0.90088	0.882571	0.864559	0.741471	0.801755	0.811599	0.89982	0.850625	0.820817	0.87505	0.855974	0.920594	0.900617	0.892397	0.885896	0.876592	0.924244	0.851409	0.888536	0.869575	0.866379	0.85241	0.859605	0.856355	0.912798	0.847142	0.874645	0.853617	0.920668	0.857159	0.832694	0.906789	0.823472	0.882875	0.834269	0.88663	0.844819	0.845388	0.886649	0.872021	0.848298	0.820343	0.822722	0.772086	0.900642	0.90691	0.84226	0.75465	0.853248	0.873928	0.881291	0.864246	0.924221	0.891884	0.872256	0.812787	0.904839	0.793277	0.869851	0.946392	0.895751	0.901748	0.778437	0.900121	0.855553	0.854585	0.850966	0.91761	0.856323	0.920027	0.839401	0.89278	0.840336	0.901156	0.878679	0.765312	0.875102	0.860995	0.844275	0.881405	0.793828	0.867718
skin_14	0.896136	0.83028	0.878885	0.874583	0.874347	0.891618	0.859	0.900594	0.892891	0.804161	0.783498	0.823405	0.866966	0	0.842761	0.810623	0.915772	0.845694	0.777413	0.867166	0.883192	0.860077	0.795281	0.89641	0.882501	0.826867	0.865891	0.825199	0.886484	0.866591	0.841216	0.902742	0.861356	0.884918	0.902586	0.862279	0.918293	0.86935	0.867896	0.741077	0.881706	0.899331	0.892947	0.87708	0.876458	0.85787	0.918298	0.776867	0.931827	0.931226	0.865575	0.886014	0.876938	0.87824	0.900194	0.891083	0.922555	0.85547	0.868073	0.802048	0.883694	0.809943	0.820254	0.809767	0.901666	0.832289	0.872908	0.899831	0.864198	0.789438	0.903667	0.899408	0.838781	0.862489	0.931115	0.915025	0.906724	0.897686	0.902514	0.879666	0.85097	0.904294	0.929442	0.928954	0.892088	0.846799	0.782399	0.841512	0.849271	0.958354	0.811141	0.867644	0.88273	0.804433	0.865057	0.876298	0.870412	0.886591	0.883401	0.894634
skin_15	0.833579	0.77801	0.852725	0.866141	0.860454	0.90809	0.788688	0.858269	0.90953	0.852942	0.830184	0.904873	0.891393	0.842761	0	0.802193	0.919311	0.869372	0.793633	0.841575	0.835948	0.846969	0.824441	0.852575	0.842069	0.884065	0.857087	0.859481	0.836306	0.869085	0.878039	0.836576	0.810111	0.893042	0.864718	0.818721	0.885596	0.759422	0.887415	0.823826	0.828098	0.88032	0.846662	0.822061	0.875774	0.785023	0.824538	0.856752	0.879998	0.837772	0.836013	0.842335	0.827283	0.922962	0.872287	0.859879	0.822863	0.850381	0.881505	0.773557	0.837679	0.849294	0.948175	0.834376	0.835136	0.797305	0.841169	0.873914	0.876552	0.858682	0.881852	0.894056	0.826458	0.864866	0.844197	0.810934	0.855948	0.898118	0.915828	0.891622	0.865572	0.881516	0.809302	0.892155	0.859514	0.820823	0.858606	0.8737	0.841279	0.906075	0.776478	0.858472	0.850443	0.786295	0.822293	0.824275	0.850218	0.857023	0.839079	0.76845
skin_16	0.819593	0.826111	0.881736	0.878079	0.911137	0.81762	0.806606	0.883671	0.851163	0.852599	0.846453	0.81615	0.899557	0.810623	0.802193	0	0.889504	0.837949	0.817905	0.799639	0.832789	0.831267	0.793227	0.828003	0.91423	0.847758	0.881818	0.877248	0.903177	0.908063	0.895918	0.870139	0.859388	0.878732	0.912513	0.898068	0.902711	0.854101	0.877575	0.849445	0.814831	0.869756	0.845829	0.828822	0.812799	0.863367	0.899481	0.893902	0.891622	0.872749	0.841568	0.879719	0.805343	0.890478	0.826315	0.837664	0.889207	0.783865	0.841615	0.815908	0.906725	0.866371	0.949223	0.791958	0.871674	0.862837	0.88366	0.79952	0.868603	0.816374	0.905937	0.770661	0.820541	0.897588	0.86506	0.871581	0.891246	0.889459	0.888785	0.888829	0.819558	0.863348	0.900602	0.882175	0.870388	0.869821	0.732485	0.886602	0.848503	0.879241	0.87064	0.821817	0.871746	0.813981	0.86739	0.814009	0.830459	0.880103	0.920776	0.866628
skin_17	0.912228	0.92339	0.857757	0.920818	0.857295	0.877697	0.883348	0.90082	0.851579	0.833786	0.823493	0.87844	0.904448	0.915772	0.919311	0.889504	0	0.805773	0.847514	0.87389	0.811435	0.888608	0.876612	0.799486	0.856977	0.855125	0.912144	0.881303	0.888885	0.817635	0.908454	0.848495	0.915973	0.764232	0.95764	0.876256	0.894554	0.903984	0.876764	0.836387	0.913936	0.89342	0.935736	0.847657	0.866447	0.862256	0.938548	0.901476	0.873193	0.894224	0.854032	0.925502	0.836068	0.9121	0.851724	0.922511	0.881534	0.851351	0.883674	0.907059	0.888179	0.880013	0.885582	0.878549	0.895768	0.887152	0.924691	0.898647	0.919303	0.856131	0.878697	0.843766	0.812415	0.863745	0.826394	0.893922	0.928422	0.824855	0.89903	0.797762	0.862954	0.846161	0.897528	0.923346	0.933124	0.866481	0.926734	0.86894	0.883793	0.916223	0.932194	0.869343	0.88047	0.905475	0.888117	0.884049	0.864185	0.730895	0.904428	0.862908
skin_18	0.876064	0.89016	0.840923	0.933994	0.865319	0.908821	0.833111	0.872083	0.813981	0.88882	0.83129	0.85527	0.785631	0.845694	0.869372	0.837949	0.805773	0	0.883776	0.895484	0.922808	0.844834	0.885864	0.909912	0.945103	0.873465	0.880227	0.837125	0.906408	0.891123	0.906106	0.897488	0.920208	0.808046	0.945693	0.919695	0.862741	0.907074	0.878514	0.912567	0.927669	0.909203	0.887365	0.894042	0.825462	0.856648	0.927469	0.886364	0.878344	0.874121	0.876473	0.821618	0.885682	0.943708	0.932166	0.892456	0.843751	0.869124	0.849962	0.923914	0.894657	0.894091	0.85919	0.87502	0.856364	0.865962	0.907995	0.89607	0.914551	0.849094	0.871345	0.843813	0.891603	0.867294	0.935642	0.860724	0.889092	0.92334	0.899113	0.882829	0.869343	0.891118	0.93405	0.902867	0.90831	0.916188	0.840947	0.899087	0.876434	0.953519	0.855925	0.894713	0.911799	0.893426	0.862339	0.782028	0.908758	0.781888	0.913563	0.808504
skin_19	0.813349	0.808678	0.848768	0.897005	0.944103	0.721564	0.863535	0.835738	0.878694	0.845894	0.862761	0.893014	0.90088	0.777413	0.793633	0.817905	0.847514	0.883776	0	0.867679	0.845391	0.859922	0.843691	0.80182	0.856003	0.87999	0.849366	0.886113	0.847544	0.831249	0.860279	0.811897	0.859367	0.892048	0.901601	0.861557	0.905551	0.870028	0.825727	0.77618	0.878991	0.864492	0.858369	0.766912	0.850246	0.844819	0.839173	0.779399	0.830914	0.913914	0.853453	0.850553	0.859799	0.868851	0.897767	0.896174	0.832096	0.81466	0.857737	0.801117	0.911402	0.805367	0.810926	0.849216	0.89533	0.842864	0.882849	0.855037	0.872427	0.822182	0.907896	0.84025	0.837138	0.848745	0.857849	0.818567	0.89532	0.895714	0.848837	0.820675	0.877879	0.900392	0.920578	0.89634	0.820515	0.828687	0.878387	0.88092	0.836376	0.876094	0.891373	0.919118	0.835796	0.776661	0.813641	0.897406	0.7952	0.905493	0.870786	0.894077
skin_20	0.848594	0.808428	0.854134	0.881475	0.919997	0.852033	0.741088	0.90312	0.770756	0.815711	0.816128	0.828243	0.882571	0.867166	0.841575	0.799639	0.87389	0.895484	0.867679	0	0.812699	0.863579	0.823643	0.886101	0.874421	0.882528	0.863323	0.869198	0.874667	0.868585	0.783726	0.886524	0.898818	0.904086	0.93117	0.868129	0.880201	0.914813	0.874685	0.846404	0.872101	0.804622	0.903953	0.840657	0.83489	0.841686	0.90693	0.899502	0.80531	0.828455	0.916624	0.804494	0.858334	0.812697	0.82302	0.809622	0.897327	0.811193	0.783277	0.89088	0.922029	0.840266	0.842332	0.831157	0.745316	0.787445	0.853294	0.856389	0.826357	0.849794	0.912054	0.881035	0.827324	0.814234	0.800308	0.87114	0.885075	0.89211	0.842285	0.837679	0.84283	0.754559	0.854799	0.903768	0.871522	0.856991	0.822625	0.818606	0.838337	0.875416	0.925454	0.8526	0.865584	0.805616	0.846903	0.83263	0.860985	0.881838	0.954219	0.779323
skin_21	0.837533	0.783852	0.833893	0.872407	0.870861	0.828814	0.772989	0.811423	0.904549	0.870407	0.82276	0.869778	0.864559	0.883192	0.835948	0.832789	0.811435	0.922808	0.845391	0.812699	0	0.831137	0.826813	0.766028	0.827694	0.775547	0.793351	0.83894	0.833895	0.804406	0.816526	0.829858	0.84223	0.85239	0.911521	0.890124	0.892494	0.871523	0.867073	0.847219	0.926221	0.840147	0.847151	0.759387	0.886221	0.867504	0.780696	0.814562	0.834975	0.842333	0.902714	0.869126	0.853369	0.87774	0.805211	0.846091	0.872903	0.826902	0.796854	0.823117	0.88086	0.905201	0.894036	0.843771	0.830432	0.844368	0.905301	0.844455	0.853366	0.86186	0.92628	0.838933	0.873765	0.82739	0.891141	0.866549	0.88317	0.843844	0.844914	0.835851	0.781358	0.884626	0.857676	0.894147	0.872881	0.78185	0.835114	0.89156	0.825722	0.891413	0.896316	0.849066	0.823593	0.835515	0.824081	0.926636	0.860498	0.881702	0.957647	0.889465
skin_22	0.885895	0.825102	0.807314	0.900763	0.811941	0.884935	0.869373	0.901887	0.897858	0.888918	0.86721	0.908974	0.741471	0.860077	0.846969	0.831267	0.888608	0.844834	0.859922	0.863579	0.831137	0	0.818552	0.904203	0.923237	0.857107	0.816759	0.86742	0.89548	0.804906	0.949186	0.879309	0.915331	0.88071	0.910701	0.86205	0.817538	0.906369	0.826518	0.856287	0.869228	0.889761	0.881759	0.857352	0.853872	0.826967	0.870951	0.818561	0.875398	0.885875	0.838994	0.831812	0.916481	0.910333	0.880887	0.876066	0.870172	0.868707	0.85783	0.856931	0.924921	0.816622	0.92704	0.884289	0.839104	0.836953	0.897285	0.872002	0.915832	0.818648	0.856337	0.834516	0.83899	0.858717	0.929217	0.797273	0.929343	0.929615	0.927812	0.852104	0.789797	0.875167	0.82645	0.889662	0.847381	0.895023	0.83556	0.882565	0.84825	0.874061	0.854455	0.878121	0.863769	0.79806	0.847352	0.89038	0.842176	0.902479	0.911043	0.873662
skin_23	0.818209	0.855297	0.855205	0.826958	0.876062	0.796228	0.858504	0.897576	0.888233	0.830008	0.825571	0.865712	0.801755	0.795281	0.824441	0.793227	0.876612	0.885864	0.843691	0.823643	0.826813	0.818552	0	0.862347	0.857895	0.862395	0.890035	0.850873	0.858933	0.920838	0.895114	0.821185	0.8554	0.925145	0.853261	0.843716	0.930548	0.883514	0.902345	0.849956	0.879038	0.821658	0.860922	0.764803	0.860712	0.84705	0.843166	0.855377	0.853316	0.853278	0.852763	0.894098	0.830899	0.851194	0.838961	0.815792	0.935808	0.868578	0.801118	0.814799	0.861723	0.845897	0.861127	0.880887	0.851043	0.841097	0.8587	0.837377	0.883314	0.855295	0.894402	0.8918	0.829391	0.863898	0.894631	0.869278	0.915523	0.853933	0.907168	0.887379	0.794601	0.923403	0.908092	0.853173	0.927307	0.883663	0.798255	0.84945	0.832317	0.873945	0.838232	0.894528	0.887295	0.809448	0.848044	0.856768	0.829854	0.904888	0.893095	0.88098
skin_24	0.812204	0.829436	0.868053	0.928436	0.920183	0.887941	0.874438	0.816603	0.914301	0.831579	0.808276	0.865547	0.811599	0.89641	0.852575	0.828003	0.799486	0.909912	0.80182	0.886101	0.766028	0.904203	0.862347	0	0.909014	0.751103	0.832283	0.892353	0.751739	0.880154	0.896996	0.798455	0.868091	0.882602	0.857482	0.807025	0.829238	0.890222	0.809967	0.830802	0.876536	0.864878	0.874162	0.77543	0.854741	0.88938	0.844254	0.845515	0.818257	0.872993	0.828948	0.873119	0.764928	0.902061	0.873991	0.864445	0.81315	0.832005	0.870827	0.88143	0.858619	0.779201	0.943342	0.820247	0.820603	0.846408	0.841443	0.812989	0.840462	0.904399	0.924235	0.838012	0.868443	0.810566	0.806623	0.887321	0.869377	0.900492	0.853787	0.888275	0.815023	0.93019	0.869199	0.823854	0.882641	0.826292	0.859162	0.858243	0.852898	0.849804	0.867591	0.866133	0.931105	0.774807	0.854933	0.846716	0.866014	0.747297	0.908029	0.775503
skin_25	0.851624	0.842073	0.846394	0.89452	0.943814	0.856524	0.848044	0.908922	0.91405	0.827576	0.880301	0.914069	0.89982	0.882501	0.842069	0.91423	0.856977	0.945103	0.856003	0.874421	0.827694	0.923237	0.857895	0.909014	0	0.85214	0.898995	0.928544	0.879663	0.837449	0.931559	0.87902	0.935552	0.908505	0.922084	0.917293	0.945461	0.94202	0.929585	0.894423	0.906245	0.920083	0.896322	0.86057	0.896321	0.882722	0.936741	0.909599	0.815539	0.931053	0.881828	0.886256	0.864421	0.782515	0.869023	0.852799	0.894209	0.880714	0.907889	0.816826	0.887736	0.905368	0.879293	0.886781	0.896398	0.871571	0.887238	0.92646	0.910473	0.846288	0.857667	0.883863	0.867078	0.909685	0.940211	0.879332	0.901522	0.888252	0.925406	0.898328	0.87417	0.889194	0.928533	0.889616	0.988517	0.880228	0.864968	0.863614	0.842759	0.959525	0.908935	0.873913	0.91523	0.876817	0.946052	0.929542	0.871565	0.914506	0.950383	0.885115
skin_26	0.862651	0.884163	0.887143	0.874809	0.878061	0.901051	0.844624	0.801074	0.913129	0.920399	0.853986	0.84156	0.850625	0.826867	0.884065	0.847758	0.855125	0.873465	0.87999	0.882528	0.775547	0.857107	0.862395	0.751103	0.85214	0	0.919811	0.851763	0.845389	0.862095	0.830709	0.870311	0.873715	0.823653	0.856859	0.849385	0.929877	0.801075	0.882641	0.820827	0.810778	0.886309	0.90609	0.838155	0.841417	0.834407	0.887762	0.872075	0.845218	0.841913	0.806099	0.890486	0.818531	0.801615	0.855594	0.853961	0.916686	0.841028	0.872395	0.811027	0.924637	0.858909	0.898051	0.841192	0.847016	0.78003	0.890516	0.906488	0.900952	0.838217	0.906831	0.865735	0.883661	0.875088	0.811063	0.831516	0.899576	0.878763	0.858584	0.811343	0.84087	0.883421	0.908101	0.891027	0.878606	0.831071	0.763159	0.862754	0.853386	0.885124	0.906513	0.879139	0.860585	0.849502	0.82984	0.872332	0.851614	0.846785	0.916271	0.789046
skin_27	0.814198	0.74353	0.84688	0.890997	0.919448	0.886907	0.819575	0.821215	0.899001	0.886239	0.79935	0.914959	0.820817	0.865891	0.857087	0.881818	0.912144	0.880227	0.849366	0.863323	0.793351	0.816759	0.890035	0.832283	0.898995	0.919811	0	0.8246	0.8924	0.886707	0.900955	0.836143	0.850734	0.90698	0.945128	0.84667	0.932152	0.825564	0.851714	0.883752	0.916679	0.885591	0.916371	0.783385	0.8115	0.909139	0.951372	0.885534	0.936459	0.740627	0.932443	0.837216	0.876606	0.852394	0.872234	0.89105	0.906925	0.883106	0.898376	0.829765	0.833319	0.881528	0.890901	0.876871	0.89046	0.897579	0.856032	0.902614	0.818885	0.870614	0.928033	0.91198	0.803283	0.836585	0.827296	0.779684	0.891366	0.935873	0.88913	0.869633	0.896468	0.85049	0.778668	0.88923	0.824645	0.769548	0.806058	0.849203	0.860472	0.900056	0.818093	0.867969	0.873887	0.877469	0.856671	0.915613	0.869987	0.868559	0.94446	0.866752
skin_28	0.805711	0.90257	0.893913	0.895093	0.838611	0.889961	0.80821	0.888775	0.950381	0.875287	0.85986	0.852911	0.87505	0.825199	0.859481	0.877248	0.881303	0.837125	0.886113	0.869198	0.83894	0.86742	0.850873	0.892353	0.928544	0.851763	0.8246	0	0.932321	0.879501	0.897157	0.874415	0.877032	0.879892	0.875353	0.85336	0.892291	0.789906	0.893858	0.889816	0.896074	0.873274	0.820045	0.7859	0.844223	0.871878	0.919411	0.895591	0.88786	0.803254	0.860583	0.854552	0.87807	0.847231	0.844741	0.882175	0.900115	0.842887	0.846036	0.910637	0.84727	0.903453	0.88793	0.784991	0.796729	0.899685	0.900656	0.912975	0.85638	0.893386	0.913736	0.858472	0.635553	0.840663	0.867775	0.896876	0.901595	0.881563	0.930457	0.847507	0.87953	0.84066	0.877274	0.874677	0.90395	0.79894	0.813514	0.913148	0.836819	0.8817	0.865869	0.904484	0.876185	0.856773	0.839234	0.911429	0.757951	0.855113	0.92953	0.889114
skin_29	0.887941	0.868068	0.847287	0.903721	0.893588	0.838193	0.857579	0.871956	0.89772	0.86125	0.82886	0.864965	0.855974	0.886484	0.836306	0.903177	0.888885	0.906408	0.847544	0.874667	0.833895	0.89548	0.858933	0.751739	0.879663	0.845389	0.8924	0.932321	0	0.868845	0.903803	0.855544	0.871557	0.882756	0.802998	0.809788	0.842876	0.864983	0.875937	0.835973	0.818582	0.880536	0.878211	0.803846	0.862612	0.929788	0.88674	0.866996	0.7704	0.905928	0.853809	0.876355	0.858343	0.810551	0.863754	0.830153	0.860673	0.893836	0.871208	0.921546	0.900104	0.831652	0.917022	0.891329	0.815772	0.869361	0.878971	0.904766	0.870857	0.839887	0.868057	0.882545	0.855717	0.843977	0.850142	0.887944	0.812851	0.907833	0.881399	0.925016	0.843851	0.915406	0.856371	0.860824	0.885015	0.895185	0.879541	0.84839	0.777771	0.973013	0.880153	0.849795	0.892586	0.773254	0.846074	0.844303	0.89101	0.824172	0.817627	0.869003
skin_30	0.856667	0.870786	0.772292	0.876649	0.866019	0.859397	0.763158	0.882027	0.923848	0.837599	0.841654	0.850848	0.920594	0.866591	0.869085	0.908063	0.817635	0.891123	0.831249	0.868585	0.804406	0.804906	0.920838	0.880154	0.837449	0.862095	0.886707	0.879501	0.868845	0	0.89759	0.79627	0.927229	0.868055	0.917414	0.886404	0.826492	0.883883	0.836977	0.875171	0.909639	0.874142	0.844054	0.831849	0.898301	0.869595	0.852223	0.876145	0.882919	0.871322	0.93461	0.808667	0.887335	0.835025	0.885286	0.875561	0.825846	0.849525	0.843331	0.873135	0.905927	0.838684	0.882245	0.846129	0.85213	0.879855	0.883505	0.86954	0.904956	0.874673	0.900118	0.820124	0.860985	0.798575	0.880539	0.890848	0.878418	0.825086	0.905524	0.826588	0.874712	0.834946	0.848132	0.906696	0.85242	0.842436	0.824079	0.850855	0.829829	0.843238	0.952303	0.800028	0.831377	0.850672	0.856728	0.8652	0.848577	0.89932	0.861987	0.833495
skin_31	0.858343	0.914597	0.862121	0.880952	0.915968	0.901982	0.839031	0.895518	0.88536	0.877495	0.886625	0.895846	0.900617	0.841216	0.878039	0.895918	0.908454	0.906106	0.860279	0.783726	0.816526	0.949186	0.895114	0.896996	0.931559	0.830709	0.900955	0.897157	0.903803	0.89759	0	0.851089	0.843046	0.815972	0.932726	0.901918	0.901638	0.889171	0.88628	0.830588	0.794287	0.867726	0.918879	0.890112	0.917167	0.94215	0.917611	0.926288	0.849323	0.929023	0.897085	0.838683	0.88511	0.863651	0.878755	0.890439	0.898875	0.733696	0.862275	0.905416	0.927129	0.895922	0.861901	0.847899	0.870966	0.884356	0.888166	0.929424	0.908793	0.832732	0.969408	0.932677	0.912667	0.881558	0.880526	0.890657	0.90773	0.929895	0.876225	0.854389	0.950543	0.875625	0.942419	0.959899	0.876069	0.9149	0.873877	0.881535	0.901628	0.912144	0.956215	0.903737	0.888218	0.888423	0.900645	0.919057	0.905198	0.870081	0.895256	0.840463
skin_32	0.806664	0.816064	0.899804	0.858314	0.909478	0.879714	0.797004	0.869379	0.914947	0.864492	0.79795	0.859694	0.892397	0.902742	0.836576	0.870139	0.848495	0.897488	0.811897	0.886524	0.829858	0.879309	0.821185	0.798455	0.87902	0.870311	0.836143	0.874415	0.855544	0.79627	0.851089	0	0.870817	0.89751	0.909846	0.837805	0.87563	0.809363	0.807593	0.850853	0.891002	0.855949	0.905036	0.809872	0.888305	0.861934	0.891694	0.832093	0.875406	0.884764	0.831094	0.881184	0.824216	0.898195	0.834009	0.891559	0.785961	0.834937	0.807279	0.800148	0.869314	0.856536	0.845603	0.826961	0.898866	0.874298	0.848004	0.824018	0.857362	0.823526	0.892076	0.926684	0.863959	0.836341	0.890844	0.848613	0.909374	0.853157	0.856131	0.801505	0.878415	0.825693	0.897044	0.877829	0.817763	0.837871	0.922418	0.906094	0.837048	0.895262	0.881478	0.841772	0.845142	0.83732	0.805753	0.834653	0.838109	0.781259	0.809169	0.828366
skin_33	0.833505	0.763838	0.889208	0.937755	0.902525	0.888469	0.887472	0.903921	0.91582	0.901446	0.839942	0.878307	0.885896	0.861356	0.810111	0.859388	0.915973	0.920208	0.859367	0.898818	0.84223	0.915331	0.8554	0.868091	0.935552	0.873715	0.850734	0.877032	0.871557	0.927229	0.843046	0.870817	0	0.884351	0.897682	0.904569	0.896817	0.826769	0.895998	0.793515	0.855511	0.861844	0.916482	0.862683	0.878368	0.89311	0.917297	0.902713	0.840876	0.82009	0.893125	0.913815	0.778061	0.898799	0.888528	0.866628	0.884217	0.853575	0.854876	0.869383	0.920611	0.928075	0.891612	0.786511	0.912106	0.90865	0.928925	0.857458	0.948182	0.89839	0.895667	0.87137	0.899841	0.864354	0.863146	0.908781	0.907724	0.93296	0.852574	0.929371	0.91615	0.88754	0.913547	0.902799	0.845776	0.92657	0.8957	0.898887	0.884732	0.897898	0.883101	0.894431	0.85559	0.827473	0.885757	0.89993	0.929242	0.821342	0.927776	0.859261
skin_34	0.903003	0.887315	0.885616	0.863533	0.931874	0.878913	0.891261	0.789371	0.911526	0.920276	0.852459	0.944011	0.876592	0.884918	0.893042	0.878732	0.764232	0.808046	0.892048	0.904086	0.85239	0.88071	0.925145	0.882602	0.908505	0.823653	0.90698	0.879892	0.882756	0.868055	0.815972	0.89751	0.884351	0	0.92534	0.856537	0.87151	0.878183	0.899843	0.773124	0.816086	0.91061	0.891865	0.855193	0.863787	0.908554	0.943387	0.873578	0.91216	0.94974	0.862393	0.886062	0.856803	0.869721	0.878037	0.87666	0.915351	0.850833	0.871552	0.902078	0.916392	0.891856	0.862281	0.894128	0.872154	0.834047	0.8773	0.927974	0.903473	0.912515	0.837745	0.849545	0.851167	0.874399	0.875849	0.904681	0.887137	0.891252	0.954235	0.903587	0.950388	0.943151	0.903668	0.896771	0.915653	0.881763	0.894525	0.901897	0.86471	0.907417	0.924956	0.929967	0.907827	0.853245	0.892758	0.82938	0.871666	0.756046	0.88755	0.84458
skin_35	0.92826	0.888473	0.92286	0.855679	0.941913	0.851778	0.890666	0.909952	0.896029	0.8549	0.865924	0.922742	0.924244	0.902586	0.864718	0.912513	0.95764	0.945693	0.901601	0.93117	0.911521	0.910701	0.853261	0.857482	0.922084	0.856859	0.945128	0.875353	0.802998	0.917414	0.932726	0.909846	0.897682	0.92534	0	0.885736	0.915782	0.873468	0.892007	0.87738	0.78014	0.915335	0.8061	0.881871	0.913526	0.928236	0.908738	0.894751	0.870055	0.938491	0.881893	0.941224	0.875425	0.943387	0.875042	0.8881	0.967916	0.900144	0.879515	0.930352	0.913	0.909376	0.941552	0.845955	0.894749	0.870364	0.845527	0.898012	0.908922	0.89198	0.926965	0.839001	0.874827	0.945752	0.877704	0.903831	0.894786	0.903247	0.878461	0.888807	0.909691	0.88396	0.95237	0.916895	0.885871	0.886971	0.877889	0.861921	0.787321	0.919976	0.868238	0.849214	0.910486	0.883053	0.825832	0.905885	0.888277	0.895635	0.957876	0.921566
skin_36	0.834541	0.831236	0.906544	0.88138	0.864453	0.888381	0.854331	0.864347	0.909192	0.836639	0.856751	0.834442	0.851409	0.862279	0.818721	0.898068	0.876256	0.919695	0.861557	0.868129	0.890124	0.86205	0.843716	0.807025	0.917293	0.849385	0.84667	0.85336	0.809788	0.886404	0.901918	0.837805	0.904569	0.856537	0.885736	0	0.871529	0.796136	0.851003	0.846155	0.869725	0.783107	0.9012	0.837055	0.839262	0.852232	0.806238	0.884051	0.871139	0.854461	0.864041	0.830455	0.820034	0.892443	0.872894	0.853462	0.917992	0.883342	0.882854	0.85434	0.937452	0.815428	0.890052	0.900274	0.880313	0.85029	0.848772	0.931105	0.800372	0.8904	0.883772	0.887279	0.835349	0.82732	0.882552	0.835916	0.878546	0.914783	0.935033	0.84888	0.847265	0.915678	0.872954	0.862454	0.934682	0.870488	0.815299	0.851055	0.782447	0.850967	0.874407	0.854131	0.89147	0.828453	0.817068	0.863548	0.878655	0.763274	0.831466	0.806614
skin_37	0.830495	0.862115	0.819961	0.942427	0.907886	0.828187	0.827619	0.873202	0.918772	0.872216	0.879155	0.850461	0.888536	0.918293	0.885596	0.902711	0.894554	0.862741	0.905551	0.880201	0.892494	0.817538	0.930548	0.829238	0.945461	0.929877	0.932152	0.892291	0.842876	0.826492	0.901638	0.87563	0.896817	0.87151	0.915782	0.871529	0	0.885485	0.892772	0.940803	0.912923	0.862913	0.881457	0.847923	0.896446	0.862563	0.901677	0.872047	0.833895	0.944913	0.910581	0.890071	0.937427	0.927041	0.895667	0.881218	0.942852	0.864544	0.86307	0.920517	0.944162	0.897675	0.910479	0.826349	0.830696	0.928657	0.93187	0.881849	0.929951	0.910932	0.900565	0.880885	0.902835	0.813152	0.945844	0.931879	0.88163	0.893748	0.884576	0.890431	0.884537	0.923073	0.810212	0.923705	0.875155	0.918862	0.871569	0.913519	0.918577	0.928289	0.828093	0.843154	0.863938	0.91835	0.85441	0.892352	0.861066	0.885281	0.943337	0.853658
skin_38	0.881159	0.886888	0.900498	0.914858	0.926387	0.895125	0.837443	0.805172	0.897784	0.905704	0.885522	0.833656	0.869575	0.86935	0.759422	0.854101	0.903984	0.907074	0.870028	0.914813	0.871523	0.906369	0.883514	0.890222	0.94202	0.801075	0.825564	0.789906	0.864983	0.883883	0.889171	0.809363	0.826769	0.878183	0.873468	0.796136	0.885485	0	0.879156	0.88113	0.855162	0.825227	0.942513	0.897067	0.879702	0.859549	0.914467	0.867339	0.956054	0.901301	0.823554	0.88977	0.860356	0.820111	0.906327	0.870452	0.872706	0.862408	0.872785	0.791846	0.925692	0.89081	0.918794	0.896857	0.886713	0.871323	0.884205	0.85977	0.917744	0.827051	0.929465	0.903936	0.857686	0.890696	0.825458	0.817874	0.878609	0.884389	0.869784	0.883628	0.907983	0.884319	0.8925	0.845984	0.876624	0.786775	0.87169	0.898112	0.875176	0.859747	0.878544	0.86656	0.814875	0.852157	0.860364	0.933894	0.864738	0.877367	0.921557	0.905349
skin_39	0.875394	0.83069	0.84268	0.822702	0.930744	0.90482	0.859481	0.846787	0.85373	0.86155	0.835033	0.847841	0.866379	0.867896	0.887415	0.877575	0.876764	0.878514	0.825727	0.874685	0.867073	0.826518	0.902345	0.809967	0.929585	0.882641	0.851714	0.893858	0.875937	0.836977	0.88628	0.807593	0.895998	0.899843	0.892007	0.851003	0.892772	0.879156	0	0.839232	0.877169	0.920859	0.861145	0.796386	0.866352	0.884503	0.909373	0.892997	0.855069	0.82009	0.918875	0.881294	0.857159	0.942921	0.898911	0.881364	0.893032	0.868693	0.852574	0.912181	0.889479	0.832013	0.903691	0.845635	0.890455	0.855928	0.919867	0.900395	0.919339	0.844542	0.941986	0.791986	0.856751	0.88654	0.859362	0.905384	0.894038	0.841748	0.894957	0.808898	0.863351	0.8822	0.829029	0.895777	0.803744	0.861329	0.904934	0.86207	0.786615	0.88595	0.912214	0.86278	0.852589	0.899443	0.843106	0.869793	0.891538	0.815699	0.915585	0.841421
skin_40	0.808564	0.720857	0.864813	0.874906	0.818461	0.827425	0.869556	0.811683	0.830527	0.802361	0.850848	0.860193	0.85241	0.741077	0.823826	0.849445	0.836387	0.912567	0.77618	0.846404	0.847219	0.856287	0.849956	0.830802	0.894423	0.820827	0.883752	0.889816	0.835973	0.875171	0.830588	0.850853	0.793515	0.773124	0.87738	0.846155	0.940803	0.88113	0.839232	0	0.768757	0.890857	0.859019	0.855651	0.874814	0.864486	0.885963	0.821926	0.86107	0.833356	0.868474	0.860245	0.739774	0.875101	0.877307	0.906125	0.840389	0.827389	0.816925	0.798592	0.845965	0.850259	0.887267	0.740988	0.823853	0.806729	0.83572	0.905052	0.886547	0.825288	0.838371	0.797044	0.83618	0.817377	0.818241	0.792416	0.879559	0.900604	0.879171	0.83014	0.852673	0.862456	0.835826	0.86528	0.804907	0.805655	0.810065	0.835028	0.786872	0.828661	0.818264	0.854993	0.831093	0.717931	0.873163	0.88709	0.853246	0.807713	0.86083	0.795201
skin_41	0.921913	0.898323	0.912337	0.892986	0.904218	0.902916	0.898172	0.899685	0.946837	0.910954	0.866623	0.874218	0.859605	0.881706	0.828098	0.814831	0.913936	0.927669	0.878991	0.872101	0.926221	0.869228	0.879038	0.876536	0.906245	0.810778	0.916679	0.896074	0.818582	0.909639	0.794287	0.891002	0.855511	0.816086	0.78014	0.869725	0.912923	0.855162	0.877169	0.768757	0	0.914024	0.875697	0.880601	0.927867	0.858955	0.923389	0.925943	0.903864	0.886199	0.906421	0.910905	0.838354	0.9193	0.843922	0.874806	0.86897	0.845386	0.875587	0.889446	0.854148	0.881883	0.908347	0.838152	0.828044	0.799154	0.860393	0.90292	0.919493	0.895762	0.909581	0.883804	0.852231	0.892911	0.911103	0.862863	0.873376	0.914655	0.95365	0.886945	0.899335	0.869283	0.907236	0.909299	0.877965	0.856766	0.926615	0.863515	0.812323	0.884261	0.845681	0.914243	0.902272	0.757468	0.903841	0.82827	0.85523	0.837111	0.842122	0.920694
skin_42	0.825103	0.847157	0.890746	0.908984	0.916954	0.885242	0.804475	0.913944	0.820724	0.90804	0.809465	0.806796	0.856355	0.899331	0.88032	0.869756	0.89342	0.909203	0.864492	0.804622	0.840147	0.889761	0.821658	0.864878	0.920083	0.886309	0.885591	0.873274	0.880536	0.874142	0.867726	0.855949	0.861844	0.91061	0.915335	0.783107	0.862913	0.825227	0.920859	0.890857	0.914024	0	0.919851	0.826391	0.860403	0.85918	0.873194	0.839038	0.796872	0.841887	0.880772	0.876403	0.823576	0.80612	0.853393	0.843585	0.861343	0.849177	0.844882	0.872359	0.927357	0.83371	0.895364	0.889653	0.873729	0.829487	0.801108	0.85977	0.866992	0.819864	0.945602	0.909292	0.890715	0.835962	0.863526	0.853509	0.860469	0.884341	0.817893	0.87888	0.850491	0.887718	0.887663	0.870529	0.87266	0.878653	0.90191	0.803384	0.818483	0.844792	0.870512	0.870007	0.843139	0.837104	0.804794	0.910804	0.89051	0.892027	0.893561	0.794122
skin_43	0.839908	0.843592	0.914774	0.83937	0.899794	0.838633	0.895792	0.803586	0.947721	0.82726	0.884384	0.894536	0.912798	0.892947	0.846662	0.845829	0.935736	0.887365	0.858369	0.903953	0.847151	0.881759	0.860922	0.874162	0.896322	0.90609	0.916371	0.820045	0.878211	0.844054	0.918879	0.905036	0.916482	0.891865	0.8061	0.9012	0.881457	0.942513	0.861145	0.859019	0.875697	0.919851	0	0.83364	0.908433	0.89646	0.874614	0.937577	0.890728	0.901384	0.918155	0.867185	0.916102	0.901129	0.886178	0.804101	0.933282	0.920362	0.885464	0.924807	0.85382	0.819807	0.946698	0.884097	0.812074	0.85711	0.834806	0.782372	0.951962	0.841055	0.877536	0.843125	0.83896	0.818886	0.866641	0.904723	0.910045	0.884093	0.870976	0.812019	0.871155	0.826542	0.818433	0.863017	0.921739	0.862639	0.778814	0.862436	0.816664	0.926621	0.8387	0.867764	0.922271	0.849566	0.850943	0.836144	0.850235	0.903989	0.875291	0.863352
skin_44	0.753743	0.797486	0.774723	0.907794	0.895121	0.782424	0.799256	0.811572	0.89521	0.800582	0.807501	0.830212	0.847142	0.87708	0.822061	0.828822	0.847657	0.894042	0.766912	0.840657	0.759387	0.857352	0.764803	0.77543	0.86057	0.838155	0.783385	0.7859	0.803846	0.831849	0.890112	0.809872	0.862683	0.855193	0.881871	0.837055	0.847923	0.897067	0.796386	0.855651	0.880601	0.826391	0.83364	0	0.822454	0.864161	0.865248	0.7787	0.85567	0.794279	0.868897	0.805827	0.796379	0.847958	0.850427	0.856371	0.817379	0.796443	0.86222	0.822064	0.86017	0.787266	0.870032	0.784525	0.771795	0.854267	0.805735	0.872018	0.887856	0.860057	0.921708	0.868205	0.838379	0.766201	0.901898	0.895579	0.899501	0.858704	0.865669	0.822157	0.827408	0.849019	0.818049	0.842825	0.872326	0.752577	0.846441	0.898408	0.77508	0.932265	0.882059	0.856987	0.862233	0.778935	0.890717	0.892906	0.875601	0.865429	0.880044	0.852452
