SampleID	vaginal_1	vaginal_2	vaginal_3	vaginal_4	vaginal_5	vaginal_6	vaginal_7	vaginal_8	vaginal_9	vaginal_10	vaginal_11	vaginal_12	vaginal_13	vaginal_14	vaginal_15	vaginal_16	vaginal_17	vaginal_18	vaginal_19	vaginal_20	vaginal_21	vaginal_22	vaginal_23	vaginal_24	vaginal_25	vaginal_26	vaginal_27	vaginal_28	vaginal_29	vaginal_30	vaginal_31	vaginal_32	vaginal_33	vaginal_34	vaginal_35	vaginal_36	vaginal_37	vaginal_38	vaginal_39	vaginal_40	vaginal_41	vaginal_42	vaginal_43	vaginal_44	vaginal_45	vaginal_46	vaginal_47	vaginal_48	vaginal_49	vaginal_50	vaginal_51	vaginal_52	vaginal_53	vaginal_54	vaginal_55	vaginal_56	vaginal_57	vaginal_58	vaginal_59	vaginal_60	vaginal_61	vaginal_62	vaginal_63	vaginal_64	vaginal_65	vaginal_66	vaginal_67	vaginal_68	vaginal_69	vaginal_70	vaginal_71	vaginal_72	vaginal_73	vaginal_74	vaginal_75	vaginal_76	vaginal_77	vaginal_78	vaginal_79	vaginal_80	vaginal_81	vaginal_82	vaginal_83	vaginal_84	vaginal_85	vaginal_86	vaginal_87	vaginal_88	vaginal_89	vaginal_90	vaginal_91	vaginal_92	vaginal_93	vaginal_94	vaginal_95	vaginal_96	vaginal_97	vaginal_98	vaginal_99	vaginal_100
vaginal_1	0	0.856666	0.918958	1	0.981391	0.877079	0.965616	0.924525	0.94204	0.921999	0.946348	0.904815	0.97392	0.912469	0.984622	0.92574	0.973246	0.648314	0.910886	0.945475	0.913966	1	0.757513	0.93397	0.890888	0.917449	0.855006	0.780553	0.868402	1	0.957342	0.922769	0.940109	0.900867	0.943142	0.899584	0.936938	0.947044	0.964667	1	0.958737	0.989333	0.953131	0.900729	0.954876	0.795114	0.863392	0.948097	0.952512	0.81962	0.875345	0.921821	0.748143	0.904953	0.926221	0.992879	0.968438	0.97568	0.956718	0.881299	0.900685	0.881931	0.819002	0.910624	0.946605	0.973563	0.897801	0.926764	0.923404	0.806965	0.85634	0.846135	0.981381	0.79938	0.926419	0.932095	0.967839	0.930335	0.889184	0.929577	0.989333	0.940366	0.967387	0.968612	0.872957	0.873698	0.948291	0.982198	0.88015	0.948602	0.832385	0.971167	1	0.980997	0.961284	1	0.949036	0.883475	0.957806	0.917734
vaginal_2	0.856666	0	0.893959	0.988419	0.903113	0.914687	0.93591	0.93125	0.971656	0.901209	0.813072	0.875283	0.970427	0.860075	0.848308	0.866491	0.853235	0.974797	0.902175	0.922871	0.878353	0.876533	0.896431	0.997701	0.968468	0.930264	0.883845	0.896998	0.781998	1	0.892886	0.792584	0.973365	0.916107	0.922104	0.917826	0.935642	0.965982	0.832233	0.984027	0.93973	0.981667	0.892564	0.949687	0.802672	0.910758	0.884922	0.952998	0.907663	0.972289	0.923389	0.916847	0.933037	0.872079	0.954709	0.963661	0.91303	0.932644	0.978379	0.81003	0.907688	0.980321	0.933634	0.948327	0.947254	0.883556	0.923743	0.943307	0.979421	0.864321	0.894656	0.912148	0.799227	0.884655	0.930991	0.919276	0.801572	0.915799	0.858768	0.954629	0.918102	0.938395	0.930318	0.916837	0.922376	0.910452	0.942974	1	0.861757	0.746278	0.967802	0.964937	1	0.898195	0.887249	0.974086	0.959085	0.911478	0.917713	0.860835
vaginal_3	0.918958	0.893959	0	1	0.985437	0.8761	0.941645	0.930707	0.875119	0.916588	0.842732	0.87562	0.893414	0.860641	0.727531	0.897913	0.878323	0.973736	0.911961	0.956163	0.897085	0.971228	0.922055	0.97554	0.930928	0.950251	0.886119	0.9187	0.874951	0.749058	0.921817	0.871456	0.972222	0.930767	0.90339	0.951724	0.796915	0.936728	0.952449	0.983158	0.906814	0.947054	0.896211	0.902119	0.885008	0.875357	0.927033	0.946415	0.900786	0.875018	0.916337	0.904649	0.747444	0.896447	0.981153	0.851803	0.953469	0.972589	0.966786	0.947662	0.88998	0.973796	0.933917	0.900047	0.969946	0.899211	0.883456	0.94126	0.881209	0.885374	0.826003	0.894157	0.884641	0.924006	0.938472	0.843619	0.819025	0.923018	0.918898	0.927538	0.975908	0.844275	0.851799	0.928975	0.855003	0.93643	0.983045	1	0.914566	0.93913	0.971808	0.924099	0.955411	0.823496	0.919193	0.870153	0.96863	0.872328	0.959728	0.839362
vaginal_4	1	0.988419	1	0	0.956423	0.977169	0.988985	0.979068	0.940376	0.978708	0.988985	0.959617	0.947655	0.792558	1	0.984511	0.840463	0.995936	0.851893	0.910174	0.946829	1	0.96573	0.947222	0.962195	0.908925	0.852072	0.940164	0.880954	0.975856	1	0.904302	0.910096	0.940034	0.883013	0.89892	0.984456	0.991496	0.980314	0.963953	0.849035	0.753613	0.949742	0.911459	0.963007	0.971493	0.959378	0.858878	0.985656	1	0.924491	0.967701	0.981079	0.997084	0.947905	0.884161	0.97392	0.898345	0.883718	0.971258	0.851467	0.97535	0.962822	0.914248	0.938376	0.872329	0.931597	0.900516	0.963745	0.777517	0.896681	0.98829	0.994993	0.912904	1	0.910268	0.951527	0.927893	0.962433	0.973807	1	0.972203	0.942289	0.92239	0.93746	0.837677	0.947222	0.947222	0.952208	0.952053	1	0.953255	0.893001	0.840696	0.948537	0.773186	1	0.994944	0.977986	0.914208
vaginal_5	0.981391	0.903113	0.985437	0.956423	0	0.924691	1	0.955157	0.957486	0.990363	0.86572	0.976886	0.970247	1	1	0.955709	0.935048	0.942439	0.940673	0.937087	0.957434	1	0.981809	0.841368	0.983575	0.970566	0.964556	0.954177	0.940801	0.978852	1	0.97413	1	0.966006	0.946834	0.882496	0.984448	0.984547	0.965603	0.941696	0.90982	0.985908	0.912137	0.986634	0.993639	0.986634	0.949109	0.994489	0.968398	0.995873	0.940542	0.965602	0.939333	0.911386	0.994972	1	0.92629	1	1	0.863243	0.981022	0.984889	0.984703	0.979945	0.980175	0.90726	0.922175	0.990513	0.896857	0.990936	0.895091	0.983814	0.956309	0.981642	0.872929	0.951915	0.970265	0.76782	0.908113	0.95243	0.844863	0.926904	0.941018	0.934275	0.937085	0.983604	1	0.944665	0.982378	0.880428	1	0.910868	0.954384	0.986634	0.946248	0.919807	0.921687	0.98814	0.970923	0.946951
vaginal_6	0.877079	0.914687	0.8761	0.977169	0.924691	0	0.963128	0.872809	0.904823	0.921226	0.835431	0.908584	0.924196	0.831274	0.791524	0.883829	0.953021	0.909984	0.906224	0.895311	0.938289	0.965233	0.836648	0.929648	0.92373	0.973101	0.830331	0.857076	0.839853	0.9476	0.906762	0.85071	0.917565	0.870574	0.919095	0.885431	0.950712	0.916961	0.868369	0.961285	0.821852	0.896056	0.949629	0.869386	0.840403	0.889757	0.771748	0.912027	0.905954	0.90585	0.963232	0.849109	0.922186	0.951846	0.877431	0.957232	0.899595	0.908212	0.986049	0.870611	0.84665	0.937677	0.948889	0.89164	0.819654	0.879367	0.885121	0.853233	0.799242	0.932037	0.896949	0.941676	0.970264	0.895479	0.877246	0.844064	0.912274	0.900158	0.849816	0.797271	0.828504	0.897955	0.939691	0.907006	0.852471	0.874755	0.959565	0.922122	0.934228	0.913159	0.95886	0.9957	0.913211	0.937582	0.868666	0.973546	0.883209	0.942596	0.923574	0.971024
vaginal_7	0.965616	0.93591	0.941645	0.988985	1	0.963128	0	0.888008	0.922752	0.884016	0.963225	0.94133	0.903712	0.941184	0.899286	0.900127	0.973754	0.924974	0.905911	0.996982	0.87163	0.952992	0.951306	0.950562	0.967272	0.983274	0.939374	0.872005	0.913266	0.813488	0.938601	0.975646	0.902669	1	0.938793	0.950712	0.984274	0.883163	0.950709	0.934788	0.922567	0.961888	0.957547	0.974882	0.733638	0.926217	0.992844	0.960524	0.94204	0.984693	0.923737	0.98348	0.930712	0.865293	0.930961	0.887495	0.898663	0.980501	0.959271	0.873122	0.956275	0.972736	0.966775	0.944567	0.869297	0.960358	0.831385	0.922744	0.59727	0.929571	0.988096	0.969353	0.863114	0.946923	0.940176	0.97468	0.823369	0.915844	0.938015	0.967011	0.914729	0.871609	0.89121	0.921869	0.890125	0.862097	1	0.978575	0.792685	0.953344	0.949505	1	1	0.8976	0.894868	0.874485	0.914504	0.775197	0.918497	0.953893
vaginal_8	0.924525	0.93125	0.930707	0.979068	0.955157	0.872809	0.888008	0	0.83429	0.777026	0.855985	0.773484	0.894191	0.913737	0.899205	0.867314	0.932907	0.928506	0.873205	0.952731	0.966319	0.902219	0.818444	0.90376	0.88573	0.753942	0.852088	0.913513	0.844644	0.931089	0.968739	0.817168	0.830309	0.747312	0.876134	0.83566	0.962096	0.735601	0.813474	0.953406	0.81912	0.818603	0.797123	0.857617	0.91125	0.769661	0.941507	0.868553	0.895968	0.872064	0.956794	0.857044	0.949585	0.842462	0.913975	0.932229	0.857437	0.903396	0.883062	0.842608	0.906145	0.882926	0.844271	0.826436	0.887505	0.832376	0.956903	0.827964	0.928908	0.855219	0.913561	0.966303	0.961869	0.827785	0.799729	0.873552	0.834941	0.829979	0.910683	0.756392	0.854239	0.926951	0.821593	0.747687	0.832602	0.919132	0.940138	0.930828	0.869238	0.86553	0.931322	0.961038	0.968385	0.853987	0.849451	0.921378	0.848245	0.894331	0.860352	0.963561
vaginal_9	0.94204	0.971656	0.875119	0.940376	0.957486	0.904823	0.922752	0.83429	0	0.866289	0.96147	0.891509	0.745209	0.809199	0.944423	0.902066	0.957256	0.88095	0.91018	0.9325	0.922434	0.946498	0.893586	0.971596	0.896595	0.831717	0.881946	0.861865	0.813015	0.958	0.987896	0.843154	0.952615	0.908517	0.895224	0.901029	0.95414	0.873784	0.83952	0.808852	0.804074	0.89837	0.854288	0.831108	0.942876	0.789323	0.899505	0.808436	0.936494	0.863577	0.895629	0.890063	0.902398	0.88088	0.952577	0.805255	0.843889	0.967866	0.869828	0.887528	0.881909	0.945133	0.870098	0.88173	0.8365	0.851447	0.821681	0.933452	0.824983	0.896634	0.882904	0.912589	0.963494	0.878048	0.949249	0.866303	0.826495	0.868497	0.857642	0.79949	0.883899	0.830597	0.917715	0.855137	0.857915	0.834716	0.952503	0.906287	0.930716	0.954442	0.927298	0.981866	0.989539	0.886013	0.894279	0.727117	0.954711	0.921143	0.797204	0.939735
vaginal_10	0.921999	0.901209	0.916588	0.978708	0.990363	0.921226	0.884016	0.777026	0.866289	0	0.870585	0.970821	0.80415	0.87985	0.965388	0.921717	0.918624	0.96685	0.932923	0.886467	0.859333	1	0.897906	0.96221	0.909249	0.868989	0.839256	0.969467	0.794133	0.889735	1	0.856782	0.935763	0.910223	0.781668	0.85416	0.991415	0.854712	0.923481	0.965472	0.94773	0.848118	0.858402	0.893692	0.888119	0.871523	0.922214	0.901498	0.906849	0.864081	0.893023	0.840953	0.963192	0.830893	0.882964	1	0.974953	0.96829	0.925187	0.927985	0.871628	0.983576	0.933061	0.775644	0.888495	0.893871	0.859411	0.858907	0.92765	0.903094	0.911134	0.855283	0.962336	0.859051	0.89592	0.78542	0.882364	0.961714	0.842893	0.92136	0.971446	0.823384	0.894383	0.926054	0.744197	0.921393	0.914227	0.994166	0.941281	0.88383	0.890423	0.936053	0.870229	0.899469	0.918411	0.870095	0.852365	0.847048	0.871801	0.851522
vaginal_11	0.946348	0.813072	0.842732	0.988985	0.86572	0.835431	0.963225	0.855985	0.96147	0.870585	0	0.775014	0.984108	0.869685	0.947033	0.826151	0.914382	0.97867	0.900786	0.903835	0.873182	1	0.897706	0.841321	0.967351	0.905118	0.906921	0.888119	0.828837	0.98944	0.988081	0.798131	0.990082	0.861263	0.896849	0.854977	0.924603	0.921777	0.850301	0.866154	0.93638	0.979306	0.849319	0.877351	0.881296	0.866912	0.866908	0.859216	0.860109	0.971952	0.898725	0.896266	0.879488	0.908976	0.928922	0.991174	0.883105	0.919164	1	0.700143	0.797252	0.925706	0.955975	0.920586	0.926983	0.740095	0.914649	0.906291	0.9018	0.90632	0.857011	0.915055	0.881156	0.860191	0.789718	0.893928	0.929875	0.872698	0.796061	0.949453	0.754186	0.893092	0.867597	0.871526	0.888244	0.833145	0.888129	0.985945	0.90185	0.940415	0.89052	0.976558	0.895402	0.975756	0.942789	0.957461	0.870588	0.936314	0.882066	0.856956
vaginal_12	0.904815	0.875283	0.87562	0.959617	0.976886	0.908584	0.94133	0.773484	0.891509	0.970821	0.775014	0	0.968401	0.823546	0.929069	0.951912	0.986986	0.976106	0.803722	0.928712	0.974158	0.799923	0.93286	0.958701	0.894973	0.750396	0.879177	0.949795	0.793949	0.951786	0.990193	0.889558	0.762093	0.951266	0.971222	0.915267	0.994866	0.715312	0.856076	0.989525	0.919594	0.95698	0.936311	0.88655	0.878176	0.678593	0.90962	0.961452	0.927424	0.943783	0.9558	0.925064	0.917018	0.876215	0.972667	0.991128	0.923393	0.871041	0.957686	0.875397	0.849057	0.978958	0.902727	0.873734	0.927463	0.830529	0.947147	0.913265	0.960872	0.877728	0.945366	0.959835	0.907843	0.946294	0.950054	0.911253	0.921693	0.955075	0.881186	0.864676	0.939141	0.948611	0.943072	0.870022	0.836577	0.966653	0.966367	0.915909	0.974279	0.980138	0.960745	0.993371	0.983995	0.865937	0.82559	0.972896	0.971113	0.926994	0.918189	0.881805
vaginal_13	0.97392	0.970427	0.893414	0.947655	0.970247	0.924196	0.903712	0.894191	0.745209	0.80415	0.984108	0.968401	0	0.933068	0.977962	0.896524	0.971718	0.944912	0.940984	0.952816	0.929195	1	0.848323	0.9147	0.899161	0.87712	0.831739	0.844686	0.912324	0.929026	0.965207	0.906564	0.976901	0.928433	0.871844	0.858323	0.972009	0.877766	0.956812	0.946748	0.962308	0.892153	0.840819	0.947784	0.840168	0.9267	0.963517	0.916974	0.816373	0.909345	0.881505	0.87769	0.932588	0.805893	0.880078	0.818833	0.856887	0.895131	0.866367	0.964764	0.921335	0.992675	0.931519	0.77952	0.858759	0.91827	0.848694	0.940095	0.788827	0.959075	0.945805	0.91998	0.946176	0.856895	0.952187	0.869624	0.881245	0.882946	0.858868	0.858601	0.958951	0.850532	0.944894	0.861687	0.880192	0.934118	0.961799	0.956784	0.957548	0.967673	0.935218	0.950764	0.938838	0.881486	0.88114	0.756678	0.951879	0.9758	0.919897	0.993895
vaginal_14	0.912469	0.860075	0.860641	0.792558	1	0.831274	0.941184	0.913737	0.809199	0.87985	0.869685	0.823546	0.933068	0	0.879769	0.921473	0.897956	0.902955	0.924738	0.890895	0.891627	0.951873	0.890732	0.978613	0.982069	0.924345	0.91616	0.936772	0.817557	0.90206	0.923629	0.882932	0.909566	0.852612	0.917297	0.962722	0.95141	0.900522	0.9536	1	0.827673	0.891217	0.926736	0.90162	0.888139	0.872915	0.917944	0.879979	0.888684	0.872052	0.871449	0.910024	0.892676	0.955712	0.902809	0.880699	0.932277	0.913161	1	0.898133	0.802359	0.972093	0.950239	0.9055	0.816825	0.859454	0.906974	0.906829	0.968493	0.865906	0.937386	0.890714	0.939809	0.906757	0.950817	0.860721	0.909587	0.958974	0.808542	0.849355	0.961672	0.888096	0.939013	0.979177	0.85787	0.883581	0.905481	0.941386	0.884233	0.94814	0.974149	0.973503	0.912169	0.939271	0.93318	0.91099	0.969093	0.944712	0.909969	0.826721
vaginal_15	0.984622	0.848308	0.727531	1	1	0.791524	0.899286	0.899205	0.944423	0.965388	0.947033	0.929069	0.977962	0.879769	0	0.818453	0.876181	0.991621	0.839871	0.950962	0.890838	0.945881	0.889198	1	0.91152	0.94423	0.910168	0.844845	0.839664	0.79903	0.817293	0.880831	0.972222	0.940495	0.919075	0.923617	0.947536	0.842564	0.925793	0.946521	0.845602	0.921176	0.913989	0.913827	0.809523	0.85668	0.936864	0.997057	0.890146	0.930763	0.876618	0.841737	0.808962	0.92062	0.93212	0.900993	1	0.924879	0.94047	0.972956	0.920505	0.949289	0.976098	0.95658	0.963518	0.840297	0.92699	0.859329	0.831671	0.862235	0.930548	0.930811	0.820127	0.883491	0.994009	0.898957	0.833284	0.921989	0.923146	0.930672	1	0.893588	0.860324	0.858854	0.881941	0.938477	0.778109	0.917947	0.874453	0.925489	0.936607	0.924397	1	0.848835	0.843024	0.87641	1	0.809661	0.939234	0.905698
vaginal_16	0.92574	0.866491	0.897913	0.984511	0.955709	0.883829	0.900127	0.867314	0.902066	0.921717	0.826151	0.951912	0.896524	0.921473	0.818453	0	0.912028	0.937116	0.955934	0.888985	0.923136	0.979098	0.822211	0.957647	0.852276	0.861382	0.870882	0.80056	0.811782	0.991534	0.904091	0.827667	0.915311	0.930867	0.952689	0.869128	0.929521	0.882157	0.897321	0.86649	0.903668	0.921557	0.656726	0.926201	0.869696	0.838027	0.910782	0.909369	0.879241	0.961587	0.864234	0.879263	0.849307	0.831125	0.843824	0.936904	0.909794	0.833416	0.960872	0.910296	0.859188	0.941591	0.925331	0.930504	0.882487	0.703815	0.881166	0.828935	0.877426	0.872275	0.813668	0.869214	0.894154	0.806926	0.819633	0.874383	0.884909	0.879456	0.79934	0.858615	0.967752	0.844846	0.898376	0.760085	0.90033	0.833858	0.910767	0.87971	0.894524	0.911374	0.950116	0.950386	0.922494	0.936748	0.865124	0.916169	0.925415	0.890873	0.81176	0.887579
vaginal_17	0.973246	0.853235	0.878323	0.840463	0.935048	0.953021	0.973754	0.932907	0.957256	0.918624	0.914382	0.986986	0.971718	0.897956	0.876181	0.912028	0	0.958292	0.849645	0.874559	0.879129	0.896722	0.924549	0.990619	0.924215	0.925624	0.891421	0.945772	0.938608	1	0.858038	0.906266	0.975313	0.827697	0.95091	0.925385	0.933148	0.943341	0.901629	0.991911	0.864547	0.933435	0.903259	0.907733	0.891046	0.875471	0.880738	0.949082	0.979146	0.942893	0.881038	0.93234	0.912953	0.886491	0.957349	0.914474	0.946422	0.748006	1	0.930794	0.943855	0.97535	0.918534	0.981001	0.964772	0.919166	0.963319	0.905372	0.966338	0.880219	0.762699	0.917744	0.962388	0.950515	0.937082	0.894859	0.859739	0.800969	0.913966	0.979871	0.974539	0.81406	0.75589	0.897286	0.936535	0.962618	0.92821	0.963476	0.888847	0.886968	0.923821	0.914687	0.926832	0.835032	0.832551	0.959064	0.929139	0.905155	0.914773	0.980528
vaginal_18	0.648314	0.974797	0.973736	0.995936	0.942439	0.909984	0.924974	0.928506	0.88095	0.96685	0.97867	0.976106	0.944912	0.902955	0.991621	0.937116	0.958292	0	0.952932	0.988909	0.933757	1	0.849569	0.981761	0.905751	0.985633	0.939011	0.841139	0.888929	0.967037	0.964463	0.971326	0.955456	0.904609	0.983168	0.940868	0.868219	0.908716	0.935607	1	0.917317	0.938212	0.982734	0.952217	0.943317	0.778023	0.896337	0.888115	0.951205	0.880078	0.935705	0.947711	0.855162	0.969929	0.985017	0.948173	0.917827	0.985155	1	0.91608	0.877997	0.853733	0.786398	0.909754	0.91183	0.974578	0.913595	0.937884	0.98054	0.965827	0.975763	0.817477	0.891663	0.943715	0.94331	0.927668	0.929238	0.912654	0.882661	0.898342	0.910852	0.912765	0.944209	0.990943	0.866701	0.950232	0.982397	0.969351	0.804552	0.918803	0.903195	0.956247	0.98411	0.97901	0.989527	1	0.997979	0.980197	0.870505	0.966648
vaginal_19	0.910886	0.902175	0.911961	0.851893	0.940673	0.906224	0.905911	0.873205	0.91018	0.932923	0.900786	0.803722	0.940984	0.924738	0.839871	0.955934	0.849645	0.952932	0	0.806313	0.948568	0.963293	0.868091	0.898725	0.838624	0.886888	0.717716	0.855825	0.80344	0.822102	0.987504	0.815736	0.904176	0.936528	0.812229	0.938683	0.905907	0.867833	0.897562	0.982807	0.837977	0.976301	0.937221	0.920153	0.792383	0.707945	0.801133	0.899428	0.885306	0.89852	0.818979	0.796408	0.808912	0.880357	0.979459	0.969753	0.88084	0.868201	0.953739	0.891366	0.8135	0.916405	0.872422	0.83822	0.944907	0.835756	0.923431	0.966581	0.810945	0.902783	0.846872	0.940116	0.877716	0.885851	0.960234	0.7314	0.784397	0.849444	0.874765	0.7669	0.961314	0.895597	0.799973	0.870932	0.814772	0.955931	0.882296	0.855289	0.76571	0.916995	0.990277	0.972347	0.900176	0.728594	0.836066	0.856088	0.964484	0.892946	0.864497	0.958233
vaginal_20	0.945475	0.922871	0.956163	0.910174	0.937087	0.895311	0.996982	0.952731	0.9325	0.886467	0.903835	0.928712	0.952816	0.890895	0.950962	0.888985	0.874559	0.988909	0.806313	0	0.908107	0.871278	0.90853	0.712523	0.871675	0.931357	0.821452	0.886173	0.903299	0.9383	0.913712	0.87115	0.916249	0.98843	0.877976	0.945397	0.933092	0.94234	0.942228	0.930639	0.923681	0.914332	0.903372	0.943375	0.920424	0.914792	0.851457	0.883088	0.929965	0.910003	0.90609	0.883317	0.875247	0.932705	0.900791	0.92236	0.925283	0.956605	0.974532	0.784589	0.89898	0.981254	0.913441	0.823342	0.86442	0.830718	0.810039	0.893658	0.928911	0.970032	0.851458	0.910797	0.966595	0.888552	0.920641	0.837107	0.94095	0.868248	0.811339	0.89425	0.995366	0.818053	0.934664	0.870945	0.917023	0.927206	0.821224	0.933389	0.841111	0.915721	0.969595	0.997475	0.93014	0.729796	0.86136	0.910532	0.95336	0.881981	0.887618	0.919371
vaginal_21	0.913966	0.878353	0.897085	0.946829	0.957434	0.938289	0.87163	0.966319	0.922434	0.859333	0.873182	0.974158	0.929195	0.891627	0.890838	0.923136	0.879129	0.933757	0.948568	0.908107	0	0.919456	0.821066	0.98444	0.956643	0.975432	0.823662	0.863687	0.86416	0.99041	0.942391	0.921728	0.973605	0.849393	0.848429	0.970464	0.9884	0.846939	0.88025	0.931775	0.907025	0.885166	0.912128	0.922738	0.874222	0.862782	0.862437	0.953298	0.944686	0.962732	0.766754	0.941307	0.841799	0.760654	0.85284	0.91364	0.884658	0.941745	0.910674	0.91759	0.935408	0.994462	0.968073	0.964934	0.898315	0.905577	0.804138	0.914671	0.851128	0.94308	0.813302	0.868522	0.989362	0.95041	0.979876	0.925458	0.919662	0.839253	0.845903	0.897431	0.935941	0.739837	0.820641	0.941215	0.843648	0.848441	0.754856	0.978575	0.873452	0.850674	0.926483	0.91433	0.756395	0.898927	0.912436	0.93596	0.954075	0.916237	0.899629	0.898369
vaginal_22	1	0.876533	0.971228	1	1	0.965233	0.952992	0.902219	0.946498	1	1	0.799923	1	0.951873	0.945881	0.979098	0.896722	1	0.963293	0.871278	0.919456	0	0.966429	1	0.95953	0.748849	0.956801	0.995642	0.955757	0.908867	0.909277	0.994154	0.819092	0.979722	0.926834	0.950793	1	0.775096	0.889567	1	0.931231	0.986243	0.989253	0.880407	0.91503	0.909469	0.917606	0.957307	0.958208	0.938119	0.97505	0.938985	1	0.953137	0.936571	0.888749	0.94071	1	1	0.94944	0.94603	1	0.859819	0.992693	0.955979	0.984496	0.99211	0.942602	0.958837	0.97596	0.908478	0.944451	0.990012	0.97076	0.989157	0.996676	0.875345	0.909833	0.962748	0.899486	0.943286	0.928014	0.9462	0.911044	1	0.913513	0.975098	0.976774	0.956389	0.937527	0.961553	1	1	0.871991	0.80561	0.942896	0.936252	0.896142	0.964858	0.927599
vaginal_23	0.757513	0.896431	0.922055	0.96573	0.981809	0.836648	0.951306	0.818444	0.893586	0.897906	0.897706	0.93286	0.848323	0.890732	0.889198	0.822211	0.924549	0.849569	0.868091	0.90853	0.821066	0.966429	0	0.947674	0.881777	0.87829	0.874412	0.742111	0.84026	0.956864	0.924734	0.792536	0.954948	0.899883	0.726727	0.900143	0.937354	0.885069	0.919829	0.917409	0.89298	0.783146	0.850096	0.910656	0.835055	0.848717	0.749247	0.956418	0.89313	0.915488	0.896033	0.834044	0.84719	0.917461	0.894702	0.970645	0.967998	0.850558	0.967161	0.964348	0.907039	0.821921	0.781858	0.846592	0.969223	0.803471	0.853137	0.868112	0.866656	0.905634	0.84195	0.843367	0.964296	0.787562	0.832137	0.896463	0.848263	0.789595	0.790875	0.809251	0.965467	0.854375	0.867912	0.867698	0.91973	0.843524	0.872175	0.923501	0.914412	0.868223	0.927558	0.956853	0.957756	0.910419	0.928024	0.950764	0.925364	0.945993	0.822175	0.968895
vaginal_24	0.93397	0.997701	0.97554	0.947222	0.841368	0.929648	0.950562	0.90376	0.971596	0.96221	0.841321	0.958701	0.9147	0.978613	1	0.957647	0.990619	0.981761	0.898725	0.712523	0.98444	1	0.947674	0	0.885387	0.948986	0.836013	0.900988	0.947582	1	0.997241	0.915472	0.954272	0.965141	0.919563	0.850156	0.967372	0.981346	0.953014	0.982807	0.936132	1	0.953129	0.98851	0.917819	0.985796	0.988523	0.853754	0.821952	0.974875	0.98653	0.870012	0.93935	0.939582	0.949908	0.997241	0.72865	0.956188	0.998054	0.781894	0.975765	0.926771	0.983776	0.877778	0.912968	0.882452	0.932847	0.882205	0.934345	0.96977	0.970901	0.959669	0.990366	0.872917	0.911003	0.892703	0.928165	0.910583	0.91959	0.874018	0.92578	0.977172	0.956791	0.903803	0.987539	0.965108	0.874331	0.876972	0.841157	0.975577	0.918947	0.988056	0.923391	0.815899	0.858163	1	0.890074	0.928558	0.939895	0.955174
vaginal_25	0.890888	0.968468	0.930928	0.962195	0.983575	0.92373	0.967272	0.88573	0.896595	0.909249	0.967351	0.894973	0.899161	0.982069	0.91152	0.852276	0.924215	0.905751	0.838624	0.871675	0.956643	0.95953	0.881777	0.885387	0	0.927012	0.89006	0.891261	0.823617	0.950813	0.954061	0.912235	0.899046	0.880471	0.897012	0.967415	0.888876	0.922899	0.910128	0.920301	0.90289	0.914899	0.929949	0.981045	0.881349	0.844745	0.902482	0.893773	0.901344	0.911143	0.914133	0.936083	0.930823	0.935082	0.904294	0.982427	0.941167	0.714905	0.990469	0.864656	0.923361	0.988024	0.822208	0.892199	0.968927	0.859871	0.963111	0.894106	0.861566	0.92706	0.94457	0.976238	0.811384	0.8101	0.940091	0.909429	0.79859	0.847504	0.904915	0.91265	0.984374	0.91706	0.906435	0.928714	0.815869	0.921191	0.924083	0.747514	0.846304	0.890619	0.885669	0.871197	0.960249	0.900467	0.902318	0.928016	0.975319	0.871321	0.779098	0.86204
vaginal_26	0.917449	0.930264	0.950251	0.908925	0.970566	0.973101	0.983274	0.753942	0.831717	0.868989	0.905118	0.750396	0.87712	0.924345	0.94423	0.861382	0.925624	0.985633	0.886888	0.931357	0.975432	0.748849	0.87829	0.948986	0.927012	0	0.903965	0.915278	0.858645	0.951282	0.978454	0.849032	0.794152	0.889517	0.857564	0.929762	0.968218	0.72672	0.864344	0.953255	0.840824	0.920929	0.881985	0.77543	0.885961	0.812462	0.94784	0.917826	0.87777	0.930556	0.793874	0.79457	0.945761	0.967808	0.875362	0.911718	0.911248	0.924133	0.96198	0.839825	0.888635	0.979282	0.834643	0.906029	0.954323	0.854101	0.891763	0.802521	0.905207	0.868992	0.886148	0.934719	0.942119	0.810985	0.979987	0.884567	0.897689	0.930944	0.85503	0.859667	0.984553	0.905702	0.918876	0.828499	0.91378	0.883026	0.855501	1	0.9403	0.90225	0.979381	0.943104	0.990385	0.814219	0.875281	0.857412	0.942023	0.921805	0.890936	0.817171
vaginal_27	0.855006	0.883845	0.886119	0.852072	0.964556	0.830331	0.939374	0.852088	0.881946	0.839256	0.906921	0.879177	0.831739	0.91616	0.910168	0.870882	0.891421	0.939011	0.717716	0.821452	0.823662	0.956801	0.874412	0.836013	0.89006	0.903965	0	0.89904	0.824864	0.972167	0.931701	0.885115	0.907563	0.819883	0.906364	0.810889	0.93147	0.856842	0.920968	0.945294	0.865831	0.968122	0.876615	0.904804	0.885792	0.773184	0.867649	0.904735	0.906796	0.940706	0.911576	0.868085	0.894573	0.736596	0.953813	0.955575	0.930668	0.852639	0.922262	0.949433	0.753528	0.916269	0.887497	0.798866	0.862737	0.807688	0.939362	0.889395	0.837411	0.8507	0.805022	0.883526	0.974873	0.892575	0.948929	0.736853	0.8362	0.905608	0.890983	0.765836	0.926182	0.776398	0.941019	0.868638	0.854072	0.897992	0.868955	0.901069	0.890575	0.933905	0.966026	0.920116	0.935212	0.705369	0.866753	0.97014	0.908557	0.884885	0.884426	0.889321
vaginal_28	0.780553	0.896998	0.9187	0.940164	0.954177	0.857076	0.872005	0.913513	0.861865	0.969467	0.888119	0.949795	0.844686	0.936772	0.844845	0.80056	0.945772	0.841139	0.855825	0.886173	0.863687	0.995642	0.742111	0.900988	0.891261	0.915278	0.89904	0	0.889982	0.961423	0.945253	0.865137	0.936045	0.884057	0.875794	0.884766	0.890345	0.917258	0.863001	0.933861	0.862489	0.910102	0.792345	0.843733	0.84713	0.815728	0.880067	0.88354	0.933733	0.914982	0.931552	0.886462	0.827226	0.910129	0.99299	0.886306	0.886946	0.870021	0.934122	0.911867	0.85307	0.767573	0.96185	0.882649	0.857599	0.712148	0.827607	0.863545	0.853495	0.926479	0.833244	0.858181	0.956416	0.752206	0.928823	0.874236	0.839672	0.741758	0.826673	0.82536	0.986252	0.885232	0.822926	0.745112	0.904656	0.878682	0.950365	0.807598	0.789778	0.883122	0.868591	0.929834	0.969892	0.863204	0.908995	0.906123	0.849209	0.900553	0.817531	0.9736
vaginal_29	0.868402	0.781998	0.874951	0.880954	0.940801	0.839853	0.913266	0.844644	0.813015	0.794133	0.828837	0.793949	0.912324	0.817557	0.839664	0.811782	0.938608	0.888929	0.80344	0.903299	0.86416	0.955757	0.84026	0.947582	0.823617	0.858645	0.824864	0.889982	0	0.929923	0.943329	0.711396	0.94701	0.874111	0.902826	0.945935	0.9055	0.894154	0.804557	0.957386	0.792478	0.828387	0.894285	0.788022	0.88898	0.786739	0.8371	0.837273	0.866613	0.928056	0.921959	0.884695	0.923716	0.799229	0.922457	0.884321	0.924942	0.854364	0.924687	0.910251	0.817853	0.901456	0.890687	0.91763	0.955965	0.71991	0.881061	0.871751	0.845127	0.821156	0.887953	0.903359	0.88628	0.899469	0.951193	0.802558	0.858389	0.931654	0.84079	0.85954	0.901492	0.872844	0.942834	0.82914	0.719449	0.783754	0.965905	0.883993	0.915149	0.871253	0.892372	0.940514	0.96073	0.863137	0.892259	0.882611	0.963145	0.917197	0.893245	0.801066
vaginal_30	1	1	0.749058	0.975856	0.978852	0.9476	0.813488	0.931089	0.958	0.889735	0.98944	0.951786	0.929026	0.90206	0.79903	0.991534	1	0.967037	0.822102	0.9383	0.99041	0.908867	0.956864	1	0.950813	0.951282	0.972167	0.961423	0.929923	0	1	0.98187	0.896961	1	0.891054	0.9904	0.891223	0.881643	0.942722	1	0.904437	0.948179	0.944441	0.967694	0.798354	0.969095	0.96322	1	0.914676	0.817685	0.988309	0.859042	0.901677	0.963923	0.92933	0.948494	0.971925	0.933098	0.993449	0.942016	0.957574	0.988024	0.983056	0.912141	0.936154	0.98118	0.916076	0.992335	0.779935	0.985479	1	0.952979	0.853126	0.948806	1	0.932432	0.926171	0.968949	0.983625	0.932548	0.993847	0.987589	0.947445	0.928963	0.887215	0.954211	1	1	0.754155	0.991712	1	1	1	0.920605	0.94069	0.840439	0.936252	0.900199	0.946969	1
vaginal_31	0.957342	0.892886	0.921817	1	1	0.906762	0.938601	0.968739	0.987896	1	0.988081	0.990193	0.965207	0.923629	0.817293	0.904091	0.858038	0.964463	0.987504	0.913712	0.942391	0.909277	0.924734	0.997241	0.954061	0.978454	0.931701	0.945253	0.943329	1	0	0.957847	0.971346	0.934731	0.891136	0.944807	0.964463	0.900936	0.97477	0.991822	0.949284	1	0.961192	0.947915	0.89334	0.952621	0.921225	0.924593	0.902165	0.991301	1	0.992184	0.855188	0.876548	0.803829	0.93437	0.996507	0.939323	1	1	0.987581	1	0.919944	0.931216	0.878437	0.958656	0.965999	1	0.918835	0.893665	0.88781	0.949598	1	0.848481	0.960685	0.893013	0.893409	0.906732	0.978048	0.922261	0.994231	0.821247	0.816988	0.842667	0.987003	0.913768	0.918476	1	0.918024	0.991338	0.926009	0.89911	1	0.868003	0.851582	1	0.991744	0.837096	0.858244	0.972691
vaginal_32	0.922769	0.792584	0.871456	0.904302	0.97413	0.85071	0.975646	0.817168	0.843154	0.856782	0.798131	0.889558	0.906564	0.882932	0.880831	0.827667	0.906266	0.971326	0.815736	0.87115	0.921728	0.994154	0.792536	0.915472	0.912235	0.849032	0.885115	0.865137	0.711396	0.98187	0.957847	0	0.934238	0.847666	0.855857	0.882759	0.986526	0.896502	0.833355	0.926937	0.799566	0.853704	0.780574	0.837391	0.7975	0.891573	0.838348	0.863309	0.848278	0.943982	0.872535	0.869663	0.87092	0.906481	0.925769	0.853468	0.938129	0.853791	0.927583	0.876894	0.897074	0.898309	0.928544	0.941729	0.844827	0.8067	0.899661	0.850802	0.902387	0.818904	0.833207	0.891122	0.890364	0.890104	0.886832	0.795736	0.863905	0.875001	0.818193	0.867861	0.950852	0.863969	0.830091	0.879945	0.857626	0.85722	0.885412	0.901713	0.903716	0.832895	0.907045	0.947477	0.959755	0.888418	0.866448	0.810913	0.963337	0.862421	0.864038	0.896873
vaginal_33	0.940109	0.973365	0.972222	0.910096	1	0.917565	0.902669	0.830309	0.952615	0.935763	0.990082	0.762093	0.976901	0.909566	0.972222	0.915311	0.975313	0.955456	0.904176	0.916249	0.973605	0.819092	0.954948	0.954272	0.899046	0.794152	0.907563	0.936045	0.94701	0.896961	0.971346	0.934238	0	0.943578	0.936384	0.945171	0.925424	0.767701	0.880197	0.954679	0.909831	0.901806	0.892564	0.983402	0.926426	0.831267	0.95816	0.919841	0.971343	0.84306	0.883305	0.961527	0.956984	0.922831	0.951793	0.991004	0.985191	0.930648	0.942679	0.889278	0.834432	1	0.896835	0.909786	0.952349	0.89056	0.942406	0.915895	0.974891	0.952858	0.919324	0.961655	0.977087	0.883573	0.971329	0.963566	0.927026	0.925188	0.93196	0.853884	0.954226	0.94541	0.884933	0.870073	0.928669	0.954223	1	1	0.930975	0.893599	0.961203	0.989374	0.963425	0.913484	0.846422	0.987102	0.973671	0.936535	0.912774	0.955609
vaginal_34	0.900867	0.916107	0.930767	0.940034	0.966006	0.870574	1	0.747312	0.908517	0.910223	0.861263	0.951266	0.928433	0.852612	0.940495	0.930867	0.827697	0.904609	0.936528	0.98843	0.849393	0.979722	0.899883	0.965141	0.880471	0.889517	0.819883	0.884057	0.874111	1	0.934731	0.847666	0.943578	0	0.964103	0.859649	0.961459	0.934171	0.844717	0.951838	0.719862	0.865648	0.857196	0.764237	0.888933	0.896048	0.922047	0.932839	0.874871	0.92641	0.878161	0.912208	0.866334	0.756608	0.896397	0.869279	0.851861	0.892038	0.978379	0.86561	0.891108	0.945812	0.933392	0.910626	0.904958	0.827902	0.984035	0.853002	0.943425	0.80287	0.841891	0.855552	0.979576	0.950281	0.917919	0.809154	0.877628	0.847969	0.90696	0.96321	0.822222	0.912094	0.891999	0.928306	0.863207	0.867671	0.968581	1	0.918424	0.819888	0.969298	0.893201	0.904308	0.930819	0.92375	0.838278	0.77873	0.901048	0.889367	0.994981
vaginal_35	0.943142	0.922104	0.90339	0.883013	0.946834	0.919095	0.938793	0.876134	0.895224	0.781668	0.896849	0.971222	0.871844	0.917297	0.919075	0.952689	0.95091	0.983168	0.812229	0.877976	0.848429	0.926834	0.726727	0.919563	0.897012	0.857564	0.906364	0.875794	0.902826	0.891054	0.891136	0.855857	0.936384	0.964103	0	0.967126	0.982962	0.895264	0.911113	0.92584	0.892576	0.875835	0.958003	0.886392	0.861759	0.92806	0.847341	0.884934	0.861867	0.912927	0.939744	0.837103	0.865698	0.945814	0.865095	0.942315	0.966656	0.983353	0.887616	0.935239	0.823135	0.994919	0.921407	0.759639	0.970408	0.912614	0.852137	0.910884	0.826777	0.949485	0.846988	0.883241	0.915985	0.742735	0.895154	0.871973	0.811242	0.940277	0.931228	0.911636	0.993847	0.872723	0.818797	0.953916	0.888868	0.91085	0.927032	0.942818	0.853914	0.913394	0.974271	0.978532	0.97533	0.87015	0.887482	0.939192	0.922735	0.917561	0.820851	0.932025
vaginal_36	0.899584	0.917826	0.951724	0.89892	0.882496	0.885431	0.950712	0.83566	0.901029	0.85416	0.854977	0.915267	0.858323	0.962722	0.923617	0.869128	0.925385	0.940868	0.938683	0.945397	0.970464	0.950793	0.900143	0.850156	0.967415	0.929762	0.810889	0.884766	0.945935	0.9904	0.944807	0.882759	0.945171	0.859649	0.967126	0	0.990791	0.818035	0.884598	0.977338	0.886633	0.790144	0.805619	0.977128	0.88113	0.866833	0.870968	0.941734	0.851149	0.945139	0.937	0.89372	0.978173	0.891404	0.947257	0.988832	0.929418	0.929968	0.918908	0.8458	0.876648	0.957389	0.856032	0.911367	0.882288	0.878665	0.932435	0.902384	0.932546	0.900951	0.775327	0.815687	0.971849	0.893889	0.850806	0.846829	0.878513	0.86477	0.885132	0.934235	0.854771	0.834693	0.912603	0.804306	0.866729	0.885094	0.933543	0.956304	0.934025	0.902078	0.956492	0.965185	0.926763	0.8904	0.845563	0.922741	0.871745	0.880481	0.814879	0.925068
vaginal_37	0.936938	0.935642	0.796915	0.984456	0.984448	0.950712	0.984274	0.962096	0.95414	0.991415	0.924603	0.994866	0.972009	0.95141	0.947536	0.929521	0.933148	0.868219	0.905907	0.933092	0.9884	1	0.937354	0.967372	0.888876	0.968218	0.93147	0.890345	0.9055	0.891223	0.964463	0.986526	0.925424	0.961459	0.982962	0.990791	0	0.957864	0.939095	0.96873	0.960012	0.904763	0.938701	0.979121	0.960813	0.936239	0.976342	0.900549	0.979851	0.941004	0.924333	0.959887	0.981234	0.977177	0.97499	1	0.963747	0.97737	0.994878	0.819518	0.898167	0.797396	0.994552	0.901116	1	0.957224	0.870644	0.981761	0.987595	0.977508	0.977184	0.925183	0.940922	0.885945	0.986253	0.934795	0.937005	0.95834	0.977614	0.90287	0.960461	0.85599	0.94252	0.984229	0.965363	0.962852	0.98773	1	0.880103	0.963988	0.845635	0.979335	1	0.963074	0.960961	0.977973	0.907811	0.981699	0.950109	0.939602
vaginal_38	0.947044	0.965982	0.936728	0.991496	0.984547	0.916961	0.883163	0.735601	0.873784	0.854712	0.921777	0.715312	0.877766	0.900522	0.842564	0.882157	0.943341	0.908716	0.867833	0.94234	0.846939	0.775096	0.885069	0.981346	0.922899	0.72672	0.856842	0.917258	0.894154	0.881643	0.900936	0.896502	0.767701	0.934171	0.895264	0.818035	0.957864	0	0.813447	0.958848	0.849221	0.929178	0.907858	0.931013	0.793174	0.774157	0.916629	0.95709	0.773152	0.846269	0.912835	0.867264	0.9476	0.873232	0.94168	0.914716	0.961942	0.958833	0.875423	0.914063	0.891791	0.994218	0.903305	0.864932	0.877039	0.860317	0.914571	0.891697	0.891086	0.898356	0.91903	0.916004	0.96735	0.884331	0.90603	0.910227	0.876843	0.89479	0.844781	0.868841	0.988065	0.821746	0.876219	0.845801	0.841351	0.890197	0.876256	0.971998	0.823607	0.903225	0.905511	0.908014	0.893972	0.881802	0.784036	0.935185	0.888509	0.881582	0.899352	0.941265
vaginal_39	0.964667	0.832233	0.952449	0.980314	0.965603	0.868369	0.950709	0.813474	0.83952	0.923481	0.850301	0.856076	0.956812	0.9536	0.925793	0.897321	0.901629	0.935607	0.897562	0.942228	0.88025	0.889567	0.919829	0.953014	0.910128	0.864344	0.920968	0.863001	0.804557	0.942722	0.97477	0.833355	0.880197	0.844717	0.911113	0.884598	0.939095	0.813447	0	0.948235	0.860507	0.935598	0.879856	0.883407	0.877036	0.854478	0.898106	0.851003	0.860306	0.930331	0.927301	0.855603	0.96432	0.887225	0.998813	0.903512	0.944865	0.926299	0.961627	0.816096	0.881604	0.993771	0.903023	0.967844	0.931587	0.830131	0.868661	0.916559	0.885292	0.872458	0.865965	0.909554	0.883784	0.910682	0.816237	0.890221	0.889524	0.83698	0.863462	0.85821	0.876749	0.884898	0.855696	0.808246	0.890236	0.654476	0.948571	0.974381	0.864505	0.789089	0.961107	0.98988	0.962092	0.900873	0.838812	0.97591	0.93991	0.941576	0.877606	0.983384
vaginal_40	1	0.984027	0.983158	0.963953	0.941696	0.961285	0.934788	0.953406	0.808852	0.965472	0.866154	0.989525	0.946748	1	0.946521	0.86649	0.991911	1	0.982807	0.930639	0.931775	1	0.917409	0.982807	0.920301	0.953255	0.945294	0.933861	0.957386	1	0.991822	0.926937	0.954679	0.951838	0.92584	0.977338	0.96873	0.958848	0.948235	0	0.933524	0.971329	0.834405	0.985242	0.968446	0.989649	0.967601	0.949977	0.931676	0.960606	0.956716	0.914706	0.924849	0.945819	0.954086	1	0.979314	0.903742	0.967552	0.945874	0.918369	0.980444	0.970492	0.914426	1	0.8982	0.932676	0.900826	0.937021	0.944742	0.951199	0.950898	0.994993	0.925823	0.874115	0.964685	0.951591	0.972006	0.956743	0.906413	0.961117	0.838587	0.961017	0.943786	0.963462	0.895637	0.942572	0.980444	0.960342	0.864767	0.991822	0.976482	0.933026	0.959369	0.967005	0.940788	0.960762	0.895119	0.955577	0.933936
vaginal_41	0.958737	0.93973	0.906814	0.849035	0.90982	0.821852	0.922567	0.81912	0.804074	0.94773	0.93638	0.919594	0.962308	0.827673	0.845602	0.903668	0.864547	0.917317	0.837977	0.923681	0.907025	0.931231	0.89298	0.936132	0.90289	0.840824	0.865831	0.862489	0.792478	0.904437	0.949284	0.799566	0.909831	0.719862	0.892576	0.886633	0.960012	0.849221	0.860507	0.933524	0	0.880389	0.857923	0.750194	0.833768	0.898551	0.860134	0.821494	0.795569	0.963175	0.897989	0.815643	0.856936	0.896746	0.918429	0.798863	0.89253	0.855005	0.983378	0.821606	0.906566	0.885062	0.900153	0.891764	0.871167	0.785847	0.902153	0.777721	0.881744	0.823599	0.810838	0.943918	0.959834	0.925998	0.873451	0.792341	0.807949	0.837647	0.831813	0.859928	0.890421	0.892898	0.819609	0.854993	0.888595	0.727163	0.979614	0.903389	0.86097	0.798059	0.918339	0.957396	0.884873	0.923862	0.911328	0.838757	0.882821	0.811644	0.886786	0.898667
vaginal_42	0.989333	0.981667	0.947054	0.753613	0.985908	0.896056	0.961888	0.818603	0.89837	0.848118	0.979306	0.95698	0.892153	0.891217	0.921176	0.921557	0.933435	0.938212	0.976301	0.914332	0.885166	0.986243	0.783146	1	0.914899	0.920929	0.968122	0.910102	0.828387	0.948179	1	0.853704	0.901806	0.865648	0.875835	0.790144	0.904763	0.929178	0.935598	0.971329	0.880389	0	0.853961	0.908284	0.92662	0.940386	0.871246	0.97956	0.955085	0.960322	0.948034	0.918596	0.902201	0.911796	0.949177	0.986243	0.959893	0.910651	0.961807	0.90881	0.931799	0.924619	0.964061	0.942498	0.949948	0.903589	0.858613	0.820132	0.937105	0.855596	0.894434	0.911908	0.954294	0.989041	0.963078	0.954594	0.960529	0.952936	0.969801	0.932545	0.975215	0.877684	0.898856	0.875518	0.832494	0.966714	0.969549	0.929349	0.917799	0.930162	0.933815	0.933117	0.928969	0.948086	0.939849	0.853411	0.920615	0.990587	0.936871	0.965907
vaginal_43	0.953131	0.892564	0.896211	0.949742	0.912137	0.949629	0.957547	0.797123	0.854288	0.858402	0.849319	0.936311	0.840819	0.926736	0.913989	0.656726	0.903259	0.982734	0.937221	0.903372	0.912128	0.989253	0.850096	0.953129	0.929949	0.881985	0.876615	0.792345	0.894285	0.944441	0.961192	0.780574	0.892564	0.857196	0.958003	0.805619	0.938701	0.907858	0.879856	0.834405	0.857923	0.853961	0	0.797118	0.872525	0.887642	0.86719	0.945049	0.85139	0.948633	0.914505	0.843757	0.889159	0.751667	0.919894	0.923709	0.952294	0.882202	0.900827	0.890409	0.872617	0.969997	0.935062	0.882204	0.957123	0.809352	0.930619	0.877922	0.932748	0.896032	0.744486	0.939376	0.949874	0.839713	0.826101	0.855223	0.877691	0.883355	0.791338	0.858384	0.940814	0.803725	0.832853	0.774735	0.887472	0.816373	0.918464	0.956859	0.94992	0.85014	0.989832	0.925752	0.902359	0.873353	0.829469	0.814888	0.850134	0.910374	0.880078	0.880284
vaginal_44	0.900729	0.949687	0.902119	0.911459	0.986634	0.869386	0.974882	0.857617	0.831108	0.893692	0.877351	0.88655	0.947784	0.90162	0.913827	0.926201	0.907733	0.952217	0.920153	0.943375	0.922738	0.880407	0.910656	0.98851	0.981045	0.77543	0.904804	0.843733	0.788022	0.967694	0.947915	0.837391	0.983402	0.764237	0.886392	0.977128	0.979121	0.931013	0.883407	0.985242	0.750194	0.908284	0.797118	0	0.956589	0.851385	0.8706	0.872672	0.860874	0.941736	0.97191	0.898781	0.924056	0.928955	0.935012	0.771637	0.961132	0.977964	0.99075	0.950264	0.969093	0.997149	0.941897	0.959746	0.952766	0.841672	0.910961	0.793543	0.93347	0.755736	0.865152	0.965426	0.929678	0.890067	0.988196	0.837967	0.908068	0.922132	0.885901	0.901782	0.989423	0.887411	0.914589	0.986547	0.896458	0.800864	0.981206	0.962293	0.974517	0.917251	0.966033	0.848111	0.991454	0.926776	0.903862	0.782348	0.819862	0.936216	0.939774	0.919739
