	S001	S002	S003	S004	S005	S006	S007	S008	S009	S010	S011	S012	S013	S014	S015	S016	S017	S018	S019	S020	S021	S022	S023	S024	S025	S026	S027	S028	S029	S030	S031	S032	S033	S034	S035	S036	S037	S038	S039	S040	S041	S042	S043	S044	S045	S046	S047	S048	S049	S050	S051	S052	S053	S054	S055	S056	S057	S058	S059	S060	S061	S062	S063	S064	S065	S066	S067	S068	S069	S070	S071	S072	S073	S074	S075	S076	S077	S078	S079	S080	S081	S082	S083	S084	S085	S086	S087	S088	S089	S090	S091	S092	S093	S094	S095	S096	S097	S098	S099	S100
S001	0	0.118152	0.121043	0.150965	0.117883	0.120958	0.12336	0.113503	0.13249	0.187361	0.137229	0.117306	0.130257	0.145545	0.120105	0.12446	0.125161	0.145186	0.130174	0.120646	0.12554	0.122899	0.137764	0.132235	0.121124	0.119541	0.134058	0.135974	0.121043	0.119608	0.129664	0.120166	0.130687	0.141991	0.107051	0.135742	0.134901	0.161334	0.140099	0.116536	0.117405	0.121673	0.123343	0.127815	0.127405	0.192649	0.118537	0.142662	0.130991	0.123944	0.124269	0.121738	0.120349	0.133549	0.158442	0.116957	0.118738	0.135427	0.117323	0.120838	0.13142	0.126541	0.147179	0.113255	0.12098	0.137182	0.130705	0.126751	0.13909	0.121265	0.116593	0.126605	0.151131	0.115126	0.120058	0.148348	0.124246	0.11985	0.128645	0.133679	0.121481	0.116211	0.131055	0.123636	0.138786	0.112544	0.124299	0.1235	0.117518	0.114367	0.132075	0.130578	0.115066	0.151214	0.112795	0.120779	0.122478	0.119257	0.127966	0.126825
S002	0.118152	0	0.116912	0.152228	0.114278	0.114833	0.124018	0.113402	0.127719	0.180052	0.130589	0.124237	0.124124	0.145039	0.111218	0.111563	0.125445	0.138464	0.119176	0.117983	0.112212	0.120304	0.126313	0.117962	0.114301	0.112985	0.128701	0.124014	0.123423	0.113907	0.112019	0.113957	0.117477	0.133966	0.108294	0.131937	0.124751	0.160185	0.124539	0.109379	0.115195	0.116943	0.114815	0.118257	0.118318	0.185758	0.108872	0.136207	0.115151	0.120647	0.112636	0.112122	0.108399	0.129195	0.156884	0.106563	0.114528	0.123381	0.10338	0.119908	0.117387	0.117015	0.141865	0.107222	0.116384	0.136358	0.123209	0.122249	0.12136	0.118397	0.107075	0.115754	0.14859	0.107969	0.11421	0.140637	0.118473	0.127118	0.131503	0.120552	0.112875	0.107645	0.12693	0.106636	0.126346	0.104288	0.116566	0.118197	0.112202	0.105025	0.126834	0.128558	0.107525	0.144597	0.119725	0.119033	0.117707	0.108273	0.121594	0.110324
S003	0.121043	0.116912	0	0.160133	0.127623	0.122693	0.131196	0.115463	0.138926	0.187568	0.140903	0.116624	0.136806	0.156796	0.119334	0.114372	0.131854	0.147466	0.127859	0.123184	0.126879	0.131623	0.135514	0.135279	0.129705	0.12594	0.14261	0.136337	0.132653	0.114055	0.129889	0.11257	0.129145	0.13631	0.106816	0.136831	0.132772	0.163396	0.144419	0.118497	0.125285	0.125424	0.128851	0.12246	0.114714	0.195005	0.119005	0.147533	0.12453	0.12744	0.120414	0.139486	0.123184	0.13522	0.16054	0.114567	0.115354	0.128902	0.119844	0.125505	0.123434	0.126943	0.148662	0.120985	0.126451	0.134099	0.136437	0.138644	0.135526	0.129981	0.117838	0.130167	0.144861	0.113905	0.120207	0.150065	0.132577	0.121187	0.134319	0.133764	0.128751	0.119329	0.139516	0.120586	0.138234	0.116475	0.13029	0.121653	0.112982	0.121641	0.132482	0.13371	0.12341	0.154185	0.117404	0.121586	0.123829	0.123237	0.114593	0.125477
S004	0.150965	0.152228	0.160133	0	0.15414	0.152768	0.154608	0.154495	0.162279	0.199315	0.153673	0.147729	0.160771	0.179469	0.142994	0.151542	0.16014	0.151931	0.139292	0.154742	0.156296	0.145687	0.166865	0.157715	0.158098	0.158643	0.159763	0.157888	0.150872	0.152544	0.144451	0.153005	0.152287	0.160169	0.146412	0.156244	0.159878	0.174653	0.165937	0.150573	0.147184	0.155749	0.141106	0.148034	0.152739	0.212713	0.149633	0.144532	0.155594	0.159942	0.141374	0.148723	0.150736	0.160932	0.177437	0.145947	0.150248	0.160049	0.147405	0.145425	0.157902	0.152097	0.173034	0.141297	0.144761	0.163669	0.156731	0.155209	0.166046	0.156667	0.146449	0.154399	0.181529	0.143478	0.148364	0.17416	0.159988	0.158773	0.157307	0.158687	0.151688	0.147395	0.162901	0.152368	0.168817	0.144667	0.162148	0.156222	0.149516	0.148479	0.156836	0.153502	0.158564	0.179544	0.147468	0.148401	0.150024	0.15178	0.157591	0.147684
S005	0.117883	0.114278	0.127623	0.15414	0	0.120055	0.11722	0.115986	0.136251	0.175014	0.137081	0.117004	0.128721	0.140119	0.119486	0.120312	0.126372	0.144535	0.129336	0.127357	0.121691	0.127344	0.139417	0.130702	0.128939	0.117737	0.13461	0.128099	0.130065	0.123502	0.127902	0.120787	0.127195	0.13339	0.110758	0.135041	0.130538	0.161124	0.139927	0.114848	0.125062	0.122967	0.112153	0.119049	0.12801	0.193037	0.120669	0.14361	0.122974	0.125835	0.118862	0.119527	0.117092	0.139768	0.154968	0.116178	0.120017	0.132302	0.113563	0.129167	0.12025	0.123306	0.145662	0.113568	0.118722	0.141011	0.133767	0.120397	0.139268	0.126365	0.11245	0.126606	0.158161	0.116714	0.12162	0.14156	0.129833	0.119619	0.13205	0.129571	0.123773	0.116112	0.123206	0.11615	0.136433	0.113746	0.120446	0.123744	0.12602	0.107633	0.131938	0.130236	0.12508	0.15204	0.122995	0.118194	0.12575	0.116014	0.12273	0.124291
S006	0.120958	0.114833	0.122693	0.152768	0.120055	0	0.112681	0.118786	0.13182	0.18252	0.12662	0.116	0.115171	0.148245	0.109849	0.116693	0.121768	0.131135	0.124981	0.113033	0.118434	0.121064	0.128065	0.127516	0.12156	0.117773	0.127881	0.131322	0.126866	0.109503	0.119403	0.11158	0.118063	0.126602	0.104261	0.127044	0.128222	0.146131	0.122852	0.109374	0.113207	0.112539	0.116028	0.110509	0.123386	0.177175	0.111322	0.137644	0.119275	0.117251	0.116105	0.12593	0.107213	0.129532	0.145671	0.106489	0.107785	0.125	0.112542	0.111633	0.1219	0.10432	0.13134	0.105434	0.111477	0.127144	0.103088	0.119407	0.130671	0.116594	0.10129	0.117095	0.155666	0.111606	0.106967	0.137114	0.120541	0.118944	0.127799	0.127865	0.123327	0.110996	0.128578	0.118121	0.118872	0.104114	0.115801	0.112974	0.113892	0.109766	0.118361	0.126235	0.115107	0.143865	0.113353	0.115425	0.115122	0.107683	0.124697	0.118052
S007	0.12336	0.124018	0.131196	0.154608	0.11722	0.112681	0	0.116294	0.138	0.187567	0.13638	0.119281	0.127939	0.148235	0.11325	0.122598	0.121769	0.144219	0.130168	0.12486	0.127621	0.128449	0.133653	0.132575	0.127818	0.1254	0.135094	0.133292	0.131586	0.108481	0.12777	0.112858	0.124486	0.112102	0.110462	0.127017	0.132285	0.159594	0.13974	0.123679	0.115111	0.126226	0.123864	0.117988	0.129113	0.181476	0.114098	0.146272	0.127262	0.126345	0.123417	0.12931	0.11373	0.135055	0.154854	0.11516	0.119324	0.131148	0.118187	0.126388	0.132737	0.125401	0.146937	0.112408	0.119591	0.12926	0.134332	0.128402	0.140062	0.124087	0.114357	0.122003	0.154396	0.118113	0.112902	0.147225	0.130472	0.120172	0.134037	0.136185	0.125221	0.108113	0.134353	0.122893	0.137674	0.108277	0.122952	0.126221	0.120139	0.118528	0.130863	0.125199	0.113573	0.143604	0.123128	0.121616	0.121436	0.118528	0.131524	0.125398
S008	0.113503	0.113402	0.115463	0.154495	0.115986	0.118786	0.116294	0	0.128856	0.183072	0.134522	0.113006	0.118601	0.145045	0.110847	0.115164	0.125399	0.136903	0.116709	0.113142	0.119083	0.122223	0.130791	0.118972	0.120284	0.11711	0.128	0.125238	0.126975	0.113959	0.115453	0.117766	0.122537	0.131586	0.0981565	0.124191	0.110443	0.156597	0.125701	0.115256	0.1085	0.110494	0.114217	0.108574	0.120102	0.186212	0.113217	0.137581	0.123085	0.116958	0.119698	0.11474	0.101911	0.130326	0.147946	0.103062	0.123237	0.124976	0.112632	0.122953	0.131235	0.118096	0.133428	0.10743	0.113991	0.124375	0.121634	0.122041	0.111497	0.105778	0.112222	0.119735	0.149936	0.113157	0.114277	0.140636	0.126245	0.117456	0.129355	0.122765	0.117228	0.106842	0.127074	0.116809	0.126456	0.110612	0.11543	0.117696	0.11599	0.11094	0.125124	0.119918	0.117841	0.138516	0.107383	0.114905	0.11351	0.118654	0.12688	0.112671
S009	0.13249	0.127719	0.138926	0.162279	0.136251	0.13182	0.138	0.128856	0	0.194506	0.138332	0.125903	0.138816	0.151526	0.122089	0.128201	0.126985	0.147619	0.131772	0.138035	0.13734	0.137622	0.143565	0.124388	0.136811	0.132844	0.140733	0.142758	0.136285	0.125915	0.132838	0.133646	0.139531	0.144704	0.122537	0.145196	0.146543	0.159033	0.144444	0.127659	0.129415	0.133074	0.134397	0.129065	0.139613	0.203878	0.123643	0.148148	0.135133	0.133774	0.128105	0.137327	0.127047	0.145376	0.163616	0.121962	0.131724	0.137935	0.123625	0.129068	0.144767	0.13051	0.150316	0.121598	0.131633	0.145575	0.140285	0.138854	0.146549	0.131794	0.122865	0.134252	0.160304	0.129851	0.119383	0.116623	0.135717	0.132542	0.143266	0.138824	0.132951	0.1237	0.135531	0.138294	0.147149	0.124146	0.136995	0.130822	0.127033	0.127638	0.137366	0.138952	0.133286	0.1541	0.131456	0.129689	0.13089	0.133424	0.127313	0.135239
S010	0.187361	0.180052	0.187568	0.199315	0.175014	0.18252	0.187567	0.183072	0.194506	0	0.193144	0.182315	0.189144	0.204502	0.176065	0.183364	0.187419	0.173465	0.171746	0.1846	0.183838	0.185478	0.187617	0.177627	0.185641	0.171869	0.193572	0.184227	0.185718	0.179961	0.186525	0.183645	0.183721	0.192148	0.176565	0.185637	0.181525	0.211708	0.184491	0.177192	0.182358	0.185772	0.181232	0.182738	0.186557	0.227466	0.181698	0.194699	0.185941	0.185703	0.184921	0.184611	0.18075	0.191209	0.20789	0.179209	0.176057	0.174493	0.181255	0.182485	0.19569	0.180946	0.191451	0.177242	0.170189	0.193692	0.190878	0.175008	0.196924	0.18088	0.177886	0.186882	0.201796	0.175739	0.179044	0.183132	0.190234	0.188201	0.190629	0.187964	0.185135	0.180933	0.192516	0.179731	0.190917	0.174821	0.189168	0.180352	0.187123	0.178799	0.190853	0.179203	0.186982	0.206383	0.186129	0.184584	0.177083	0.181866	0.187111	0.185533
S011	0.137229	0.130589	0.140903	0.153673	0.137081	0.12662	0.13638	0.134522	0.138332	0.193144	0	0.129737	0.13896	0.159365	0.122965	0.130608	0.127953	0.141174	0.128779	0.138311	0.131402	0.1267	0.139432	0.1285	0.140092	0.132806	0.144775	0.141908	0.133963	0.124947	0.125918	0.131729	0.134862	0.145507	0.125021	0.144295	0.142906	0.158686	0.14441	0.115742	0.130257	0.131929	0.131235	0.126169	0.133222	0.190668	0.130496	0.138847	0.135421	0.137651	0.125344	0.136652	0.128806	0.147452	0.155221	0.124966	0.137379	0.140743	0.123314	0.13022	0.140359	0.124222	0.15401	0.120528	0.111227	0.143742	0.135642	0.138728	0.144727	0.133435	0.116812	0.135086	0.158595	0.118128	0.127191	0.143744	0.136067	0.133212	0.13841	0.139292	0.135468	0.127531	0.138289	0.131998	0.141676	0.119448	0.135124	0.130148	0.134172	0.125108	0.124017	0.130875	0.131308	0.156902	0.133137	0.129574	0.133085	0.123206	0.138932	0.131756
S012	0.117306	0.124237	0.116624	0.147729	0.117004	0.116	0.119281	0.113006	0.125903	0.182315	0.129737	0	0.128325	0.140329	0.113311	0.116908	0.121996	0.142916	0.11897	0.125098	0.122273	0.123722	0.131457	0.123922	0.127451	0.120786	0.136453	0.126395	0.120485	0.112936	0.120481	0.110794	0.124451	0.136053	0.109294	0.132479	0.123217	0.146605	0.141227	0.105232	0.116783	0.108373	0.108312	0.118001	0.121645	0.195466	0.112824	0.140512	0.119612	0.122222	0.119889	0.126417	0.113018	0.138907	0.144258	0.108415	0.112284	0.124942	0.11034	0.113664	0.11895	0.121463	0.141735	0.110179	0.116482	0.127552	0.119772	0.12294	0.134417	0.116126	0.114011	0.117498	0.151962	0.110431	0.107302	0.141015	0.127237	0.12306	0.134232	0.126752	0.121261	0.108271	0.126208	0.113998	0.132476	0.105125	0.116316	0.124861	0.113423	0.116114	0.127828	0.123091	0.121813	0.139207	0.123343	0.10836	0.114356	0.112789	0.1126	0.122018
S013	0.130257	0.124124	0.136806	0.160771	0.128721	0.115171	0.127939	0.118601	0.138816	0.189144	0.13896	0.128325	0	0.15993	0.121305	0.127788	0.128832	0.147837	0.13189	0.129904	0.121301	0.13146	0.12886	0.128786	0.130831	0.127968	0.13871	0.134107	0.134584	0.12981	0.126281	0.129599	0.130678	0.140138	0.117356	0.134391	0.133252	0.157606	0.139893	0.121496	0.113021	0.11717	0.12562	0.124234	0.126239	0.187675	0.114792	0.146091	0.129642	0.129146	0.126481	0.132037	0.120811	0.142097	0.147684	0.119373	0.123194	0.13326	0.123405	0.114645	0.138758	0.125867	0.144587	0.115439	0.12199	0.135407	0.134081	0.0980644	0.133279	0.127263	0.103132	0.105485	0.156809	0.116164	0.123035	0.149043	0.126108	0.129645	0.126396	0.129427	0.128844	0.125639	0.129641	0.130684	0.13634	0.116672	0.131653	0.126694	0.125043	0.119108	0.109928	0.131281	0.120942	0.152609	0.126153	0.125001	0.121265	0.119396	0.133149	0.130338
S014	0.145545	0.145039	0.156796	0.179469	0.140119	0.148245	0.148235	0.145045	0.151526	0.204502	0.159365	0.140329	0.15993	0	0.142774	0.143779	0.137053	0.168961	0.154871	0.151586	0.150355	0.153722	0.15966	0.153571	0.148711	0.139822	0.160231	0.160509	0.148513	0.140829	0.152878	0.150961	0.152573	0.153613	0.139907	0.154111	0.163996	0.180457	0.157506	0.14298	0.14825	0.15053	0.150635	0.149455	0.159357	0.214851	0.145719	0.168132	0.151491	0.150207	0.148157	0.16111	0.136752	0.16199	0.170688	0.141759	0.143558	0.151927	0.140918	0.153415	0.158391	0.152215	0.163584	0.137282	0.151684	0.160839	0.150675	0.157241	0.158822	0.151785	0.146791	0.151247	0.179667	0.147452	0.14424	0.169047	0.150707	0.138597	0.160259	0.157867	0.150543	0.142175	0.159911	0.152636	0.163611	0.144772	0.151984	0.150613	0.140201	0.144822	0.16216	0.157592	0.148726	0.167036	0.150792	0.144725	0.143808	0.152062	0.157577	0.148045
S015	0.120105	0.111218	0.119334	0.142994	0.119486	0.109849	0.11325	0.110847	0.122089	0.176065	0.122965	0.113311	0.121305	0.142774	0	0.111304	0.121899	0.121545	0.115095	0.114889	0.112645	0.118832	0.122163	0.112571	0.118313	0.114465	0.123881	0.121123	0.127431	0.114299	0.111256	0.11748	0.116245	0.130062	0.097105	0.12407	0.126937	0.149216	0.125062	0.103688	0.110198	0.112675	0.109284	0.109104	0.11859	0.186897	0.109924	0.131153	0.113874	0.108756	0.109843	0.120976	0.105976	0.131066	0.150715	0.10429	0.112847	0.120153	0.102128	0.116273	0.122509	0.10972	0.138604	0.103472	0.106238	0.124915	0.125632	0.120219	0.123208	0.11082	0.105523	0.116862	0.146009	0.104385	0.103576	0.132999	0.112597	0.115865	0.122426	0.124666	0.114023	0.109091	0.1245	0.115333	0.123802	0.102373	0.122497	0.0999985	0.113078	0.105975	0.126034	0.116933	0.111861	0.137156	0.113709	0.108395	0.113726	0.112215	0.125568	0.11433
S016	0.12446	0.111563	0.114372	0.151542	0.120312	0.116693	0.122598	0.115164	0.128201	0.183364	0.130608	0.116908	0.127788	0.143779	0.111304	0	0.125391	0.137656	0.118274	0.114894	0.116735	0.126401	0.122791	0.117807	0.127373	0.122378	0.12702	0.125592	0.127523	0.109046	0.118729	0.113938	0.125784	0.126418	0.103749	0.128243	0.126042	0.153821	0.128899	0.11018	0.108413	0.11299	0.113349	0.112377	0.121279	0.188656	0.106583	0.136613	0.122678	0.114754	0.0987272	0.124832	0.107083	0.132184	0.146996	0.106452	0.117173	0.124301	0.106846	0.114413	0.123171	0.108436	0.145711	0.105651	0.116123	0.135934	0.123666	0.129784	0.130029	0.111629	0.110954	0.119716	0.150335	0.108389	0.105494	0.140896	0.12004	0.119022	0.126929	0.130192	0.120406	0.107078	0.131409	0.112998	0.124991	0.10232	0.118625	0.117465	0.11986	0.113216	0.126027	0.11492	0.118466	0.14905	0.117979	0.112634	0.111757	0.116943	0.118592	0.11736
S017	0.125161	0.125445	0.131854	0.16014	0.126372	0.121768	0.121769	0.125399	0.126985	0.187419	0.127953	0.121996	0.128832	0.137053	0.121899	0.125391	0	0.149482	0.131687	0.129412	0.126861	0.130221	0.143049	0.131339	0.128846	0.118856	0.131902	0.137493	0.108146	0.11909	0.126534	0.120615	0.133847	0.142621	0.110908	0.136457	0.134561	0.162101	0.144515	0.122193	0.119926	0.128879	0.131458	0.126704	0.127273	0.189665	0.12507	0.148196	0.133567	0.131181	0.12419	0.129816	0.123096	0.145303	0.147133	0.124083	0.124269	0.135462	0.117572	0.12326	0.138475	0.122743	0.146763	0.114439	0.124972	0.141684	0.133732	0.133132	0.135632	0.131162	0.119135	0.1241	0.157324	0.117609	0.125171	0.147988	0.126335	0.131316	0.137856	0.13741	0.128968	0.120563	0.131654	0.127756	0.145738	0.11739	0.11773	0.128998	0.126354	0.122779	0.12608	0.126779	0.12588	0.15008	0.130411	0.119865	0.119757	0.122292	0.121809	0.129235
S018	0.145186	0.138464	0.147466	0.151931	0.144535	0.131135	0.144219	0.136903	0.147619	0.173465	0.141174	0.142916	0.147837	0.168961	0.121545	0.137656	0.149482	0	0.138734	0.146071	0.144243	0.145903	0.153054	0.146155	0.150849	0.138452	0.151147	0.144141	0.149344	0.136436	0.13158	0.147235	0.144839	0.158498	0.122085	0.145352	0.149307	0.166679	0.147513	0.135051	0.136069	0.139896	0.139061	0.139052	0.14587	0.206472	0.138841	0.130687	0.146817	0.139019	0.129841	0.142855	0.135833	0.147643	0.166524	0.13043	0.14164	0.142511	0.1304	0.144095	0.149748	0.130635	0.159536	0.132275	0.123242	0.154198	0.14247	0.142766	0.151222	0.140438	0.128859	0.144877	0.169501	0.134438	0.12329	0.152031	0.143115	0.140374	0.153688	0.143794	0.142933	0.135415	0.152592	0.140265	0.15038	0.13238	0.14838	0.119625	0.138104	0.134739	0.140684	0.144941	0.139712	0.163392	0.138053	0.142354	0.1391	0.138943	0.15056	0.141766
S019	0.130174	0.119176	0.127859	0.139292	0.129336	0.124981	0.130168	0.116709	0.131772	0.171746	0.128779	0.11897	0.13189	0.154871	0.115095	0.118274	0.131687	0.138734	0	0.126835	0.119113	0.121118	0.130984	0.121461	0.125142	0.117121	0.134981	0.127758	0.1271	0.124092	0.123795	0.122121	0.124482	0.132574	0.112491	0.132343	0.1318	0.155902	0.135908	0.121535	0.12407	0.124034	0.117094	0.122769	0.127359	0.195544	0.122356	0.13199	0.124655	0.122315	0.110342	0.126543	0.117095	0.129888	0.153114	0.11145	0.127944	0.126263	0.111063	0.114138	0.131651	0.122204	0.148086	0.11597	0.11758	0.13666	0.129931	0.129069	0.138956	0.126234	0.113815	0.12227	0.129644	0.114761	0.122948	0.140316	0.131876	0.120062	0.128016	0.125499	0.125347	0.110147	0.134482	0.124448	0.13107	0.118045	0.123608	0.119586	0.12764	0.114138	0.130636	0.133269	0.128446	0.155203	0.118189	0.125825	0.112647	0.119314	0.122576	0.118746
S020	0.120646	0.117983	0.123184	0.154742	0.127357	0.113033	0.12486	0.113142	0.138035	0.1846	0.138311	0.125098	0.129904	0.151586	0.114889	0.114894	0.129412	0.146071	0.126835	0	0.116401	0.130309	0.133614	0.132959	0.117909	0.128325	0.136085	0.135731	0.135715	0.115417	0.119911	0.118423	0.123682	0.135691	0.110995	0.122924	0.134522	0.156574	0.133924	0.119856	0.120593	0.117169	0.124226	0.121923	0.127239	0.193119	0.116684	0.142026	0.121702	0.116074	0.122651	0.116766	0.118882	0.134401	0.151673	0.113629	0.120602	0.132727	0.111187	0.12522	0.132517	0.125897	0.149046	0.11598	0.120562	0.120001	0.131979	0.120087	0.133751	0.117611	0.118133	0.125303	0.154174	0.11949	0.119941	0.149036	0.125265	0.119261	0.134669	0.131592	0.122658	0.115814	0.136368	0.123636	0.131089	0.111972	0.124467	0.118267	0.114682	0.115618	0.129784	0.126113	0.11895	0.149946	0.10838	0.125064	0.119351	0.123238	0.135637	0.124287
S021	0.12554	0.112212	0.126879	0.156296	0.121691	0.118434	0.127621	0.119083	0.13734	0.183838	0.131402	0.122273	0.121301	0.150355	0.112645	0.116735	0.126861	0.144243	0.119113	0.116401	0	0.118701	0.121062	0.120729	0.128896	0.120183	0.133452	0.124208	0.125153	0.11919	0.118188	0.123807	0.122581	0.13483	0.105634	0.133071	0.127326	0.155211	0.134836	0.114916	0.117717	0.117509	0.120728	0.117691	0.11874	0.186561	0.114071	0.145039	0.124334	0.118494	0.120675	0.129188	0.113102	0.13237	0.143144	0.105795	0.11748	0.120473	0.111795	0.119874	0.127886	0.114293	0.144348	0.10785	0.111662	0.133571	0.125752	0.123446	0.129199	0.112984	0.110274	0.118513	0.153716	0.111066	0.110686	0.143263	0.120285	0.123241	0.123147	0.114952	0.120482	0.119986	0.133485	0.121544	0.125193	0.105007	0.117034	0.11698	0.121469	0.108173	0.122585	0.126119	0.115067	0.152425	0.122163	0.120038	0.120312	0.116152	0.125192	0.121784
S022	0.122899	0.120304	0.131623	0.145687	0.127344	0.121064	0.128449	0.122223	0.137622	0.185478	0.1267	0.123722	0.13146	0.153722	0.118832	0.126401	0.130221	0.145903	0.121118	0.130309	0.118701	0	0.127021	0.129936	0.135136	0.130063	0.133428	0.138299	0.130794	0.121078	0.121966	0.129726	0.124316	0.141662	0.115096	0.136285	0.131309	0.150853	0.139111	0.122536	0.122373	0.125436	0.120785	0.123655	0.126639	0.177308	0.119548	0.144648	0.127804	0.124952	0.127646	0.132358	0.119607	0.138663	0.154671	0.109654	0.118399	0.128868	0.123254	0.123203	0.139754	0.118971	0.143433	0.1107	0.114952	0.140098	0.131971	0.132721	0.135483	0.127192	0.116098	0.118759	0.158338	0.117915	0.119717	0.142361	0.127806	0.131277	0.120376	0.125558	0.122623	0.118615	0.139173	0.128647	0.129763	0.108485	0.126344	0.125521	0.119835	0.115076	0.137009	0.130245	0.128921	0.142613	0.129011	0.12221	0.125959	0.120916	0.128474	0.12775
S023	0.137764	0.126313	0.135514	0.166865	0.139417	0.128065	0.133653	0.130791	0.143565	0.187617	0.139432	0.131457	0.12886	0.15966	0.122163	0.122791	0.143049	0.153054	0.130984	0.133614	0.121062	0.127021	0	0.136558	0.134078	0.130267	0.147979	0.141614	0.149346	0.124927	0.124117	0.132088	0.133531	0.144571	0.122773	0.139265	0.142562	0.162139	0.145687	0.123119	0.128517	0.128565	0.13114	0.127956	0.136877	0.202092	0.127689	0.149577	0.135386	0.12729	0.133402	0.14383	0.122859	0.147302	0.153901	0.126834	0.127892	0.138263	0.12431	0.132389	0.141118	0.12862	0.156435	0.121352	0.128367	0.138139	0.132329	0.130299	0.145887	0.138627	0.116392	0.124851	0.160969	0.118487	0.125082	0.151025	0.136231	0.137534	0.136367	0.13799	0.128641	0.12107	0.141733	0.126264	0.139258	0.119469	0.14376	0.123636	0.124835	0.124433	0.132598	0.123031	0.126528	0.152462	0.135734	0.13334	0.123298	0.130422	0.140461	0.133167
S024	0.132235	0.117962	0.135279	0.157715	0.130702	0.127516	0.132575	0.118972	0.124388	0.177627	0.1285	0.123922	0.128786	0.153571	0.112571	0.117807	0.131339	0.146155	0.121461	0.132959	0.120729	0.129936	0.136558	0	0.136991	0.128909	0.142073	0.132326	0.133111	0.124404	0.126903	0.130608	0.126661	0.137219	0.119155	0.138058	0.122338	0.163876	0.126711	0.117366	0.120473	0.125945	0.121075	0.126218	0.125347	0.194576	0.127816	0.144824	0.133927	0.131685	0.124801	0.129842	0.121229	0.136713	0.16069	0.118947	0.124436	0.132487	0.124334	0.124741	0.134937	0.114167	0.149163	0.112822	0.121707	0.139939	0.135783	0.132066	0.119859	0.131615	0.117869	0.121133	0.156224	0.120306	0.112109	0.124314	0.133817	0.129553	0.136624	0.134789	0.132265	0.120997	0.136339	0.125701	0.139585	0.115686	0.127378	0.119345	0.12448	0.124074	0.140089	0.125169	0.12345	0.154047	0.12504	0.123637	0.125408	0.123135	0.131354	0.127807
S025	0.121124	0.114301	0.129705	0.158098	0.128939	0.12156	0.127818	0.120284	0.136811	0.185641	0.140092	0.127451	0.130831	0.148711	0.118313	0.127373	0.128846	0.150849	0.125142	0.117909	0.128896	0.135136	0.134078	0.136991	0	0.123346	0.135062	0.13581	0.131589	0.122831	0.130368	0.126672	0.130699	0.144674	0.113645	0.130758	0.136851	0.163225	0.135697	0.125034	0.124875	0.12851	0.119792	0.130363	0.131894	0.191659	0.12403	0.148778	0.131159	0.128775	0.120488	0.130544	0.124569	0.139901	0.160192	0.117371	0.123429	0.138194	0.116828	0.127585	0.136735	0.129595	0.143434	0.116844	0.124943	0.126425	0.137493	0.131198	0.139826	0.133985	0.116052	0.131376	0.15576	0.123801	0.12432	0.155988	0.108798	0.131562	0.137174	0.138738	0.115553	0.115765	0.138472	0.130204	0.132793	0.120025	0.130108	0.121345	0.110174	0.119859	0.135864	0.13917	0.116437	0.146259	0.118288	0.128845	0.121795	0.124399	0.128485	0.124925
S026	0.119541	0.112985	0.12594	0.158643	0.117737	0.117773	0.1254	0.11711	0.132844	0.171869	0.132806	0.120786	0.127968	0.139822	0.114465	0.122378	0.118856	0.138452	0.117121	0.128325	0.120183	0.130063	0.130267	0.128909	0.123346	0	0.133017	0.126354	0.121451	0.12246	0.123263	0.116236	0.120726	0.139753	0.110972	0.124183	0.130353	0.15549	0.137904	0.118358	0.119692	0.123761	0.126672	0.113295	0.130891	0.182586	0.118057	0.143546	0.127811	0.119957	0.121252	0.126555	0.120594	0.126181	0.154275	0.114922	0.124085	0.12799	0.117128	0.126629	0.129761	0.122951	0.143729	0.113334	0.120376	0.13281	0.128091	0.127669	0.136705	0.125182	0.112156	0.118379	0.155127	0.109706	0.113761	0.143455	0.126205	0.126837	0.132906	0.128566	0.121807	0.113981	0.127635	0.122843	0.13295	0.112511	0.125849	0.114519	0.116237	0.114452	0.124012	0.12746	0.122136	0.14446	0.122257	0.119439	0.117694	0.116467	0.126539	0.121685
S027	0.134058	0.128701	0.14261	0.159763	0.13461	0.127881	0.135094	0.128	0.140733	0.193572	0.144775	0.136453	0.13871	0.160231	0.123881	0.12702	0.131902	0.151147	0.134981	0.136085	0.133452	0.133428	0.147979	0.142073	0.135062	0.133017	0	0.148506	0.141846	0.13199	0.129187	0.129434	0.137171	0.150888	0.12007	0.140914	0.145584	0.167368	0.145493	0.128064	0.13099	0.131993	0.123525	0.131821	0.138394	0.184141	0.121422	0.15347	0.137997	0.135706	0.125915	0.136403	0.127969	0.149679	0.166169	0.127146	0.134058	0.14587	0.126515	0.135698	0.148129	0.133811	0.147229	0.123561	0.12392	0.149098	0.139716	0.141544	0.146604	0.130359	0.118789	0.137409	0.15932	0.13176	0.129052	0.151818	0.127289	0.135715	0.142339	0.142135	0.134178	0.121004	0.138811	0.130651	0.146738	0.123595	0.136652	0.131392	0.13422	0.127881	0.133955	0.142346	0.12889	0.158436	0.135552	0.133852	0.128471	0.128765	0.136808	0.136078
S028	0.135974	0.124014	0.136337	0.157888	0.128099	0.131322	0.133292	0.125238	0.142758	0.184227	0.141908	0.126395	0.134107	0.160509	0.121123	0.125592	0.137493	0.144141	0.127758	0.135731	0.124208	0.138299	0.141614	0.132326	0.13581	0.126354	0.148506	0	0.135279	0.12614	0.133722	0.12873	0.131151	0.141062	0.119486	0.142102	0.143796	0.160283	0.132587	0.126122	0.12732	0.122981	0.127373	0.123961	0.137825	0.198859	0.124212	0.148112	0.136432	0.132138	0.129586	0.128413	0.122758	0.139097	0.16168	0.120161	0.133792	0.122218	0.124741	0.134059	0.132645	0.134226	0.152268	0.121907	0.125122	0.141039	0.138564	0.135466	0.143257	0.129648	0.11659	0.123674	0.166584	0.120604	0.120694	0.147718	0.140134	0.135975	0.123832	0.132146	0.131451	0.127412	0.141954	0.133156	0.137636	0.123191	0.133905	0.125295	0.132626	0.116441	0.128789	0.135354	0.129318	0.158924	0.132804	0.124683	0.127819	0.126041	0.139153	0.125472
S029	0.121043	0.123423	0.132653	0.150872	0.130065	0.126866	0.131586	0.126975	0.136285	0.185718	0.133963	0.120485	0.134584	0.148513	0.127431	0.127523	0.108146	0.149344	0.1271	0.135715	0.125153	0.130794	0.149346	0.133111	0.131589	0.121451	0.141846	0.135279	0	0.129743	0.126348	0.125803	0.132556	0.147062	0.111309	0.137476	0.12567	0.165689	0.144921	0.123762	0.125229	0.1313	0.132996	0.128513	0.127788	0.185617	0.127468	0.150192	0.136481	0.135788	0.12579	0.131468	0.130489	0.147046	0.160646	0.121082	0.120584	0.135862	0.125767	0.124514	0.141884	0.127451	0.153016	0.116245	0.126628	0.146733	0.136466	0.141207	0.146202	0.131018	0.124267	0.131234	0.166742	0.115896	0.127574	0.156548	0.136605	0.130158	0.142466	0.138276	0.131732	0.120452	0.132592	0.129336	0.129935	0.118606	0.133558	0.12902	0.131982	0.118211	0.133664	0.134458	0.126198	0.153765	0.129604	0.131055	0.124346	0.122276	0.123848	0.133085
S030	0.119608	0.113907	0.114055	0.152544	0.123502	0.109503	0.108481	0.113959	0.125915	0.179961	0.124947	0.112936	0.12981	0.140829	0.114299	0.109046	0.11909	0.136436	0.124092	0.115417	0.11919	0.121078	0.124927	0.124404	0.122831	0.12246	0.13199	0.12614	0.129743	0	0.107618	0.108721	0.119486	0.115789	0.108895	0.121712	0.128983	0.15156	0.127868	0.103825	0.107178	0.112198	0.118612	0.111733	0.12246	0.189773	0.105762	0.134088	0.125093	0.11973	0.115423	0.122586	0.10206	0.129094	0.153574	0.111376	0.118697	0.120241	0.112785	0.11766	0.130107	0.120129	0.135626	0.108471	0.113569	0.124462	0.125829	0.122283	0.131442	0.116529	0.108735	0.118611	0.147405	0.111046	0.106813	0.14566	0.126397	0.112129	0.129859	0.13055	0.121544	0.105239	0.13324	0.115211	0.132576	0.103977	0.124041	0.119637	0.106235	0.109585	0.123227	0.12765	0.108454	0.138783	0.114512	0.100121	0.113452	0.118177	0.126593	0.115677
S031	0.129664	0.112019	0.129889	0.144451	0.127902	0.119403	0.12777	0.115453	0.132838	0.186525	0.125918	0.120481	0.126281	0.152878	0.111256	0.118729	0.126534	0.13158	0.123795	0.119911	0.118188	0.121966	0.124117	0.126903	0.130368	0.123263	0.129187	0.133722	0.126348	0.107618	0	0.126612	0.115811	0.139455	0.114104	0.11772	0.123432	0.15511	0.134225	0.11522	0.113338	0.110023	0.118884	0.111552	0.123319	0.195191	0.116818	0.129196	0.11932	0.123882	0.118175	0.119086	0.110419	0.126041	0.151474	0.111664	0.120823	0.126451	0.115502	0.120766	0.133914	0.120848	0.141204	0.109869	0.114317	0.125377	0.126919	0.12479	0.128013	0.124265	0.110159	0.120812	0.148173	0.109714	0.116612	0.146519	0.123459	0.119579	0.133307	0.128129	0.123488	0.114773	0.133022	0.117783	0.132426	0.111922	0.126613	0.113561	0.117428	0.117199	0.126037	0.124319	0.114787	0.153266	0.124454	0.114833	0.113305	0.118765	0.13131	0.121611
S032	0.120166	0.113957	0.11257	0.153005	0.120787	0.11158	0.112858	0.117766	0.133646	0.183645	0.131729	0.110794	0.129599	0.150961	0.11748	0.113938	0.120615	0.147235	0.122121	0.118423	0.123807	0.129726	0.132088	0.130608	0.126672	0.116236	0.129434	0.12873	0.125803	0.108721	0.126612	0	0.125657	0.117603	0.104485	0.133367	0.128788	0.161127	0.134579	0.11586	0.115707	0.123686	0.120433	0.112123	0.122135	0.179691	0.103689	0.143187	0.127136	0.126119	0.117294	0.125536	0.116152	0.134856	0.155324	0.11078	0.122744	0.132016	0.112449	0.117479	0.122965	0.12311	0.143615	0.114286	0.120945	0.12776	0.133518	0.126523	0.135059	0.116824	0.109475	0.127378	0.158659	0.113733	0.117089	0.147786	0.12497	0.1247	0.136234	0.125518	0.122442	0.110008	0.134178	0.118768	0.136705	0.10786	0.122831	0.122727	0.115289	0.115415	0.12548	0.130949	0.116008	0.150978	0.11296	0.113297	0.109073	0.116363	0.115036	0.121776
S033	0.130687	0.117477	0.129145	0.152287	0.127195	0.118063	0.124486	0.122537	0.139531	0.183721	0.134862	0.124451	0.130678	0.152573	0.116245	0.125784	0.133847	0.144839	0.124482	0.123682	0.122581	0.124316	0.133531	0.126661	0.130699	0.120726	0.137171	0.131151	0.132556	0.119486	0.115811	0.125657	0	0.13913	0.108774	0.124705	0.130157	0.159913	0.131878	0.120419	0.119143	0.12395	0.124446	0.117848	0.124346	0.198369	0.120137	0.139839	0.133101	0.129473	0.127215	0.132401	0.109909	0.131205	0.154947	0.114561	0.120766	0.131954	0.120872	0.119818	0.135976	0.126076	0.147346	0.114091	0.119857	0.124476	0.131151	0.13299	0.132681	0.128716	0.113751	0.126073	0.158553	0.11748	0.1176	0.151856	0.134037	0.12306	0.137275	0.131368	0.121235	0.110979	0.129333	0.125074	0.14031	0.10953	0.130397	0.117202	0.12389	0.118068	0.13428	0.132238	0.124939	0.153176	0.127832	0.121228	0.123909	0.108525	0.133362	0.126867
S034	0.141991	0.133966	0.13631	0.160169	0.13339	0.126602	0.112102	0.131586	0.144704	0.192148	0.145507	0.136053	0.140138	0.153613	0.130062	0.126418	0.142621	0.158498	0.132574	0.135691	0.13483	0.141662	0.144571	0.137219	0.144674	0.139753	0.150888	0.141062	0.147062	0.115789	0.139455	0.117603	0.13913	0	0.126432	0.142597	0.137016	0.171723	0.146546	0.127949	0.133272	0.139556	0.133916	0.120125	0.142293	0.195946	0.120702	0.15415	0.139994	0.138173	0.133331	0.143555	0.117921	0.141188	0.170738	0.125085	0.13501	0.134244	0.127891	0.135299	0.141415	0.136877	0.156128	0.127951	0.134833	0.140941	0.14664	0.136069	0.146786	0.138218	0.125598	0.135648	0.162931	0.126326	0.127358	0.15248	0.145977	0.127604	0.142026	0.14372	0.139074	0.125008	0.15004	0.141761	0.144011	0.124049	0.137589	0.134296	0.122815	0.130554	0.147292	0.144132	0.136019	0.163782	0.125178	0.131593	0.130123	0.136721	0.148012	0.127338
S035	0.107051	0.108294	0.106816	0.146412	0.110758	0.104261	0.110462	0.0981565	0.122537	0.176565	0.125021	0.109294	0.117356	0.139907	0.097105	0.103749	0.110908	0.122085	0.112491	0.110995	0.105634	0.115096	0.122773	0.119155	0.113645	0.110972	0.12007	0.119486	0.111309	0.108895	0.114104	0.104485	0.108774	0.126432	0	0.115383	0.117209	0.149559	0.127122	0.102303	0.103908	0.110199	0.112869	0.100711	0.108196	0.179837	0.106465	0.128984	0.115535	0.112971	0.106958	0.115078	0.100853	0.124299	0.13463	0.0927332	0.108607	0.115411	0.103828	0.105345	0.122357	0.105801	0.132594	0.09687	0.104302	0.119194	0.118297	0.119526	0.124951	0.109529	0.0983024	0.11733	0.146637	0.0994426	0.104336	0.138517	0.117937	0.110266	0.113536	0.118148	0.11014	0.0915525	0.115945	0.111894	0.117567	0.0962225	0.107686	0.099816	0.108047	0.0990582	0.120313	0.118054	0.108447	0.139931	0.105093	0.112994	0.106715	0.0999433	0.112287	0.109919
S036	0.135742	0.131937	0.136831	0.156244	0.135041	0.127044	0.127017	0.124191	0.145196	0.185637	0.144295	0.132479	0.134391	0.154111	0.12407	0.128243	0.136457	0.145352	0.132343	0.122924	0.133071	0.136285	0.139265	0.138058	0.130758	0.124183	0.140914	0.142102	0.137476	0.121712	0.11772	0.133367	0.124705	0.142597	0.115383	0	0.140946	0.163486	0.142431	0.122525	0.119339	0.132018	0.134444	0.124623	0.122807	0.188173	0.128286	0.141909	0.136107	0.129266	0.129234	0.137732	0.123857	0.139122	0.161231	0.121947	0.126781	0.131301	0.12649	0.131067	0.139453	0.131654	0.154618	0.122826	0.123181	0.125624	0.139625	0.130786	0.143044	0.128897	0.119083	0.131712	0.155489	0.125379	0.12503	0.155873	0.140936	0.124349	0.140919	0.141237	0.120426	0.113185	0.139829	0.131875	0.131344	0.119036	0.137642	0.123884	0.131306	0.126192	0.136437	0.137055	0.123824	0.157527	0.119456	0.129386	0.123787	0.129847	0.139297	0.122236
S037	0.134901	0.124751	0.132772	0.159878	0.130538	0.128222	0.132285	0.110443	0.146543	0.181525	0.142906	0.123217	0.133252	0.163996	0.126937	0.126042	0.134561	0.149307	0.1318	0.134522	0.127326	0.131309	0.142562	0.122338	0.136851	0.130353	0.145584	0.143796	0.12567	0.128983	0.123432	0.128788	0.130157	0.137016	0.117209	0.140946	0	0.165515	0.14169	0.124804	0.124337	0.132623	0.11694	0.122721	0.130314	0.19606	0.125419	0.148569	0.137785	0.140343	0.129173	0.120578	0.124696	0.143988	0.161795	0.12428	0.131974	0.13075	0.128532	0.128458	0.140596	0.128719	0.148461	0.119699	0.123423	0.137892	0.141974	0.13305	0.123993	0.133624	0.122984	0.122055	0.163875	0.116487	0.124773	0.155824	0.139467	0.137575	0.140965	0.134007	0.131275	0.122659	0.147488	0.130123	0.138903	0.12049	0.119967	0.133571	0.133638	0.122165	0.139413	0.130817	0.129252	0.1541	0.12778	0.129047	0.125567	0.129959	0.130878	0.13458
S038	0.161334	0.160185	0.163396	0.174653	0.161124	0.146131	0.159594	0.156597	0.159033	0.211708	0.158686	0.146605	0.157606	0.180457	0.149216	0.153821	0.162101	0.166679	0.155902	0.156574	0.155211	0.150853	0.162139	0.163876	0.163225	0.15549	0.167368	0.160283	0.165689	0.15156	0.15511	0.161127	0.159913	0.171723	0.149559	0.163486	0.165515	0	0.170975	0.152663	0.151281	0.144975	0.150196	0.148155	0.158383	0.220551	0.14019	0.164564	0.155702	0.155016	0.14932	0.151266	0.14743	0.165276	0.181477	0.14908	0.142998	0.147297	0.150977	0.14162	0.166708	0.15388	0.175018	0.149385	0.14323	0.168049	0.150151	0.158343	0.163766	0.15736	0.144586	0.132669	0.184561	0.151187	0.148458	0.166682	0.158207	0.158603	0.165787	0.160583	0.156735	0.151773	0.166039	0.156175	0.164626	0.139439	0.158463	0.153111	0.139983	0.151802	0.162996	0.157712	0.159977	0.148221	0.157145	0.151157	0.15932	0.152421	0.160719	0.15636
S039	0.140099	0.124539	0.144419	0.165937	0.139927	0.122852	0.13974	0.125701	0.144444	0.184491	0.14441	0.141227	0.139893	0.157506	0.125062	0.128899	0.144515	0.147513	0.135908	0.133924	0.134836	0.139111	0.145687	0.126711	0.135697	0.137904	0.145493	0.132587	0.144921	0.127868	0.134225	0.134579	0.131878	0.146546	0.127122	0.142431	0.14169	0.170975	0	0.12587	0.129381	0.131721	0.130918	0.134722	0.140109	0.204778	0.134061	0.143549	0.139713	0.140051	0.13322	0.135711	0.117963	0.138277	0.17098	0.129487	0.129245	0.137854	0.131358	0.136812	0.149287	0.126046	0.129093	0.116035	0.132718	0.147795	0.124196	0.13923	0.137864	0.137552	0.126983	0.138025	0.167467	0.12504	0.127679	0.157512	0.141191	0.136813	0.147666	0.140783	0.140762	0.1321	0.147629	0.137482	0.140926	0.124095	0.135118	0.132026	0.131847	0.129821	0.141315	0.138767	0.133888	0.1621	0.128587	0.134569	0.126118	0.12759	0.145931	0.135103
S040	0.116536	0.109379	0.118497	0.150573	0.114848	0.109374	0.123679	0.115256	0.127659	0.177192	0.115742	0.105232	0.121496	0.14298	0.103688	0.11018	0.122193	0.135051	0.121535	0.119856	0.114916	0.122536	0.123119	0.117366	0.125034	0.118358	0.128064	0.126122	0.123762	0.103825	0.11522	0.11586	0.120419	0.127949	0.102303	0.122525	0.124804	0.152663	0.12587	0	0.110489	0.107051	0.106336	0.104778	0.112847	0.189233	0.114461	0.128616	0.114045	0.11862	0.113139	0.119264	0.107565	0.131227	0.151117	0.103279	0.111508	0.124639	0.10719	0.118239	0.126995	0.112849	0.131473	0.103637	0.107007	0.131181	0.119448	0.1118	0.123811	0.120115	0.0998	0.123136	0.14603	0.0981122	0.104972	0.141074	0.123548	0.116743	0.131252	0.124345	0.120079	0.108053	0.126566	0.112751	0.12589	0.102056	0.122116	0.108702	0.112364	0.109165	0.119843	0.115938	0.115484	0.13897	0.115015	0.106427	0.117071	0.1102	0.126891	0.122464
S041	0.117405	0.115195	0.125285	0.147184	0.125062	0.113207	0.115111	0.1085	0.129415	0.182358	0.130257	0.116783	0.113021	0.14825	0.110198	0.108413	0.119926	0.136069	0.12407	0.120593	0.117717	0.122373	0.128517	0.120473	0.124875	0.119692	0.13099	0.12732	0.125229	0.107178	0.113338	0.115707	0.119143	0.133272	0.103908	0.119339	0.124337	0.151281	0.129381	0.110489	0	0.114799	0.119143	0.10949	0.122863	0.188106	0.111061	0.137818	0.123966	0.122974	0.118092	0.124748	0.112337	0.135504	0.148696	0.110874	0.116159	0.123464	0.108726	0.1181	0.129095	0.11235	0.144575	0.101606	0.114996	0.126515	0.127655	0.121256	0.127418	0.116983	0.106688	0.123223	0.154372	0.1041	0.113351	0.140901	0.124782	0.119141	0.130063	0.124021	0.122541	0.105879	0.132648	0.121528	0.128687	0.103561	0.116364	0.120487	0.123955	0.115009	0.124902	0.116872	0.109896	0.146714	0.121714	0.110998	0.114254	0.112593	0.12615	0.122294
S042	0.121673	0.116943	0.125424	0.155749	0.122967	0.112539	0.126226	0.110494	0.133074	0.185772	0.131929	0.108373	0.11717	0.15053	0.112675	0.11299	0.128879	0.139896	0.124034	0.117169	0.117509	0.125436	0.128565	0.125945	0.12851	0.123761	0.131993	0.122981	0.1313	0.112198	0.110023	0.123686	0.12395	0.139556	0.110199	0.132018	0.132623	0.144975	0.131721	0.107051	0.114799	0	0.115112	0.104694	0.120282	0.194702	0.110633	0.139821	0.117606	0.113034	0.118294	0.115478	0.108172	0.126287	0.139417	0.110784	0.115862	0.123914	0.11061	0.116301	0.125073	0.11902	0.136563	0.112044	0.110343	0.124678	0.123197	0.112085	0.130186	0.110862	0.105767	0.109365	0.143433	0.112852	0.109754	0.145529	0.12371	0.116335	0.127262	0.126903	0.1236	0.113025	0.125985	0.118335	0.128786	0.106359	0.123384	0.113314	0.114122	0.110087	0.121533	0.120039	0.12186	0.139225	0.114458	0.110952	0.123668	0.12012	0.12904	0.121245
S043	0.123343	0.114815	0.128851	0.141106	0.112153	0.116028	0.123864	0.114217	0.134397	0.181232	0.131235	0.108312	0.12562	0.150635	0.109284	0.113349	0.131458	0.139061	0.117094	0.124226	0.120728	0.120785	0.13114	0.121075	0.119792	0.126672	0.123525	0.127373	0.132996	0.118612	0.118884	0.120433	0.124446	0.133916	0.112869	0.134444	0.11694	0.150196	0.130918	0.106336	0.119143	0.115112	0	0.119447	0.119746	0.198787	0.116931	0.133633	0.122189	0.127162	0.110917	0.119868	0.115598	0.13512	0.149974	0.112638	0.121338	0.126744	0.111589	0.120855	0.123637	0.120835	0.127593	0.107242	0.115739	0.134379	0.126187	0.121725	0.125845	0.122632	0.112894	0.120436	0.154154	0.117545	0.11469	0.145915	0.118356	0.126783	0.132523	0.12659	0.115822	0.108117	0.134414	0.123075	0.130661	0.107802	0.114051	0.118308	0.118527	0.109153	0.132293	0.114858	0.119614	0.146519	0.118859	0.111035	0.119942	0.117194	0.121504	0.122248
S044	0.127815	0.118257	0.12246	0.148034	0.119049	0.110509	0.117988	0.108574	0.129065	0.182738	0.126169	0.118001	0.124234	0.149455	0.109104	0.112377	0.126704	0.139052	0.122769	0.121923	0.117691	0.123655	0.127956	0.126218	0.130363	0.113295	0.131821	0.123961	0.128513	0.111733	0.111552	0.112123	0.117848	0.120125	0.100711	0.124623	0.122721	0.148155	0.134722	0.104778	0.10949	0.104694	0.119447	0	0.118981	0.193265	0.111082	0.138075	0.117611	0.118459	0.12007	0.119771	0.108431	0.125986	0.151076	0.101989	0.113896	0.122672	0.108012	0.115637	0.129514	0.117546	0.138637	0.109608	0.115104	0.121685	0.129935	0.126978	0.1268	0.106235	0.0953222	0.121044	0.151267	0.106282	0.107076	0.144998	0.126095	0.119596	0.128622	0.126764	0.122507	0.110126	0.133486	0.120111	0.127532	0.103139	0.12255	0.113264	0.11816	0.106562	0.121562	0.118603	0.120152	0.138595	0.117267	0.114525	0.114331	0.1138	0.13062	0.115357
