	S001	S002	S003	S004	S005	S006	S007	S008	S009	S010	S011	S012	S013	S014	S015	S016	S017	S018	S019	S020	S021	S022	S023	S024	S025	S026	S027	S028	S029	S030	S031	S032	S033	S034	S035	S036	S037	S038	S039	S040	S041	S042	S043	S044	S045	S046	S047	S048	S049	S050	S051	S052	S053	S054	S055	S056	S057	S058	S059	S060	S061	S062	S063	S064	S065	S066	S067	S068	S069	S070	S071	S072	S073	S074	S075	S076	S077	S078	S079	S080	S081	S082	S083	S084	S085	S086	S087	S088	S089	S090	S091	S092	S093	S094	S095	S096	S097	S098	S099	S100
S001	0	0.157723	0.157488	0.175339	0.165567	0.159523	0.160597	0.158414	0.176155	0.158326	0.159265	0.156946	0.161146	0.163054	0.155718	0.159568	0.158699	0.212102	0.158275	0.166002	0.169812	0.155274	0.162972	0.181202	0.17512	0.151051	0.165374	0.172292	0.159313	0.164078	0.164453	0.159048	0.154255	0.160452	0.165494	0.165598	0.16681	0.173939	0.17435	0.176601	0.173613	0.161403	0.231758	0.153539	0.161984	0.151499	0.157294	0.166768	0.154572	0.160415	0.148753	0.148333	0.148967	0.178739	0.154511	0.167798	0.169235	0.177683	0.155327	0.157855	0.164667	0.155791	0.166347	0.157344	0.166244	0.157768	0.160042	0.169909	0.179254	0.165674	0.163157	0.163934	0.169266	0.158854	0.151851	0.194394	0.159072	0.167493	0.168288	0.161615	0.179597	0.167463	0.158117	0.169075	0.168056	0.175266	0.163431	0.148861	0.16122	0.163182	0.173431	0.154261	0.169503	0.15933	0.171878	0.147	0.248008	0.174684	0.167007	0.160373
S002	0.157723	0	0.137982	0.152595	0.147161	0.14593	0.141459	0.148986	0.156	0.13639	0.136961	0.136613	0.146236	0.13978	0.136955	0.143136	0.144614	0.19832	0.136386	0.143255	0.151983	0.142374	0.147572	0.161249	0.15875	0.140338	0.14881	0.154208	0.138341	0.14553	0.144947	0.141439	0.134042	0.138984	0.147514	0.15087	0.147049	0.153149	0.152074	0.1556	0.160249	0.141383	0.215075	0.140285	0.137352	0.148574	0.137532	0.144098	0.140866	0.142186	0.140144	0.128863	0.135823	0.161181	0.153816	0.155478	0.137418	0.145812	0.13657	0.142509	0.146218	0.136625	0.155586	0.140095	0.140215	0.139716	0.142734	0.144138	0.160937	0.144921	0.139252	0.149015	0.152392	0.144551	0.134934	0.182057	0.131199	0.143734	0.149234	0.148001	0.157085	0.15241	0.141671	0.141991	0.161387	0.161882	0.153528	0.131636	0.142933	0.150258	0.163157	0.131009	0.150689	0.142894	0.155098	0.128033	0.234255	0.160563	0.142233	0.139654
S003	0.157488	0.137982	0	0.167425	0.154349	0.146016	0.145404	0.148258	0.158974	0.148846	0.148231	0.146817	0.154215	0.152681	0.143665	0.141428	0.151712	0.211499	0.146257	0.153849	0.160505	0.155225	0.154963	0.1696	0.166171	0.145676	0.154837	0.165047	0.147243	0.149606	0.150212	0.151212	0.140698	0.149098	0.158866	0.160825	0.154051	0.164526	0.158188	0.161893	0.164143	0.149593	0.22151	0.148026	0.15315	0.141629	0.14574	0.155985	0.143045	0.144668	0.149361	0.132234	0.146046	0.163506	0.151838	0.158937	0.157948	0.161114	0.141295	0.152873	0.152319	0.144784	0.157414	0.148135	0.154016	0.151127	0.152356	0.154732	0.162043	0.155154	0.150664	0.148985	0.154196	0.150349	0.147759	0.18753	0.144044	0.152534	0.154484	0.147542	0.164591	0.150341	0.151008	0.15738	0.160307	0.157188	0.163459	0.139569	0.148385	0.154018	0.175423	0.141003	0.154899	0.156177	0.16673	0.137638	0.239392	0.166251	0.152153	0.148179
S004	0.175339	0.152595	0.167425	0	0.169332	0.170736	0.167078	0.172155	0.174418	0.163738	0.163036	0.161307	0.162158	0.165864	0.160098	0.15974	0.160548	0.219299	0.157748	0.167595	0.176327	0.160576	0.166856	0.184197	0.181001	0.152582	0.159629	0.175692	0.15645	0.172049	0.15983	0.165679	0.157532	0.160166	0.167073	0.174158	0.171389	0.173706	0.176112	0.178747	0.18085	0.155378	0.231093	0.165676	0.16241	0.166828	0.156361	0.157218	0.158734	0.159872	0.161037	0.153171	0.154072	0.18079	0.173013	0.178015	0.167777	0.180133	0.156767	0.164519	0.169567	0.160736	0.172681	0.156654	0.171269	0.164061	0.158943	0.165329	0.17825	0.167827	0.169723	0.169247	0.164356	0.160145	0.160222	0.203332	0.157614	0.171829	0.172066	0.167873	0.178625	0.17417	0.162555	0.171273	0.175632	0.17609	0.174594	0.155728	0.158541	0.170124	0.185583	0.157446	0.174881	0.165487	0.177276	0.156277	0.247966	0.181139	0.161227	0.164201
S005	0.165567	0.147161	0.154349	0.169332	0	0.147827	0.150535	0.150776	0.162575	0.142144	0.147854	0.149428	0.150492	0.145333	0.142327	0.144836	0.1447	0.206708	0.153491	0.153677	0.165691	0.154992	0.15645	0.163124	0.16478	0.142901	0.154515	0.167612	0.13802	0.151329	0.149977	0.150252	0.139939	0.153416	0.143285	0.167171	0.15341	0.164976	0.159497	0.165355	0.169581	0.146184	0.225287	0.141202	0.1526	0.15414	0.140225	0.146467	0.141159	0.14502	0.151928	0.141412	0.145726	0.1739	0.156914	0.163325	0.162801	0.167055	0.135072	0.151951	0.155565	0.14637	0.156919	0.154517	0.154914	0.152846	0.152088	0.157243	0.165552	0.146921	0.150924	0.15909	0.162148	0.150396	0.143669	0.187416	0.141234	0.158758	0.150011	0.154967	0.171026	0.162754	0.158144	0.15824	0.160179	0.153403	0.162967	0.137144	0.14939	0.159835	0.173242	0.148226	0.156879	0.151942	0.170011	0.141541	0.239899	0.1696	0.152362	0.14669
S006	0.159523	0.14593	0.146016	0.170736	0.147827	0	0.14205	0.147579	0.161237	0.138121	0.151403	0.134451	0.142651	0.145877	0.144313	0.149155	0.144344	0.202358	0.145543	0.149434	0.155614	0.151064	0.148899	0.163426	0.162693	0.144044	0.152788	0.160692	0.148363	0.147449	0.145784	0.142119	0.130415	0.140096	0.14998	0.150562	0.155169	0.15592	0.153226	0.15045	0.157277	0.144277	0.221306	0.147313	0.140263	0.146159	0.141596	0.156275	0.145387	0.14291	0.142644	0.128721	0.135843	0.171583	0.15042	0.161349	0.150745	0.160044	0.137143	0.150006	0.151337	0.14113	0.153494	0.148277	0.155173	0.155858	0.149052	0.152974	0.16592	0.149795	0.138379	0.15036	0.146997	0.146185	0.142616	0.184727	0.139875	0.151289	0.1548	0.150219	0.160312	0.154182	0.145596	0.154029	0.157368	0.138532	0.157535	0.135378	0.144977	0.144387	0.167312	0.143304	0.146219	0.153095	0.161966	0.137502	0.237523	0.161195	0.146536	0.141674
S007	0.160597	0.141459	0.145404	0.167078	0.150535	0.14205	0	0.149404	0.161254	0.144129	0.133829	0.134429	0.147533	0.145586	0.143086	0.141856	0.144114	0.204069	0.141704	0.146718	0.158057	0.146381	0.14813	0.166321	0.16001	0.137171	0.14985	0.155827	0.145542	0.15169	0.145472	0.146782	0.139453	0.146554	0.145498	0.15257	0.154211	0.157279	0.15745	0.15607	0.165362	0.142616	0.224427	0.139762	0.138865	0.145471	0.140727	0.152144	0.141766	0.146348	0.143473	0.133962	0.139294	0.16708	0.151088	0.157754	0.154018	0.158759	0.138923	0.146244	0.145356	0.138449	0.158689	0.148886	0.149004	0.149592	0.139838	0.15321	0.159091	0.149331	0.149081	0.144632	0.15632	0.149522	0.141774	0.185934	0.133523	0.149482	0.149255	0.148176	0.167412	0.145425	0.151364	0.157405	0.161964	0.157247	0.156238	0.127457	0.145619	0.139029	0.161072	0.142558	0.156282	0.142869	0.161185	0.137148	0.235366	0.167262	0.145267	0.14585
S008	0.158414	0.148986	0.148258	0.172155	0.150776	0.147579	0.149404	0	0.169135	0.150219	0.152881	0.147422	0.156138	0.151554	0.144916	0.147992	0.153052	0.20792	0.14871	0.14771	0.163744	0.154319	0.160314	0.169351	0.16906	0.147724	0.151522	0.167535	0.149272	0.156326	0.150786	0.149037	0.142207	0.15099	0.157516	0.166526	0.159447	0.160412	0.158448	0.167192	0.17535	0.147355	0.221909	0.14555	0.154126	0.149712	0.136785	0.15208	0.144977	0.153317	0.147659	0.139956	0.141965	0.173439	0.15844	0.163457	0.160485	0.165427	0.146662	0.155247	0.154357	0.146509	0.163728	0.154112	0.160081	0.146201	0.154076	0.164053	0.162386	0.153879	0.154007	0.150598	0.160354	0.150108	0.148712	0.183805	0.145104	0.159092	0.15852	0.155639	0.169199	0.154634	0.154833	0.153116	0.152194	0.158522	0.163059	0.142242	0.152053	0.153492	0.173101	0.148079	0.160452	0.148767	0.168856	0.141432	0.242637	0.164892	0.154058	0.153202
S009	0.176155	0.156	0.158974	0.174418	0.162575	0.161237	0.161254	0.169135	0	0.155009	0.160009	0.156185	0.168212	0.16358	0.150234	0.15476	0.158019	0.215253	0.151633	0.162399	0.171708	0.164726	0.152836	0.181301	0.177386	0.157329	0.160413	0.179871	0.153829	0.16413	0.161006	0.161692	0.15576	0.162352	0.158438	0.170391	0.163585	0.168811	0.175109	0.174814	0.17497	0.15904	0.2338	0.155472	0.164688	0.164291	0.156644	0.161078	0.155255	0.155104	0.160981	0.148636	0.156523	0.180312	0.167496	0.173877	0.16435	0.171166	0.151925	0.163045	0.160213	0.149245	0.159628	0.157325	0.167287	0.159881	0.158889	0.164652	0.174026	0.166657	0.163299	0.164169	0.166239	0.162711	0.148043	0.197421	0.154346	0.169396	0.161103	0.160739	0.175866	0.170996	0.164357	0.16528	0.171291	0.176404	0.171322	0.151698	0.15742	0.162408	0.183955	0.154091	0.171348	0.164217	0.176192	0.150029	0.24555	0.174882	0.140355	0.160155
S010	0.158326	0.13639	0.148846	0.163738	0.142144	0.138121	0.144129	0.150219	0.155009	0	0.143381	0.13235	0.144612	0.145335	0.14023	0.142728	0.145996	0.202988	0.138569	0.146952	0.155468	0.145867	0.144895	0.162989	0.163351	0.137105	0.147317	0.158476	0.144299	0.150944	0.141825	0.138369	0.134952	0.135958	0.143101	0.158079	0.151235	0.153583	0.155273	0.153602	0.164431	0.14028	0.220615	0.142239	0.14174	0.145901	0.139157	0.153049	0.139337	0.140216	0.141675	0.126576	0.136655	0.16478	0.151066	0.157842	0.154003	0.155843	0.134924	0.146813	0.149824	0.141092	0.155353	0.140954	0.145266	0.145502	0.148455	0.151973	0.159009	0.143123	0.14482	0.149838	0.149087	0.147131	0.141153	0.183285	0.135984	0.144272	0.149995	0.147473	0.167085	0.155077	0.148494	0.153754	0.14748	0.14915	0.15484	0.132823	0.14496	0.150263	0.165177	0.140183	0.146352	0.146002	0.163684	0.133099	0.235858	0.164105	0.150429	0.143444
S011	0.159265	0.136961	0.148231	0.163036	0.147854	0.151403	0.133829	0.152881	0.160009	0.143381	0	0.141869	0.144395	0.146797	0.137003	0.139484	0.143652	0.2021	0.131897	0.150006	0.155661	0.149819	0.152406	0.163507	0.154026	0.136527	0.147673	0.160148	0.144243	0.149819	0.148522	0.146237	0.133948	0.146638	0.145308	0.157615	0.144435	0.159594	0.15549	0.155999	0.166674	0.142768	0.223823	0.135378	0.148659	0.147413	0.136198	0.150279	0.143969	0.141638	0.14309	0.131228	0.139026	0.164737	0.149823	0.153137	0.153316	0.160385	0.133769	0.144719	0.149144	0.139439	0.154696	0.144207	0.154044	0.148396	0.145765	0.159086	0.147689	0.141928	0.150714	0.144965	0.152931	0.14236	0.141678	0.177037	0.145168	0.148939	0.154247	0.150848	0.163275	0.151919	0.147481	0.152767	0.159012	0.16167	0.153069	0.134222	0.142084	0.14485	0.166892	0.135096	0.150949	0.149493	0.159932	0.136807	0.232875	0.165188	0.147902	0.14738
S012	0.156946	0.136613	0.146817	0.161307	0.149428	0.134451	0.134429	0.147422	0.156185	0.13235	0.141869	0	0.143099	0.144535	0.136838	0.143369	0.136893	0.200345	0.135163	0.143557	0.157473	0.140655	0.13426	0.161692	0.160484	0.13171	0.145307	0.156196	0.140963	0.138571	0.138779	0.143217	0.128449	0.138703	0.147117	0.153438	0.141831	0.150005	0.15406	0.152939	0.159364	0.14021	0.217552	0.139224	0.139025	0.139065	0.133704	0.148189	0.135945	0.138646	0.138721	0.124561	0.134374	0.160145	0.145599	0.155207	0.151016	0.153097	0.13266	0.138164	0.147788	0.136183	0.149373	0.139302	0.145855	0.149496	0.141164	0.149942	0.16107	0.148643	0.143737	0.142939	0.149225	0.13605	0.135824	0.180363	0.138028	0.141999	0.146964	0.142487	0.160622	0.148698	0.136301	0.150174	0.159572	0.145541	0.150519	0.130222	0.142074	0.147152	0.16123	0.135571	0.145365	0.143365	0.153484	0.127692	0.233437	0.160499	0.139504	0.134278
S013	0.161146	0.146236	0.154215	0.162158	0.150492	0.142651	0.147533	0.156138	0.168212	0.144612	0.144395	0.143099	0	0.150014	0.143642	0.150072	0.144099	0.20991	0.144606	0.155628	0.162117	0.158615	0.152804	0.168918	0.169483	0.143803	0.150764	0.165102	0.149719	0.147777	0.14942	0.150871	0.141437	0.141502	0.145789	0.154927	0.149626	0.164173	0.15819	0.161136	0.165172	0.149426	0.223123	0.147429	0.152166	0.150365	0.146729	0.152435	0.149278	0.145686	0.14794	0.138811	0.145596	0.17226	0.15496	0.163664	0.161401	0.166341	0.144733	0.149899	0.157615	0.144962	0.152715	0.149711	0.156863	0.152577	0.149781	0.158154	0.145156	0.152162	0.152574	0.154921	0.160466	0.151969	0.144213	0.190114	0.144155	0.155676	0.158026	0.154606	0.166912	0.157323	0.151554	0.159929	0.158845	0.155845	0.163847	0.136938	0.151494	0.155311	0.170009	0.144684	0.156575	0.150512	0.168153	0.141498	0.234651	0.167517	0.145636	0.149272
S014	0.163054	0.13978	0.152681	0.165864	0.145333	0.145877	0.145586	0.151554	0.16358	0.145335	0.146797	0.144535	0.150014	0	0.143638	0.142793	0.146966	0.209677	0.146973	0.152458	0.15953	0.150913	0.154853	0.162246	0.167269	0.143031	0.146273	0.157549	0.149767	0.152005	0.148095	0.148204	0.138602	0.14857	0.1494	0.155867	0.155507	0.163871	0.15475	0.162122	0.166324	0.143958	0.220271	0.142666	0.150512	0.152149	0.142966	0.151873	0.147633	0.145006	0.150517	0.136373	0.142276	0.168946	0.157191	0.164891	0.153903	0.156858	0.142264	0.150491	0.152019	0.1404	0.159188	0.152627	0.155586	0.146897	0.146602	0.155001	0.163446	0.152162	0.153579	0.149344	0.155653	0.151364	0.143122	0.18951	0.144177	0.157134	0.150876	0.15526	0.169227	0.139106	0.150967	0.15102	0.166594	0.158262	0.157394	0.136293	0.14765	0.151521	0.14937	0.140766	0.148959	0.153069	0.160172	0.137357	0.226284	0.164867	0.154025	0.150396
S015	0.155718	0.136955	0.143665	0.160098	0.142327	0.144313	0.143086	0.144916	0.150234	0.14023	0.137003	0.136838	0.143642	0.143638	0	0.138534	0.143478	0.197907	0.132121	0.139133	0.155489	0.142798	0.140433	0.163194	0.16546	0.136451	0.147555	0.155658	0.12531	0.139912	0.142171	0.143392	0.133786	0.140896	0.143968	0.159289	0.148043	0.153517	0.152884	0.15894	0.164012	0.136972	0.222668	0.138248	0.144232	0.133938	0.140885	0.147573	0.138027	0.135122	0.136293	0.126757	0.134666	0.161487	0.147635	0.154969	0.149917	0.153489	0.13174	0.139527	0.148202	0.135636	0.142707	0.139132	0.152229	0.146319	0.137404	0.153379	0.15434	0.148832	0.144731	0.141376	0.141458	0.140087	0.128681	0.180336	0.138517	0.150347	0.150809	0.146682	0.161014	0.152222	0.142082	0.152366	0.15047	0.158659	0.153454	0.126551	0.137337	0.146384	0.166523	0.133612	0.145698	0.14685	0.156699	0.132865	0.225812	0.156463	0.140331	0.137687
S016	0.159568	0.143136	0.141428	0.15974	0.144836	0.149155	0.141856	0.147992	0.15476	0.142728	0.139484	0.143369	0.150072	0.142793	0.138534	0	0.142289	0.2062	0.145418	0.14514	0.156698	0.152646	0.149385	0.15702	0.163863	0.138617	0.146034	0.158666	0.129934	0.147393	0.1408	0.148311	0.133333	0.139522	0.150085	0.156015	0.143467	0.160218	0.15376	0.160731	0.162993	0.142764	0.222008	0.14156	0.144797	0.144874	0.138544	0.14623	0.140508	0.14116	0.139288	0.137059	0.144027	0.164898	0.151119	0.161072	0.154422	0.159024	0.142715	0.141734	0.150707	0.143531	0.153924	0.15144	0.150625	0.146407	0.141291	0.14878	0.160637	0.151262	0.147859	0.143431	0.153132	0.146489	0.132627	0.187888	0.138856	0.151902	0.151284	0.145464	0.163488	0.15419	0.142846	0.151918	0.159541	0.15382	0.154114	0.131593	0.141616	0.150553	0.168458	0.138638	0.152658	0.146949	0.163166	0.135459	0.237398	0.162683	0.146269	0.143501
S017	0.158699	0.144614	0.151712	0.160548	0.1447	0.144344	0.144114	0.153052	0.158019	0.145996	0.143652	0.136893	0.144099	0.146966	0.143478	0.142289	0	0.204406	0.143244	0.149726	0.160153	0.148588	0.143618	0.165987	0.160861	0.13756	0.153689	0.149639	0.145299	0.149419	0.140719	0.146259	0.133412	0.142273	0.149861	0.160307	0.146637	0.157999	0.153695	0.158159	0.158221	0.145148	0.218058	0.136144	0.149963	0.148886	0.142507	0.146027	0.135112	0.14218	0.147285	0.13216	0.13772	0.168667	0.155917	0.156323	0.153144	0.162999	0.139586	0.145729	0.152843	0.137678	0.149188	0.146119	0.151895	0.14448	0.1427	0.157047	0.157021	0.151005	0.150305	0.145534	0.155721	0.145983	0.13649	0.176842	0.1425	0.154731	0.155275	0.149326	0.163715	0.14828	0.148418	0.153494	0.157812	0.155493	0.159238	0.132485	0.145509	0.148927	0.168519	0.140622	0.154366	0.149188	0.164021	0.135128	0.234762	0.161464	0.14669	0.138533
S018	0.212102	0.19832	0.211499	0.219299	0.206708	0.202358	0.204069	0.20792	0.215253	0.202988	0.2021	0.200345	0.20991	0.209677	0.197907	0.2062	0.204406	0	0.20372	0.206932	0.214661	0.205497	0.203415	0.218129	0.219588	0.185255	0.212403	0.217779	0.204673	0.206162	0.204784	0.204914	0.196788	0.2014	0.208203	0.210116	0.206418	0.210448	0.213244	0.20892	0.217875	0.204311	0.264861	0.200666	0.205713	0.20035	0.198429	0.204938	0.197954	0.203188	0.206148	0.197664	0.196821	0.212657	0.21065	0.21759	0.207471	0.212741	0.197186	0.208341	0.207348	0.195317	0.210318	0.207082	0.212232	0.208479	0.205819	0.210948	0.212324	0.185808	0.206569	0.206773	0.210388	0.203387	0.199576	0.23116	0.200618	0.206276	0.212351	0.207878	0.216235	0.209106	0.208814	0.207124	0.215969	0.214488	0.215631	0.19894	0.204225	0.205474	0.217487	0.199579	0.211405	0.201685	0.216	0.192643	0.270166	0.21896	0.206321	0.203634
S019	0.158275	0.136386	0.146257	0.157748	0.153491	0.145543	0.141704	0.14871	0.151633	0.138569	0.131897	0.135163	0.144606	0.146973	0.132121	0.145418	0.143244	0.20372	0	0.147426	0.156772	0.14724	0.148971	0.166636	0.159368	0.135837	0.144466	0.151873	0.140938	0.143007	0.143807	0.141103	0.132966	0.142378	0.148205	0.154144	0.148115	0.156087	0.155177	0.155587	0.162323	0.142641	0.221981	0.141484	0.147173	0.142893	0.13635	0.139427	0.14183	0.139804	0.138354	0.123664	0.132416	0.165404	0.148244	0.150857	0.153608	0.158949	0.126191	0.141216	0.148082	0.135355	0.155194	0.144256	0.148878	0.149539	0.141346	0.148451	0.159616	0.151396	0.14545	0.148894	0.151336	0.142558	0.139392	0.187974	0.130861	0.150185	0.150537	0.148053	0.157241	0.149425	0.143481	0.153824	0.160134	0.15923	0.150291	0.13394	0.137926	0.148371	0.167294	0.132712	0.154247	0.14567	0.162501	0.134126	0.23628	0.154843	0.14236	0.145472
S020	0.166002	0.143255	0.153849	0.167595	0.153677	0.149434	0.146718	0.14771	0.162399	0.146952	0.150006	0.143557	0.155628	0.152458	0.139133	0.14514	0.149726	0.206932	0.147426	0	0.167451	0.155432	0.154835	0.168312	0.167803	0.144355	0.150559	0.161261	0.146433	0.153729	0.147752	0.146096	0.13961	0.151447	0.152747	0.159237	0.155128	0.163307	0.159448	0.162488	0.165964	0.146959	0.226068	0.147406	0.151537	0.15367	0.146004	0.151428	0.1392	0.151684	0.147709	0.130924	0.141702	0.170057	0.159521	0.163423	0.162496	0.162205	0.141612	0.148245	0.148144	0.143027	0.157307	0.152101	0.148781	0.155742	0.147705	0.160746	0.163249	0.155861	0.151006	0.144218	0.158712	0.146809	0.146288	0.183702	0.134695	0.149928	0.154196	0.146725	0.166783	0.152103	0.152532	0.151234	0.158741	0.16299	0.159212	0.13953	0.151089	0.14412	0.173865	0.140302	0.157897	0.150141	0.154768	0.137819	0.239052	0.172384	0.153856	0.149585
S021	0.169812	0.151983	0.160505	0.176327	0.165691	0.155614	0.158057	0.163744	0.171708	0.155468	0.155661	0.157473	0.162117	0.15953	0.155489	0.156698	0.160153	0.214661	0.156772	0.167451	0	0.161397	0.164162	0.180347	0.179552	0.150452	0.156659	0.161316	0.156801	0.16435	0.154896	0.162696	0.152406	0.150782	0.166809	0.167782	0.16154	0.172427	0.165083	0.173067	0.177647	0.160953	0.206691	0.154217	0.157677	0.163286	0.151038	0.165294	0.15887	0.147392	0.158083	0.149168	0.150639	0.177351	0.170402	0.168771	0.167248	0.161137	0.155389	0.157241	0.162588	0.153242	0.169465	0.150239	0.167354	0.162066	0.157619	0.164145	0.171229	0.15942	0.158535	0.162351	0.163728	0.153421	0.147075	0.195607	0.15558	0.164958	0.159644	0.162009	0.17852	0.162323	0.165047	0.169889	0.173177	0.170967	0.163469	0.15004	0.157432	0.158041	0.177776	0.155622	0.163	0.162441	0.170411	0.143855	0.243135	0.169317	0.159379	0.157787
S022	0.155274	0.142374	0.155225	0.160576	0.154992	0.151064	0.146381	0.154319	0.164726	0.145867	0.149819	0.140655	0.158615	0.150913	0.142798	0.152646	0.148588	0.205497	0.14724	0.155432	0.161397	0	0.149535	0.171913	0.169545	0.138682	0.155779	0.165768	0.148015	0.147715	0.145177	0.154179	0.142757	0.142758	0.14833	0.160599	0.149802	0.163281	0.16279	0.160469	0.167886	0.148201	0.221444	0.141931	0.149899	0.152895	0.142052	0.154729	0.149569	0.149392	0.138857	0.132848	0.135516	0.170157	0.152348	0.16469	0.158358	0.162754	0.14691	0.147401	0.156141	0.137443	0.158349	0.151483	0.154642	0.14765	0.151473	0.15614	0.165444	0.153344	0.157263	0.150351	0.152242	0.14804	0.147762	0.18344	0.144397	0.156123	0.152731	0.156162	0.171325	0.154034	0.147083	0.15829	0.163212	0.164219	0.162962	0.137313	0.147671	0.15235	0.170738	0.142965	0.152681	0.151907	0.160548	0.139231	0.240389	0.164208	0.151675	0.153483
S023	0.162972	0.147572	0.154963	0.166856	0.15645	0.148899	0.14813	0.160314	0.152836	0.144895	0.152406	0.13426	0.152804	0.154853	0.140433	0.149385	0.143618	0.203415	0.148971	0.154835	0.164162	0.149535	0	0.159264	0.169347	0.144752	0.158573	0.157092	0.144662	0.151534	0.150121	0.150532	0.136354	0.14356	0.155067	0.165506	0.156586	0.158783	0.160862	0.164446	0.165997	0.147797	0.22742	0.14459	0.151418	0.15407	0.147553	0.152916	0.148286	0.138938	0.146224	0.128944	0.138821	0.170072	0.154989	0.164773	0.152888	0.162712	0.146753	0.128989	0.152819	0.14524	0.157594	0.148031	0.157101	0.156566	0.149627	0.158641	0.164925	0.151993	0.148389	0.146056	0.158157	0.148472	0.132591	0.190758	0.143911	0.150074	0.154	0.154357	0.161802	0.158484	0.140644	0.15879	0.159117	0.164011	0.159888	0.130332	0.145597	0.155043	0.164806	0.146773	0.153017	0.153975	0.166198	0.135083	0.233879	0.16718	0.140463	0.143949
S024	0.181202	0.161249	0.1696	0.184197	0.163124	0.163426	0.166321	0.169351	0.181301	0.162989	0.163507	0.161692	0.168918	0.162246	0.163194	0.15702	0.165987	0.218129	0.166636	0.168312	0.180347	0.171913	0.159264	0	0.181245	0.163843	0.167674	0.179064	0.166026	0.164726	0.166707	0.164425	0.157693	0.168022	0.170236	0.18006	0.167028	0.178469	0.178899	0.177724	0.18552	0.168003	0.236747	0.161231	0.159723	0.165759	0.160359	0.164322	0.162943	0.164342	0.167193	0.155004	0.162218	0.185646	0.173049	0.179662	0.176624	0.170765	0.161951	0.170217	0.170156	0.163195	0.174055	0.164885	0.171677	0.171856	0.165794	0.174123	0.181359	0.168625	0.170708	0.172022	0.173966	0.163317	0.162072	0.203601	0.159579	0.166652	0.175588	0.16624	0.18141	0.176754	0.165327	0.178278	0.180483	0.177918	0.179865	0.154786	0.165442	0.167663	0.187676	0.164977	0.170611	0.168678	0.178696	0.155136	0.250102	0.185227	0.166053	0.164888
S025	0.17512	0.15875	0.166171	0.181001	0.16478	0.162693	0.16001	0.16906	0.177386	0.163351	0.154026	0.160484	0.169483	0.167269	0.16546	0.163863	0.160861	0.219588	0.159368	0.167803	0.179552	0.169545	0.169347	0.181245	0	0.164006	0.168797	0.171438	0.164846	0.165532	0.16193	0.149232	0.154785	0.165977	0.167371	0.178584	0.169922	0.177013	0.174727	0.168057	0.186316	0.1578	0.232075	0.159255	0.161938	0.167284	0.155044	0.172286	0.160443	0.165102	0.162725	0.150426	0.157865	0.181444	0.17053	0.174773	0.148946	0.177432	0.158794	0.165019	0.161154	0.161595	0.174428	0.168421	0.172525	0.167229	0.157563	0.173048	0.182915	0.167666	0.169489	0.166556	0.170982	0.165935	0.163073	0.200632	0.158618	0.17006	0.164046	0.168061	0.181665	0.168125	0.161852	0.174443	0.156897	0.172847	0.173196	0.149176	0.161474	0.169112	0.188211	0.158875	0.167978	0.163201	0.175084	0.156954	0.24949	0.182885	0.168975	0.162287
S026	0.151051	0.140338	0.145676	0.152582	0.142901	0.144044	0.137171	0.147724	0.157329	0.137105	0.136527	0.13171	0.143803	0.143031	0.136451	0.138617	0.13756	0.185255	0.135837	0.144355	0.150452	0.138682	0.144752	0.163843	0.164006	0	0.149381	0.159025	0.133862	0.144314	0.1376	0.141535	0.128608	0.137757	0.135256	0.149696	0.145827	0.150857	0.154396	0.153808	0.158696	0.140807	0.216623	0.139636	0.142392	0.139059	0.133925	0.147691	0.135417	0.137124	0.138411	0.124986	0.134537	0.15746	0.142334	0.155738	0.142759	0.159054	0.132656	0.140095	0.141418	0.134459	0.146636	0.138366	0.136352	0.144736	0.139051	0.141116	0.155694	0.138739	0.143589	0.135179	0.151656	0.137283	0.133285	0.183847	0.134395	0.14117	0.151592	0.14305	0.157619	0.148636	0.142182	0.150146	0.154711	0.158142	0.152478	0.126853	0.140681	0.140654	0.166283	0.130631	0.152465	0.13997	0.153724	0.126327	0.229319	0.158375	0.139643	0.139703
S027	0.165374	0.14881	0.154837	0.159629	0.154515	0.152788	0.14985	0.151522	0.160413	0.147317	0.147673	0.145307	0.150764	0.146273	0.147555	0.146034	0.153689	0.212403	0.144466	0.150559	0.156659	0.155779	0.158573	0.167674	0.168797	0.149381	0	0.163405	0.150319	0.157891	0.148891	0.150598	0.138315	0.144296	0.157224	0.15383	0.155284	0.16636	0.164273	0.164254	0.170439	0.150963	0.224037	0.147431	0.155451	0.151471	0.145378	0.156912	0.151155	0.145256	0.14477	0.142416	0.141912	0.173062	0.156997	0.165396	0.162614	0.164493	0.141412	0.151548	0.157043	0.146151	0.157709	0.143848	0.158281	0.151381	0.152912	0.162177	0.162176	0.155125	0.156491	0.153556	0.158464	0.156639	0.14468	0.190515	0.144272	0.157648	0.157233	0.155216	0.167998	0.164603	0.152538	0.159133	0.167726	0.164469	0.157808	0.141305	0.154608	0.155933	0.172369	0.150815	0.159124	0.159017	0.163864	0.14099	0.228249	0.145241	0.154343	0.15317
S028	0.172292	0.154208	0.165047	0.175692	0.167612	0.160692	0.155827	0.167535	0.179871	0.158476	0.160148	0.156196	0.165102	0.157549	0.155658	0.158666	0.149639	0.217779	0.151873	0.161261	0.161316	0.165768	0.157092	0.179064	0.171438	0.159025	0.163405	0	0.160124	0.161961	0.162597	0.159751	0.142024	0.164942	0.163697	0.172575	0.16071	0.167896	0.164325	0.175239	0.176225	0.160871	0.230778	0.156457	0.163061	0.159614	0.158322	0.16472	0.156148	0.158908	0.157362	0.145699	0.156247	0.177179	0.16175	0.168389	0.169066	0.171942	0.154677	0.160346	0.16279	0.157231	0.171857	0.162349	0.163938	0.169179	0.149571	0.170768	0.173178	0.161491	0.162965	0.163953	0.164098	0.159621	0.157217	0.198947	0.158149	0.161201	0.165419	0.160888	0.176831	0.161988	0.166402	0.169448	0.174542	0.173143	0.166808	0.150541	0.153645	0.166509	0.178339	0.151989	0.16481	0.162194	0.176284	0.149874	0.241238	0.174264	0.156657	0.157914
S029	0.159313	0.138341	0.147243	0.15645	0.13802	0.148363	0.145542	0.149272	0.153829	0.144299	0.144243	0.140963	0.149719	0.149767	0.12531	0.129934	0.145299	0.204673	0.140938	0.146433	0.156801	0.148015	0.144662	0.166026	0.164846	0.133862	0.150319	0.160124	0	0.151334	0.14464	0.148761	0.134746	0.143147	0.151925	0.156997	0.146507	0.159085	0.155231	0.160578	0.166645	0.138367	0.222686	0.144232	0.148071	0.147094	0.13538	0.143995	0.146347	0.139491	0.136342	0.132297	0.136638	0.170284	0.146404	0.15817	0.146083	0.159457	0.136878	0.127054	0.152554	0.136107	0.153379	0.145147	0.153255	0.14465	0.141631	0.15537	0.157111	0.148765	0.154219	0.144315	0.154608	0.138872	0.136914	0.189118	0.136174	0.149989	0.153921	0.146494	0.16543	0.150689	0.141821	0.154582	0.158163	0.160744	0.153249	0.130789	0.134468	0.149119	0.165049	0.138728	0.152416	0.143984	0.166745	0.137865	0.23103	0.164004	0.144121	0.146041
S030	0.164078	0.14553	0.149606	0.172049	0.151329	0.147449	0.15169	0.156326	0.16413	0.150944	0.149819	0.138571	0.147777	0.152005	0.139912	0.147393	0.149419	0.206162	0.143007	0.153729	0.16435	0.147715	0.151534	0.164726	0.165532	0.144314	0.157891	0.161961	0.151334	0	0.152117	0.154216	0.138624	0.149243	0.148182	0.163727	0.145714	0.160435	0.158001	0.163659	0.170994	0.147587	0.221211	0.14719	0.144588	0.153142	0.145839	0.15398	0.144561	0.151216	0.145826	0.125461	0.146867	0.170106	0.157657	0.162201	0.157703	0.162377	0.142227	0.150034	0.151291	0.148937	0.161983	0.15615	0.157655	0.157831	0.137366	0.157009	0.163052	0.153989	0.152172	0.149257	0.159743	0.147769	0.144086	0.181066	0.145911	0.149711	0.14963	0.156635	0.169617	0.156756	0.149473	0.160216	0.165244	0.160098	0.164399	0.137783	0.148558	0.151722	0.174612	0.138768	0.154493	0.154966	0.164815	0.133689	0.23433	0.16411	0.1498	0.149184
S031	0.164453	0.144947	0.150212	0.15983	0.149977	0.145784	0.145472	0.150786	0.161006	0.141825	0.148522	0.138779	0.14942	0.148095	0.142171	0.1408	0.140719	0.204784	0.143807	0.147752	0.154896	0.145177	0.150121	0.166707	0.16193	0.1376	0.148891	0.162597	0.14464	0.152117	0	0.147623	0.135629	0.143766	0.14765	0.163015	0.151109	0.158146	0.161319	0.162341	0.163702	0.144298	0.219564	0.146521	0.150125	0.144914	0.139243	0.142785	0.133152	0.143488	0.141646	0.136343	0.138527	0.167543	0.147036	0.163709	0.15262	0.157844	0.13705	0.145593	0.14764	0.139808	0.154249	0.15105	0.151625	0.147985	0.147793	0.148189	0.164278	0.151046	0.151998	0.144546	0.157369	0.133423	0.141885	0.178803	0.141512	0.15321	0.147492	0.137261	0.158646	0.153507	0.142376	0.154611	0.157576	0.162792	0.155329	0.133008	0.144509	0.150532	0.171378	0.13921	0.153266	0.150734	0.157043	0.129252	0.216579	0.162681	0.145271	0.142563
S032	0.159048	0.141439	0.151212	0.165679	0.150252	0.142119	0.146782	0.149037	0.161692	0.138369	0.146237	0.143217	0.150871	0.148204	0.143392	0.148311	0.146259	0.204914	0.141103	0.146096	0.162696	0.154179	0.150532	0.164425	0.149232	0.141535	0.150598	0.159751	0.148761	0.154216	0.147623	0	0.136254	0.148655	0.149596	0.145041	0.154836	0.157694	0.159901	0.147696	0.166144	0.148087	0.223595	0.143825	0.149456	0.139978	0.143467	0.153968	0.140268	0.146016	0.149098	0.138385	0.138838	0.164965	0.154894	0.15494	0.157902	0.163612	0.135685	0.15087	0.150793	0.143251	0.157288	0.146974	0.150144	0.146821	0.145595	0.158135	0.164949	0.151871	0.150886	0.148717	0.150631	0.14694	0.147045	0.187699	0.135512	0.143933	0.148573	0.151762	0.16947	0.154148	0.146024	0.149201	0.153547	0.157641	0.150104	0.138361	0.144911	0.146359	0.173703	0.140014	0.155883	0.146559	0.157504	0.138379	0.235158	0.162459	0.152038	0.144075
S033	0.154255	0.134042	0.140698	0.157532	0.139939	0.130415	0.139453	0.142207	0.15576	0.134952	0.133948	0.128449	0.141437	0.138602	0.133786	0.133333	0.133412	0.196788	0.132966	0.13961	0.152406	0.142757	0.136354	0.157693	0.154785	0.128608	0.138315	0.142024	0.134746	0.138624	0.135629	0.136254	0	0.136404	0.140103	0.154353	0.141051	0.148258	0.149444	0.151188	0.150792	0.133738	0.214893	0.136332	0.137942	0.137193	0.132102	0.140701	0.133236	0.135933	0.134397	0.117247	0.126694	0.161773	0.146627	0.150254	0.150497	0.154728	0.131906	0.131788	0.141289	0.134295	0.150059	0.13834	0.136348	0.144029	0.130414	0.144648	0.151881	0.142446	0.142735	0.141527	0.148946	0.134402	0.133254	0.178702	0.132223	0.136942	0.144268	0.139864	0.156906	0.148262	0.128749	0.151907	0.146852	0.146495	0.144371	0.122706	0.137419	0.141046	0.163594	0.127517	0.139607	0.143155	0.151931	0.125557	0.230268	0.156417	0.140403	0.136286
S034	0.160452	0.138984	0.149098	0.160166	0.153416	0.140096	0.146554	0.15099	0.162352	0.135958	0.146638	0.138703	0.141502	0.14857	0.140896	0.139522	0.142273	0.2014	0.142378	0.151447	0.150782	0.142758	0.14356	0.168022	0.165977	0.137757	0.144296	0.164942	0.143147	0.149243	0.143766	0.148655	0.136404	0	0.149467	0.153803	0.146044	0.161826	0.153685	0.158782	0.166711	0.135838	0.225006	0.141115	0.142834	0.145806	0.140493	0.151445	0.146519	0.137339	0.13675	0.129254	0.139161	0.167516	0.153442	0.160793	0.155208	0.16112	0.142047	0.144428	0.152691	0.138546	0.152716	0.125514	0.14619	0.151679	0.144043	0.155262	0.159133	0.151173	0.149175	0.151622	0.158373	0.145287	0.138369	0.187175	0.132719	0.146061	0.150352	0.150002	0.167184	0.149901	0.147414	0.154958	0.162313	0.158735	0.154596	0.131587	0.14339	0.15535	0.168072	0.145349	0.144511	0.14531	0.157667	0.131217	0.235048	0.167397	0.144252	0.145668
S035	0.165494	0.147514	0.158866	0.167073	0.143285	0.14998	0.145498	0.157516	0.158438	0.143101	0.145308	0.147117	0.145789	0.1494	0.143968	0.150085	0.149861	0.208203	0.148205	0.152747	0.166809	0.14833	0.155067	0.170236	0.167371	0.135256	0.157224	0.163697	0.151925	0.148182	0.14765	0.149596	0.140103	0.149467	0	0.163738	0.154463	0.160675	0.156201	0.161198	0.172406	0.144856	0.224237	0.144679	0.151732	0.153582	0.147495	0.155359	0.145508	0.151364	0.151988	0.137062	0.146916	0.170203	0.160368	0.15782	0.154425	0.166735	0.14643	0.15539	0.151096	0.150856	0.152468	0.150694	0.162345	0.148863	0.150665	0.152571	0.165249	0.153194	0.155672	0.152653	0.157255	0.150278	0.147216	0.188174	0.143754	0.151263	0.157816	0.15239	0.165801	0.16109	0.147751	0.15963	0.165768	0.163521	0.16322	0.133719	0.149361	0.153329	0.173058	0.142778	0.154657	0.14602	0.168179	0.1402	0.242973	0.161033	0.149081	0.15341
S036	0.165598	0.15087	0.160825	0.174158	0.167171	0.150562	0.15257	0.166526	0.170391	0.158079	0.157615	0.153438	0.154927	0.155867	0.159289	0.156015	0.160307	0.210116	0.154144	0.159237	0.167782	0.160599	0.165506	0.18006	0.178584	0.149696	0.15383	0.172575	0.156997	0.163727	0.163015	0.145041	0.154353	0.153803	0.163738	0	0.164008	0.171604	0.169316	0.168045	0.175756	0.153837	0.229411	0.161613	0.156162	0.15752	0.153945	0.167207	0.16136	0.157007	0.154093	0.148301	0.156045	0.181463	0.159505	0.171334	0.17073	0.170225	0.153119	0.162989	0.158149	0.157812	0.169765	0.155913	0.157679	0.165457	0.157404	0.163984	0.170412	0.160151	0.160233	0.159591	0.164141	0.160912	0.158614	0.1994	0.148213	0.163797	0.165886	0.151057	0.174954	0.167739	0.15324	0.164459	0.173203	0.169147	0.166462	0.15034	0.163275	0.156604	0.175636	0.149668	0.170543	0.162374	0.170613	0.147131	0.241496	0.170646	0.163849	0.158712
S037	0.16681	0.147049	0.154051	0.171389	0.15341	0.155169	0.154211	0.159447	0.163585	0.151235	0.144435	0.141831	0.149626	0.155507	0.148043	0.143467	0.146637	0.206418	0.148115	0.155128	0.16154	0.149802	0.156586	0.167028	0.169922	0.145827	0.155284	0.16071	0.146507	0.145714	0.151109	0.154836	0.141051	0.146044	0.154463	0.164008	0	0.164914	0.164528	0.166465	0.168338	0.148227	0.225238	0.143934	0.151742	0.155858	0.137119	0.15782	0.149778	0.150293	0.149152	0.133499	0.138049	0.172003	0.153583	0.166127	0.156282	0.163489	0.147412	0.152062	0.154983	0.151225	0.160661	0.15467	0.157453	0.153485	0.13896	0.15835	0.151015	0.150567	0.159021	0.153351	0.158734	0.15016	0.147746	0.189733	0.145033	0.157544	0.159898	0.154258	0.156918	0.154618	0.151668	0.158151	0.16404	0.169022	0.15516	0.142115	0.1446	0.159161	0.173579	0.139016	0.155454	0.155702	0.163874	0.141496	0.233931	0.162424	0.152644	0.151664
S038	0.173939	0.153149	0.164526	0.173706	0.164976	0.15592	0.157279	0.160412	0.168811	0.153583	0.159594	0.150005	0.164173	0.163871	0.153517	0.160218	0.157999	0.210448	0.156087	0.163307	0.172427	0.163281	0.158783	0.178469	0.177013	0.150857	0.16636	0.167896	0.159085	0.160435	0.158146	0.157694	0.148258	0.161826	0.160675	0.171604	0.164914	0	0.167578	0.17244	0.166948	0.15607	0.229805	0.154739	0.158886	0.163705	0.155332	0.165713	0.155436	0.154404	0.148681	0.143427	0.153617	0.178612	0.16408	0.171412	0.165078	0.172253	0.149789	0.158213	0.154254	0.14802	0.161352	0.161228	0.160707	0.156528	0.154975	0.164529	0.17427	0.161974	0.164005	0.163701	0.168786	0.157151	0.156705	0.192788	0.153563	0.168689	0.161041	0.160286	0.175919	0.167743	0.15689	0.16969	0.168191	0.173827	0.170549	0.147757	0.156867	0.163391	0.17425	0.154811	0.168256	0.160336	0.177675	0.147855	0.246591	0.174801	0.162351	0.157931
S039	0.17435	0.152074	0.158188	0.176112	0.159497	0.153226	0.15745	0.158448	0.175109	0.155273	0.15549	0.15406	0.15819	0.15475	0.152884	0.15376	0.153695	0.213244	0.155177	0.159448	0.165083	0.16279	0.160862	0.178899	0.174727	0.154396	0.164273	0.164325	0.155231	0.158001	0.161319	0.159901	0.149444	0.153685	0.156201	0.169316	0.164528	0.167578	0	0.169	0.176194	0.152987	0.225743	0.151508	0.157079	0.15661	0.15047	0.161048	0.156032	0.159091	0.151132	0.142504	0.1405	0.178111	0.161689	0.164133	0.163027	0.173822	0.150632	0.154949	0.161952	0.152012	0.166632	0.158257	0.166011	0.158194	0.15792	0.168943	0.163373	0.165129	0.162705	0.158609	0.163507	0.157417	0.156056	0.190478	0.154957	0.158367	0.163106	0.162835	0.171292	0.160912	0.157485	0.163632	0.173498	0.168248	0.168019	0.146175	0.156196	0.15471	0.181271	0.155558	0.162624	0.16057	0.173984	0.146184	0.244967	0.173753	0.16096	0.159183
S040	0.176601	0.1556	0.161893	0.178747	0.165355	0.15045	0.15607	0.167192	0.174814	0.153602	0.155999	0.152939	0.161136	0.162122	0.15894	0.160731	0.158159	0.20892	0.155587	0.162488	0.173067	0.160469	0.164446	0.177724	0.168057	0.153808	0.164254	0.175239	0.160578	0.163659	0.162341	0.147696	0.151188	0.158782	0.161198	0.168045	0.166465	0.17244	0.169	0	0.176239	0.153199	0.230936	0.159179	0.15286	0.160909	0.155937	0.157535	0.155703	0.157326	0.158901	0.146736	0.146621	0.178445	0.167614	0.162764	0.167315	0.172526	0.153602	0.162176	0.166863	0.152678	0.169549	0.160577	0.163978	0.163967	0.158915	0.168539	0.17373	0.163495	0.158071	0.159034	0.15259	0.156147	0.153039	0.196146	0.156153	0.16777	0.164499	0.160063	0.179865	0.167691	0.153943	0.170868	0.174366	0.155614	0.157803	0.148374	0.156231	0.164867	0.175947	0.150026	0.165959	0.15868	0.172911	0.150703	0.242111	0.174399	0.163079	0.157241
S041	0.173613	0.160249	0.164143	0.18085	0.169581	0.157277	0.165362	0.17535	0.17497	0.164431	0.166674	0.159364	0.165172	0.166324	0.164012	0.162993	0.158221	0.217875	0.162323	0.165964	0.177647	0.167886	0.165997	0.18552	0.186316	0.158696	0.170439	0.176225	0.166645	0.170994	0.163702	0.166144	0.150792	0.166711	0.172406	0.175756	0.168338	0.166948	0.176194	0.176239	0	0.163142	0.235126	0.159565	0.165941	0.170483	0.164883	0.173749	0.159593	0.165773	0.159674	0.155272	0.159699	0.186567	0.172672	0.180105	0.175595	0.180052	0.149458	0.171895	0.167272	0.160104	0.170011	0.16769	0.166938	0.166251	0.164513	0.170361	0.177537	0.17001	0.164943	0.169136	0.168915	0.164787	0.158211	0.201679	0.156887	0.16911	0.173253	0.168639	0.181539	0.170654	0.167857	0.176128	0.178527	0.172681	0.168148	0.154346	0.16242	0.170175	0.186936	0.158263	0.171217	0.166269	0.181326	0.159576	0.25044	0.182196	0.164316	0.161355
S042	0.161403	0.141383	0.149593	0.155378	0.146184	0.144277	0.142616	0.147355	0.15904	0.14028	0.142768	0.14021	0.149426	0.143958	0.136972	0.142764	0.145148	0.204311	0.142641	0.146959	0.160953	0.148201	0.147797	0.168003	0.1578	0.140807	0.150963	0.160871	0.138367	0.147587	0.144298	0.148087	0.133738	0.135838	0.144856	0.153837	0.148227	0.15607	0.152987	0.153199	0.163142	0	0.21665	0.133584	0.143719	0.149363	0.136686	0.151012	0.144994	0.143994	0.135627	0.123834	0.125402	0.167693	0.155042	0.155444	0.154114	0.158689	0.14029	0.144879	0.146254	0.143768	0.155359	0.146811	0.149931	0.148003	0.141652	0.150653	0.160471	0.144957	0.146707	0.14916	0.13752	0.138513	0.137812	0.184677	0.140428	0.139836	0.151965	0.149663	0.164821	0.152275	0.147727	0.145783	0.154166	0.156172	0.155336	0.129778	0.146398	0.148196	0.163297	0.141972	0.152884	0.142919	0.161582	0.131476	0.229831	0.160164	0.14622	0.143691
S043	0.231758	0.215075	0.22151	0.231093	0.225287	0.221306	0.224427	0.221909	0.2338	0.220615	0.223823	0.217552	0.223123	0.220271	0.222668	0.222008	0.218058	0.264861	0.221981	0.226068	0.206691	0.221444	0.22742	0.236747	0.232075	0.216623	0.224037	0.230778	0.222686	0.221211	0.219564	0.223595	0.214893	0.225006	0.224237	0.229411	0.225238	0.229805	0.225743	0.230936	0.235126	0.21665	0	0.219955	0.220154	0.223529	0.216057	0.228018	0.221266	0.198697	0.220486	0.214262	0.217721	0.235372	0.227247	0.227855	0.216593	0.226879	0.219754	0.223923	0.219379	0.220663	0.230837	0.222677	0.222782	0.22153	0.217895	0.226569	0.233878	0.224464	0.190853	0.223247	0.212925	0.217091	0.219957	0.244595	0.22039	0.22484	0.225138	0.225924	0.233879	0.220137	0.219996	0.230097	0.2334	0.228422	0.229655	0.217327	0.222257	0.225874	0.236248	0.216507	0.226975	0.223458	0.229973	0.215017	0.287368	0.231269	0.22236	0.221025
S044	0.153539	0.140285	0.148026	0.165676	0.141202	0.147313	0.139762	0.14555	0.155472	0.142239	0.135378	0.139224	0.147429	0.142666	0.138248	0.14156	0.136144	0.200666	0.141484	0.147406	0.154217	0.141931	0.14459	0.161231	0.159255	0.139636	0.147431	0.156457	0.144232	0.14719	0.146521	0.143825	0.136332	0.141115	0.144679	0.161613	0.143934	0.154739	0.151508	0.159179	0.159565	0.133584	0.219955	0	0.145471	0.145384	0.138198	0.150783	0.143449	0.136343	0.1402	0.126974	0.133437	0.16143	0.152388	0.153567	0.150984	0.156908	0.141381	0.143501	0.150295	0.134025	0.154607	0.144165	0.14893	0.145895	0.141256	0.149744	0.154834	0.148861	0.149088	0.145628	0.148634	0.139339	0.133155	0.180327	0.136016	0.150734	0.148013	0.149892	0.157957	0.150067	0.146847	0.152027	0.159936	0.156375	0.155236	0.129247	0.141003	0.146085	0.166117	0.134199	0.15265	0.14089	0.154287	0.126741	0.233704	0.158767	0.143773	0.143647
