	S001	S002	S003	S004	S005	S006	S007	S008	S009	S010	S011	S012	S013	S014	S015	S016	S017	S018	S019	S020	S021	S022	S023	S024	S025	S026	S027	S028	S029	S030	S031	S032	S033	S034	S035	S036	S037	S038	S039	S040	S041	S042	S043	S044	S045	S046	S047	S048	S049	S050	S051	S052	S053	S054	S055	S056	S057	S058	S059	S060	S061	S062	S063	S064	S065	S066	S067	S068	S069	S070	S071	S072	S073	S074	S075	S076	S077	S078	S079	S080	S081	S082	S083	S084	S085	S086	S087	S088	S089	S090	S091	S092	S093	S094	S095	S096	S097	S098	S099	S100
S001	0	0.330907	0.3691	0.4406	0.470755	0.347647	0.420972	0.328866	0.394039	0.337361	0.368538	0.38855	0.367911	0.415906	0.388534	0.336563	0.42542	0.390639	0.356522	0.382293	0.332223	0.523562	0.314331	0.409367	0.359504	0.365732	0.292942	0.332366	0.281358	0.455045	0.438893	0.324263	0.450938	0.336141	0.413501	0.360629	0.439792	0.344897	0.372489	0.48899	0.330481	0.421474	0.351568	0.385833	0.338516	0.321213	0.320661	0.4367	0.352404	0.349754	0.344355	0.342608	0.302211	0.341053	0.449297	0.421438	0.412263	0.4144	0.536052	0.393473	0.380138	0.629934	0.389445	0.370781	0.392591	0.355386	0.353819	0.345759	0.387764	0.319488	0.318738	0.348943	0.484695	0.31129	0.370524	0.340511	0.339598	0.351288	0.316594	0.341845	0.456028	0.33055	0.359963	0.356654	0.361231	0.31025	0.436917	0.501125	0.350901	0.349513	0.419244	0.513772	0.503601	0.375655	0.358926	0.386896	0.391648	0.341774	0.347709	0.36275
S002	0.330907	0	0.367343	0.432276	0.449349	0.339114	0.399505	0.326856	0.39219	0.330198	0.321306	0.373949	0.359463	0.403002	0.35584	0.312778	0.381419	0.433803	0.34529	0.369156	0.317517	0.47176	0.332938	0.412091	0.361197	0.360066	0.291276	0.342453	0.26776	0.448117	0.407099	0.287008	0.441096	0.340385	0.402949	0.361869	0.437125	0.336979	0.341094	0.478991	0.324704	0.409195	0.339233	0.376328	0.305883	0.322388	0.33212	0.4319	0.336563	0.396436	0.34455	0.336396	0.365612	0.339876	0.440377	0.410487	0.39543	0.395371	0.53549	0.369957	0.375463	0.63179	0.406103	0.375257	0.386294	0.337114	0.358128	0.346415	0.383831	0.36411	0.319888	0.347752	0.450995	0.322986	0.367284	0.332263	0.294945	0.340003	0.316255	0.328337	0.428706	0.31038	0.339609	0.346776	0.359236	0.325339	0.437423	0.497572	0.311228	0.29896	0.431008	0.505892	0.49735	0.354497	0.336816	0.373758	0.382077	0.338891	0.328869	0.356676
S003	0.3691	0.367343	0	0.43082	0.464669	0.329036	0.395859	0.318295	0.366045	0.343776	0.349946	0.391669	0.333104	0.40986	0.335431	0.323574	0.382572	0.423949	0.346079	0.37437	0.349331	0.513319	0.325819	0.406204	0.357024	0.355813	0.314772	0.340868	0.305454	0.371264	0.424032	0.298756	0.443608	0.343285	0.403748	0.359521	0.351024	0.329432	0.354341	0.475842	0.305263	0.402624	0.324037	0.379925	0.314761	0.315225	0.356664	0.419827	0.33295	0.368798	0.329681	0.314051	0.324903	0.357931	0.443324	0.37483	0.409175	0.378091	0.531287	0.378543	0.369059	0.601809	0.400585	0.359579	0.386276	0.334363	0.341042	0.345208	0.35304	0.378462	0.311615	0.348232	0.463552	0.318855	0.363473	0.325805	0.299213	0.33851	0.291173	0.319459	0.443535	0.301424	0.319793	0.339023	0.355204	0.325753	0.441434	0.49529	0.339	0.335022	0.422957	0.469424	0.477842	0.349355	0.346917	0.342844	0.385546	0.342169	0.338837	0.368629
S004	0.4406	0.432276	0.43082	0	0.510453	0.406801	0.462348	0.391119	0.437434	0.410882	0.425909	0.449621	0.3955	0.322061	0.432562	0.390202	0.443573	0.483814	0.401152	0.403207	0.413369	0.55621	0.390399	0.454474	0.412846	0.397608	0.371597	0.384419	0.378594	0.479844	0.480857	0.384729	0.484979	0.398649	0.449676	0.38232	0.493164	0.392647	0.421021	0.515784	0.367106	0.371169	0.397474	0.43831	0.386477	0.389215	0.415833	0.466903	0.403056	0.447419	0.39987	0.399147	0.424986	0.423421	0.472645	0.447781	0.456765	0.43568	0.542715	0.451206	0.402789	0.661559	0.454061	0.412729	0.417994	0.388692	0.399024	0.389425	0.433374	0.391701	0.379857	0.425528	0.52157	0.354804	0.428289	0.388766	0.386197	0.400892	0.373657	0.395614	0.494689	0.362034	0.404152	0.389652	0.420202	0.36215	0.485017	0.535729	0.397145	0.385429	0.481632	0.535863	0.526526	0.361318	0.401795	0.389621	0.440646	0.408771	0.395535	0.389764
S005	0.470755	0.449349	0.464669	0.510453	0	0.438356	0.498365	0.421028	0.460312	0.453336	0.441518	0.484675	0.448983	0.501721	0.468496	0.41708	0.495634	0.500663	0.444037	0.4534	0.43238	0.584592	0.43329	0.437069	0.444497	0.44204	0.417329	0.4133	0.424962	0.515367	0.513422	0.424052	0.524721	0.419139	0.48534	0.423337	0.526441	0.429186	0.453618	0.53721	0.402274	0.494305	0.417099	0.476126	0.43237	0.431253	0.452487	0.511725	0.439253	0.48044	0.443168	0.436624	0.45676	0.413525	0.52072	0.495665	0.469287	0.491059	0.601593	0.46023	0.463689	0.684338	0.489791	0.459298	0.470693	0.422612	0.440199	0.442429	0.435799	0.477777	0.420534	0.458586	0.545576	0.427563	0.445717	0.421679	0.423735	0.333642	0.404083	0.41399	0.503766	0.407809	0.444461	0.431127	0.45925	0.430227	0.521325	0.549152	0.436996	0.402637	0.514148	0.523751	0.564853	0.458816	0.428686	0.423865	0.440681	0.445201	0.424141	0.455078
S006	0.347647	0.339114	0.329036	0.406801	0.438356	0	0.385784	0.279698	0.357064	0.317602	0.326264	0.371629	0.312273	0.347801	0.314928	0.29102	0.389904	0.389387	0.317577	0.3361	0.335027	0.494236	0.290225	0.373638	0.327174	0.332625	0.26859	0.300556	0.287616	0.416999	0.388889	0.27243	0.403255	0.277285	0.376692	0.327138	0.415255	0.295872	0.318051	0.450905	0.274522	0.378288	0.31531	0.347355	0.273114	0.285656	0.303271	0.398723	0.303884	0.351879	0.318795	0.296282	0.331864	0.334316	0.402707	0.383081	0.371717	0.374806	0.510177	0.363347	0.267299	0.611684	0.380191	0.340663	0.305351	0.302903	0.327817	0.298241	0.334963	0.349655	0.290241	0.344118	0.454841	0.288598	0.340316	0.299256	0.290272	0.306615	0.26687	0.269499	0.40559	0.281797	0.318616	0.309521	0.333942	0.28572	0.409368	0.458734	0.311182	0.302542	0.409444	0.492905	0.462591	0.332181	0.293717	0.347324	0.336241	0.31575	0.307722	0.359992
S007	0.420972	0.399505	0.395859	0.462348	0.498365	0.385784	0	0.352986	0.412782	0.374764	0.404658	0.424216	0.380101	0.448903	0.387619	0.351452	0.448867	0.45658	0.358742	0.416945	0.378879	0.515362	0.375959	0.430828	0.393284	0.397859	0.359779	0.353666	0.36558	0.426317	0.448353	0.370957	0.456928	0.390867	0.430587	0.39582	0.482031	0.358077	0.395346	0.502923	0.351145	0.442655	0.385025	0.427026	0.290327	0.365484	0.403825	0.45299	0.372765	0.430233	0.376022	0.384701	0.386838	0.386645	0.471713	0.404254	0.419682	0.439721	0.555485	0.413749	0.40772	0.653217	0.44004	0.397088	0.401644	0.370689	0.365774	0.379655	0.290711	0.414512	0.3709	0.403678	0.470625	0.358321	0.401402	0.382689	0.319679	0.373007	0.361211	0.374032	0.459687	0.341154	0.370642	0.375574	0.390074	0.355339	0.475406	0.521216	0.313965	0.373489	0.454946	0.53984	0.524858	0.379415	0.365925	0.369964	0.415969	0.336909	0.364674	0.421598
S008	0.328866	0.326856	0.318295	0.391119	0.421028	0.279698	0.352986	0	0.336924	0.27068	0.298515	0.323444	0.303083	0.370355	0.320371	0.262521	0.369204	0.388175	0.291211	0.325528	0.320833	0.469884	0.267071	0.356429	0.289633	0.27352	0.262482	0.283885	0.270473	0.398019	0.390081	0.255056	0.370023	0.23138	0.347919	0.298787	0.407001	0.248376	0.307221	0.439657	0.247563	0.34801	0.277636	0.316796	0.271937	0.253749	0.310554	0.379098	0.283016	0.330857	0.296859	0.271322	0.319797	0.308295	0.389773	0.347343	0.325914	0.354376	0.482826	0.340498	0.315076	0.596671	0.355183	0.283226	0.330897	0.273556	0.317124	0.264015	0.335494	0.312573	0.262776	0.323058	0.441873	0.258575	0.291231	0.27134	0.255791	0.264579	0.262319	0.25545	0.37403	0.264258	0.27593	0.264741	0.318867	0.272718	0.395621	0.446344	0.284422	0.264584	0.376988	0.472581	0.457478	0.304313	0.290537	0.318012	0.313142	0.292882	0.272446	0.341889
S009	0.394039	0.39219	0.366045	0.437434	0.460312	0.357064	0.412782	0.336924	0	0.365784	0.384467	0.409369	0.341223	0.414085	0.387434	0.338741	0.426002	0.429158	0.363328	0.388525	0.372935	0.523225	0.345276	0.419667	0.34614	0.355063	0.339879	0.348283	0.333189	0.453255	0.441762	0.334646	0.454038	0.355122	0.404814	0.37211	0.450791	0.343121	0.343661	0.395511	0.322433	0.415353	0.353995	0.399472	0.341676	0.32823	0.363101	0.409697	0.356335	0.386002	0.341896	0.344971	0.36966	0.374217	0.44852	0.388563	0.395208	0.414806	0.53659	0.367286	0.386828	0.574841	0.377276	0.36814	0.387101	0.354808	0.347923	0.357001	0.377289	0.39857	0.33132	0.368314	0.477503	0.335032	0.383814	0.351221	0.325069	0.345226	0.329349	0.332387	0.432137	0.290526	0.357068	0.356013	0.379087	0.319167	0.427505	0.490093	0.356207	0.341271	0.417	0.520228	0.504115	0.35615	0.355218	0.353348	0.398662	0.363741	0.33538	0.396067
S010	0.337361	0.330198	0.343776	0.410882	0.453336	0.317602	0.374764	0.27068	0.365784	0	0.348333	0.388134	0.312027	0.384256	0.356467	0.31135	0.385207	0.42464	0.331098	0.358051	0.317373	0.506552	0.30669	0.393289	0.338803	0.330523	0.272548	0.331803	0.26475	0.410042	0.422433	0.303692	0.429018	0.322397	0.309137	0.332631	0.440995	0.30762	0.348465	0.465303	0.304117	0.375076	0.323636	0.36484	0.297912	0.30089	0.345147	0.395721	0.329473	0.36041	0.327987	0.292511	0.356209	0.310259	0.415161	0.400663	0.394606	0.378219	0.508289	0.381937	0.340829	0.621561	0.385049	0.303409	0.36442	0.323041	0.326909	0.304951	0.365408	0.369309	0.303343	0.344598	0.461333	0.290848	0.340361	0.294592	0.298484	0.332437	0.294257	0.311489	0.433854	0.295678	0.324157	0.332199	0.322937	0.308405	0.421267	0.485048	0.329044	0.311091	0.411668	0.495185	0.470568	0.339094	0.323965	0.350049	0.349282	0.324645	0.300182	0.343198
S011	0.368538	0.321306	0.349946	0.425909	0.441518	0.326264	0.404658	0.298515	0.384467	0.348333	0	0.291808	0.353442	0.40891	0.365102	0.298454	0.370095	0.432184	0.337277	0.365297	0.352573	0.512434	0.320982	0.381723	0.35615	0.345789	0.310161	0.324012	0.270169	0.440954	0.425361	0.269535	0.441109	0.311273	0.392692	0.346486	0.435031	0.328659	0.339942	0.450961	0.31355	0.406637	0.321368	0.315369	0.317643	0.298794	0.32273	0.416963	0.332509	0.387979	0.329586	0.326067	0.354141	0.350423	0.429195	0.405274	0.375711	0.358934	0.531747	0.369942	0.36168	0.621396	0.400398	0.362553	0.377915	0.30564	0.348942	0.33594	0.363361	0.365048	0.29239	0.356292	0.446843	0.294279	0.342318	0.332123	0.320409	0.332208	0.296369	0.332499	0.42033	0.30658	0.320982	0.329405	0.357492	0.306332	0.424058	0.491294	0.333072	0.325991	0.414018	0.502679	0.484146	0.361853	0.341046	0.366167	0.345709	0.345048	0.320374	0.364977
S012	0.38855	0.373949	0.391669	0.449621	0.484675	0.371629	0.424216	0.323444	0.409369	0.388134	0.291808	0	0.382595	0.415159	0.394232	0.35858	0.441153	0.461236	0.339606	0.395266	0.395264	0.495789	0.36421	0.430332	0.363422	0.335773	0.351497	0.375091	0.30968	0.444901	0.455508	0.340544	0.430868	0.368015	0.437223	0.384382	0.472519	0.311326	0.376658	0.502079	0.346337	0.43338	0.372821	0.346547	0.348548	0.292896	0.382502	0.454145	0.365004	0.407985	0.367629	0.362341	0.375634	0.380375	0.466839	0.433798	0.422887	0.398327	0.552054	0.414926	0.390785	0.647151	0.417205	0.384933	0.413283	0.358583	0.387457	0.371386	0.407888	0.388671	0.359161	0.393413	0.473055	0.350137	0.395664	0.355799	0.354336	0.378072	0.340322	0.349466	0.4608	0.354152	0.369939	0.363879	0.391273	0.359561	0.464067	0.483201	0.379814	0.371326	0.437806	0.531618	0.515108	0.377936	0.350881	0.397032	0.406917	0.377589	0.358385	0.398067
S013	0.367911	0.359463	0.333104	0.3955	0.448983	0.312273	0.380101	0.303083	0.341223	0.312027	0.353442	0.382595	0	0.385264	0.356334	0.294235	0.39898	0.411717	0.32606	0.355973	0.34003	0.502978	0.288071	0.375668	0.326086	0.325175	0.269795	0.29945	0.305617	0.419734	0.411283	0.29515	0.427793	0.312176	0.351217	0.322649	0.433552	0.290318	0.339859	0.462283	0.297853	0.375776	0.315794	0.371192	0.274942	0.303629	0.334817	0.371223	0.270437	0.362168	0.303873	0.294755	0.343483	0.309268	0.418353	0.331018	0.359875	0.365528	0.509695	0.372992	0.349354	0.607672	0.384568	0.314349	0.34423	0.303877	0.315073	0.319016	0.314141	0.365844	0.300203	0.331985	0.456769	0.288496	0.347499	0.304172	0.282208	0.303028	0.275962	0.289254	0.420984	0.272965	0.32368	0.310492	0.349176	0.300709	0.423473	0.476027	0.328	0.314874	0.403379	0.492845	0.470967	0.335864	0.303007	0.319193	0.363027	0.333505	0.308724	0.37141
S014	0.415906	0.403002	0.40986	0.322061	0.501721	0.347801	0.448903	0.370355	0.414085	0.384256	0.40891	0.415159	0.385264	0	0.396565	0.370461	0.43427	0.462395	0.391494	0.402159	0.399421	0.540312	0.369747	0.44501	0.403583	0.40041	0.369455	0.372234	0.372111	0.433236	0.459764	0.370075	0.461586	0.369043	0.435925	0.400094	0.479051	0.372672	0.409651	0.514129	0.344202	0.43261	0.380161	0.428669	0.362451	0.367852	0.399039	0.464675	0.377808	0.407545	0.376733	0.371057	0.387046	0.405222	0.440948	0.43309	0.437221	0.414653	0.565245	0.434505	0.360265	0.656137	0.444324	0.389982	0.400861	0.386501	0.390687	0.387876	0.422952	0.419055	0.372441	0.401735	0.508909	0.334391	0.410581	0.38222	0.368648	0.386782	0.336169	0.362327	0.474855	0.333441	0.387909	0.393909	0.413515	0.35758	0.456521	0.516215	0.372383	0.373329	0.470442	0.540855	0.51978	0.395962	0.374448	0.404981	0.425978	0.391464	0.382725	0.377798
S015	0.388534	0.35584	0.335431	0.432562	0.468496	0.314928	0.387619	0.320371	0.387434	0.356467	0.365102	0.394232	0.356334	0.396565	0	0.305927	0.39545	0.43437	0.316384	0.369477	0.331106	0.508649	0.331938	0.411825	0.345701	0.35337	0.323779	0.325367	0.316523	0.407993	0.392463	0.318606	0.446595	0.342214	0.406507	0.349759	0.435985	0.304711	0.361453	0.469983	0.298962	0.402701	0.34307	0.386361	0.298734	0.272899	0.339657	0.432606	0.331652	0.390507	0.296504	0.322588	0.351984	0.36276	0.421582	0.401525	0.413507	0.400263	0.522685	0.400992	0.374788	0.627791	0.408554	0.372986	0.384418	0.32863	0.360751	0.323818	0.346931	0.381447	0.327285	0.369981	0.460679	0.317308	0.373246	0.335889	0.303064	0.34362	0.312531	0.334575	0.449942	0.311352	0.308045	0.325847	0.364868	0.326295	0.334193	0.479135	0.331307	0.299271	0.425343	0.474494	0.496585	0.355379	0.327317	0.359786	0.389742	0.319414	0.33177	0.380485
S016	0.336563	0.312778	0.323574	0.390202	0.41708	0.29102	0.351452	0.262521	0.338741	0.31135	0.298454	0.35858	0.294235	0.370461	0.305927	0	0.360321	0.392935	0.303894	0.320934	0.313264	0.480813	0.264738	0.356185	0.295732	0.295004	0.258619	0.262654	0.262646	0.405766	0.358033	0.261988	0.382628	0.290875	0.368378	0.304463	0.400432	0.271051	0.31022	0.394012	0.258299	0.362672	0.238924	0.346126	0.267616	0.264062	0.307406	0.386085	0.287013	0.350872	0.263322	0.277042	0.305863	0.259302	0.389642	0.353302	0.357607	0.344405	0.497279	0.346305	0.320705	0.599545	0.359318	0.325364	0.336195	0.203447	0.29881	0.270904	0.325886	0.337045	0.233989	0.297535	0.425848	0.24841	0.273607	0.277043	0.259377	0.283428	0.228709	0.267	0.405746	0.225759	0.287993	0.234028	0.32117	0.258221	0.382469	0.429561	0.284878	0.276647	0.391356	0.47284	0.437944	0.31488	0.288172	0.317907	0.334529	0.286734	0.258491	0.317813
S017	0.42542	0.381419	0.382572	0.443573	0.495634	0.389904	0.448867	0.369204	0.426002	0.385207	0.370095	0.441153	0.39898	0.43427	0.39545	0.360321	0	0.466325	0.384137	0.393795	0.386608	0.541346	0.376896	0.447336	0.391077	0.392624	0.351668	0.389398	0.365679	0.480633	0.454603	0.336642	0.478165	0.37048	0.446051	0.401932	0.472197	0.380701	0.394569	0.512654	0.348893	0.439941	0.389429	0.424933	0.365254	0.334667	0.397019	0.449312	0.387426	0.430794	0.378584	0.381822	0.39579	0.398042	0.478191	0.439145	0.44125	0.300078	0.564115	0.430795	0.414976	0.65333	0.44056	0.41663	0.415703	0.374024	0.403026	0.380409	0.410007	0.402613	0.346057	0.394768	0.506906	0.37285	0.406896	0.380342	0.364194	0.379921	0.364645	0.376947	0.47812	0.346051	0.324641	0.381573	0.410878	0.370467	0.448317	0.523858	0.373185	0.370645	0.454886	0.51108	0.523726	0.39037	0.38463	0.412519	0.411312	0.363612	0.362255	0.42849
S018	0.390639	0.433803	0.423949	0.483814	0.500663	0.389387	0.45658	0.388175	0.429158	0.42464	0.432184	0.461236	0.411717	0.462395	0.43437	0.392935	0.466325	0	0.415203	0.429034	0.423165	0.561152	0.373034	0.459466	0.416523	0.420065	0.395212	0.390895	0.377247	0.494055	0.483411	0.392764	0.493153	0.391189	0.466887	0.417816	0.429154	0.395453	0.42479	0.529042	0.385559	0.460039	0.411781	0.444881	0.394736	0.368167	0.40781	0.462219	0.402448	0.403723	0.401562	0.398807	0.406095	0.425414	0.493954	0.449339	0.447281	0.462296	0.578842	0.416774	0.414833	0.596663	0.410149	0.426209	0.43127	0.40926	0.404136	0.410704	0.442809	0.445911	0.389637	0.404956	0.436293	0.393295	0.42077	0.395289	0.391467	0.40402	0.378666	0.396674	0.472069	0.379269	0.402968	0.414134	0.418812	0.3931	0.483685	0.540599	0.391547	0.379692	0.461364	0.553805	0.541221	0.425398	0.414361	0.43642	0.446418	0.42021	0.39206	0.442384
S019	0.356522	0.34529	0.346079	0.401152	0.444037	0.317577	0.358742	0.291211	0.363328	0.331098	0.337277	0.339606	0.32606	0.391494	0.316384	0.303894	0.384137	0.415203	0	0.309846	0.333808	0.498212	0.296527	0.365989	0.306767	0.329305	0.27812	0.309189	0.27818	0.391506	0.412279	0.269604	0.422993	0.30589	0.361299	0.332107	0.428872	0.288841	0.335685	0.463831	0.274438	0.384723	0.323979	0.366243	0.26046	0.239002	0.309412	0.395145	0.31186	0.357187	0.293916	0.292035	0.324992	0.319306	0.4253	0.384171	0.364775	0.362209	0.517668	0.374502	0.335532	0.61488	0.381618	0.331604	0.359067	0.308938	0.334201	0.325898	0.315701	0.359963	0.288986	0.34539	0.444575	0.298269	0.343594	0.237248	0.281722	0.312098	0.270649	0.284498	0.421121	0.285004	0.300948	0.315353	0.337279	0.306994	0.383329	0.435639	0.283281	0.298786	0.414522	0.486998	0.471375	0.306192	0.301228	0.322256	0.358206	0.317908	0.306529	0.365952
S020	0.382293	0.369156	0.37437	0.403207	0.4534	0.3361	0.416945	0.325528	0.388525	0.358051	0.365297	0.395266	0.355973	0.402159	0.369477	0.320934	0.393795	0.429034	0.309846	0	0.361245	0.445571	0.325586	0.328719	0.340739	0.3562	0.295317	0.336322	0.324149	0.408908	0.419099	0.31425	0.436201	0.349512	0.38668	0.358548	0.442473	0.331874	0.365003	0.469432	0.316601	0.383276	0.342145	0.39237	0.325461	0.331199	0.352819	0.424991	0.344925	0.373634	0.343734	0.319707	0.361249	0.359474	0.434621	0.387341	0.390822	0.401002	0.532983	0.378843	0.367391	0.631657	0.402045	0.334494	0.370636	0.316499	0.338562	0.325044	0.378046	0.392143	0.317451	0.368003	0.470517	0.316082	0.355239	0.319708	0.329306	0.336631	0.304011	0.329687	0.448677	0.304198	0.34387	0.339803	0.375498	0.320733	0.402302	0.48245	0.330845	0.335229	0.434398	0.512849	0.491541	0.302665	0.34122	0.362791	0.369137	0.326143	0.330715	0.38409
S021	0.332223	0.317517	0.349331	0.413369	0.43238	0.335027	0.378879	0.320833	0.372935	0.317373	0.352573	0.395264	0.34003	0.399421	0.331106	0.313264	0.386608	0.423165	0.333808	0.361245	0	0.488075	0.30543	0.400598	0.350623	0.352761	0.271272	0.311101	0.270653	0.439592	0.41996	0.312464	0.437813	0.31255	0.387281	0.353426	0.444285	0.318772	0.323605	0.46568	0.301387	0.391711	0.331982	0.382722	0.308777	0.292732	0.334065	0.42374	0.335173	0.382189	0.301506	0.32562	0.347759	0.302901	0.37847	0.379285	0.372382	0.382354	0.46832	0.386042	0.367628	0.626251	0.399381	0.365104	0.368799	0.324862	0.327435	0.326289	0.337284	0.381359	0.278001	0.349854	0.473537	0.314739	0.365748	0.326501	0.308309	0.300361	0.291036	0.313075	0.431673	0.28353	0.29373	0.328605	0.329833	0.270225	0.372304	0.488193	0.314791	0.292361	0.424452	0.472492	0.424749	0.35143	0.338904	0.358664	0.375379	0.335891	0.317172	0.351423
S022	0.523562	0.47176	0.513319	0.55621	0.584592	0.494236	0.515362	0.469884	0.523225	0.506552	0.512434	0.495789	0.502978	0.540312	0.508649	0.480813	0.541346	0.561152	0.498212	0.445571	0.488075	0	0.486784	0.54024	0.467246	0.473662	0.472925	0.492387	0.47985	0.460921	0.549101	0.478782	0.549676	0.494202	0.537323	0.503304	0.572769	0.459813	0.498336	0.595275	0.472989	0.527158	0.495619	0.520731	0.464245	0.478382	0.502035	0.551432	0.492036	0.517329	0.494778	0.47742	0.511952	0.49584	0.554573	0.482611	0.536948	0.537354	0.639941	0.50916	0.499923	0.722083	0.530134	0.511802	0.479312	0.492352	0.507687	0.489206	0.51371	0.525107	0.475196	0.49167	0.583044	0.480497	0.503001	0.490091	0.446326	0.490293	0.471222	0.476691	0.535798	0.473889	0.489399	0.491724	0.516249	0.450355	0.562862	0.605631	0.495054	0.485343	0.52807	0.620328	0.607335	0.482099	0.476645	0.506133	0.461202	0.475837	0.480582	0.509563
S023	0.314331	0.332938	0.325819	0.390399	0.43329	0.290225	0.375959	0.267071	0.345276	0.30669	0.320982	0.36421	0.288071	0.369747	0.331938	0.264738	0.376896	0.373034	0.296527	0.325586	0.30543	0.486784	0	0.363616	0.30501	0.303823	0.270572	0.263478	0.274988	0.407369	0.38157	0.261236	0.408443	0.298026	0.32043	0.314822	0.414985	0.279184	0.325155	0.438794	0.266841	0.334198	0.288287	0.352236	0.267505	0.270534	0.279738	0.397061	0.296117	0.353583	0.296267	0.273136	0.307345	0.325858	0.383606	0.374768	0.376068	0.358264	0.502417	0.36518	0.332009	0.595649	0.343051	0.295614	0.350143	0.27499	0.310655	0.294906	0.32861	0.345198	0.261691	0.30227	0.449512	0.261569	0.29819	0.283561	0.267711	0.265917	0.248361	0.268775	0.412164	0.257464	0.285892	0.288077	0.318862	0.272325	0.371424	0.442947	0.293381	0.27657	0.397229	0.479656	0.455487	0.316269	0.302789	0.331175	0.345344	0.31246	0.254295	0.350853
S024	0.409367	0.412091	0.406204	0.454474	0.437069	0.373638	0.430828	0.356429	0.419667	0.393289	0.381723	0.430332	0.375668	0.44501	0.411825	0.356185	0.447336	0.459466	0.365989	0.328719	0.400598	0.54024	0.363616	0	0.381579	0.378957	0.343477	0.368514	0.36246	0.474139	0.462072	0.351439	0.469958	0.378884	0.426869	0.361352	0.474317	0.372948	0.39816	0.502892	0.348194	0.442315	0.365267	0.424629	0.347038	0.37001	0.398244	0.411619	0.35053	0.421374	0.385144	0.328167	0.389901	0.394748	0.466666	0.442312	0.351106	0.429752	0.558497	0.399966	0.397646	0.638455	0.438413	0.395544	0.404717	0.367743	0.392666	0.360454	0.399636	0.420683	0.36576	0.400434	0.502087	0.348532	0.400064	0.334283	0.353831	0.372908	0.342524	0.316124	0.470335	0.352216	0.383016	0.358464	0.410334	0.36332	0.455864	0.480481	0.32963	0.37225	0.421302	0.532936	0.509261	0.377654	0.342379	0.409182	0.368889	0.381226	0.37127	0.39375
S025	0.359504	0.361197	0.357024	0.412846	0.444497	0.327174	0.393284	0.289633	0.34614	0.338803	0.35615	0.363422	0.326086	0.403583	0.345701	0.295732	0.391077	0.416523	0.306767	0.340739	0.350623	0.467246	0.30501	0.381579	0	0.323118	0.297813	0.323382	0.285679	0.426834	0.414789	0.301713	0.415617	0.310768	0.39425	0.34448	0.416599	0.311802	0.343842	0.430226	0.294469	0.372703	0.326718	0.379571	0.300527	0.278965	0.337773	0.407393	0.32079	0.37116	0.316652	0.322085	0.346583	0.343593	0.424354	0.391713	0.382572	0.34617	0.523507	0.372729	0.354889	0.621757	0.346406	0.34988	0.372692	0.307418	0.349242	0.306797	0.346728	0.370536	0.30173	0.352988	0.42024	0.289108	0.328788	0.314731	0.289363	0.307598	0.286353	0.304517	0.428862	0.297227	0.327099	0.320963	0.324119	0.304062	0.40754	0.394356	0.318147	0.309323	0.368357	0.486409	0.471657	0.344762	0.323766	0.347512	0.371805	0.307554	0.290263	0.336725
S026	0.365732	0.360066	0.355813	0.397608	0.44204	0.332625	0.397859	0.27352	0.355063	0.330523	0.345789	0.335773	0.325175	0.40041	0.35337	0.295004	0.392624	0.420065	0.329305	0.3562	0.352761	0.473662	0.303823	0.378957	0.323118	0	0.30146	0.320495	0.298357	0.428147	0.412966	0.300026	0.397633	0.322168	0.361852	0.3409	0.432809	0.286417	0.333234	0.463964	0.274572	0.391259	0.324325	0.340104	0.303654	0.297039	0.344101	0.411743	0.319508	0.369645	0.269941	0.290682	0.351142	0.349317	0.413979	0.38731	0.372761	0.381558	0.520405	0.376649	0.3493	0.620958	0.377515	0.34794	0.371149	0.307187	0.334347	0.295512	0.356548	0.366953	0.296434	0.342281	0.462933	0.276488	0.351824	0.314832	0.307553	0.32346	0.291844	0.30646	0.433449	0.297406	0.328046	0.315163	0.357134	0.292195	0.410044	0.483878	0.324749	0.312107	0.405175	0.492123	0.482952	0.307378	0.321605	0.32888	0.367659	0.324275	0.311194	0.333669
S027	0.292942	0.291276	0.314772	0.371597	0.417329	0.26859	0.359779	0.262482	0.339879	0.272548	0.310161	0.351497	0.269795	0.369455	0.323779	0.258619	0.351668	0.395212	0.27812	0.295317	0.271272	0.472925	0.270572	0.343477	0.297813	0.30146	0	0.28764	0.231035	0.403287	0.386478	0.250499	0.400264	0.26165	0.357001	0.269624	0.41164	0.271383	0.317756	0.427733	0.254848	0.36395	0.286587	0.347461	0.265253	0.25222	0.300686	0.385953	0.281813	0.348553	0.283609	0.275554	0.315688	0.258555	0.402112	0.361973	0.351914	0.332183	0.497292	0.353408	0.289985	0.602324	0.356628	0.306865	0.303668	0.269922	0.314122	0.289445	0.312962	0.332972	0.238491	0.300254	0.440141	0.267241	0.317704	0.261615	0.259954	0.279843	0.259531	0.25609	0.393117	0.24005	0.290261	0.285533	0.314422	0.263223	0.385836	0.453917	0.292792	0.280709	0.385579	0.442862	0.453847	0.2807	0.290571	0.323939	0.327731	0.290145	0.282054	0.315137
S028	0.332366	0.342453	0.340868	0.384419	0.4133	0.300556	0.353666	0.283885	0.348283	0.331803	0.324012	0.375091	0.29945	0.372234	0.325367	0.262654	0.389398	0.390895	0.309189	0.336322	0.311101	0.492387	0.263478	0.368514	0.323382	0.320495	0.28764	0	0.288595	0.415463	0.402332	0.276259	0.413493	0.303374	0.377832	0.320362	0.407085	0.295154	0.32099	0.449302	0.260944	0.35818	0.248745	0.314672	0.280153	0.271485	0.300544	0.40141	0.303026	0.350949	0.312309	0.290836	0.318716	0.328748	0.421147	0.341199	0.357445	0.354862	0.500274	0.365533	0.331448	0.590382	0.37998	0.333087	0.331576	0.244443	0.296898	0.29556	0.328091	0.354995	0.258336	0.312014	0.452066	0.262077	0.341308	0.290279	0.280839	0.255454	0.266131	0.277195	0.423021	0.269355	0.28824	0.261927	0.341762	0.27971	0.415309	0.404059	0.287475	0.28655	0.392411	0.471344	0.442642	0.312581	0.315697	0.329929	0.319531	0.313319	0.282934	0.354997
S029	0.281358	0.26776	0.305454	0.378594	0.424962	0.287616	0.36558	0.270473	0.333189	0.26475	0.270169	0.30968	0.305617	0.372111	0.316523	0.262646	0.365679	0.377247	0.27818	0.324149	0.270653	0.47985	0.274988	0.36246	0.285679	0.298357	0.231035	0.288595	0	0.399066	0.375249	0.250283	0.406705	0.291756	0.365495	0.315692	0.393573	0.277774	0.308075	0.431921	0.255046	0.354901	0.2942	0.303455	0.275344	0.251157	0.288442	0.388503	0.289192	0.341543	0.290374	0.288875	0.320915	0.281498	0.395849	0.364959	0.360407	0.35042	0.497121	0.356375	0.319443	0.598827	0.357964	0.327252	0.347217	0.267525	0.307706	0.289778	0.32927	0.33166	0.256301	0.310314	0.431037	0.267612	0.324418	0.27329	0.270996	0.296798	0.257623	0.268659	0.394564	0.258223	0.300187	0.274589	0.24525	0.255514	0.396696	0.425379	0.297746	0.268961	0.381094	0.474447	0.440365	0.308357	0.287285	0.319372	0.33739	0.298467	0.279923	0.296953
S030	0.455045	0.448117	0.371264	0.479844	0.515367	0.416999	0.426317	0.398019	0.453255	0.410042	0.440954	0.444901	0.419734	0.433236	0.407993	0.405766	0.480633	0.494055	0.391506	0.408908	0.439592	0.460921	0.407369	0.474139	0.426834	0.428147	0.403287	0.415463	0.399066	0	0.494127	0.404132	0.476774	0.423208	0.441516	0.432465	0.464182	0.38961	0.428589	0.536005	0.36582	0.457	0.404981	0.457741	0.36574	0.404412	0.431063	0.492862	0.402292	0.427545	0.421261	0.391281	0.41195	0.427678	0.494118	0.447347	0.467926	0.442553	0.583415	0.458141	0.429648	0.673119	0.468485	0.42146	0.432266	0.416742	0.425221	0.420333	0.391251	0.456022	0.407367	0.434996	0.508719	0.399461	0.443136	0.411209	0.3898	0.418115	0.398594	0.400551	0.506885	0.400977	0.417828	0.391417	0.429351	0.384288	0.502334	0.549567	0.373068	0.41506	0.494881	0.563698	0.549367	0.419349	0.403391	0.407051	0.422894	0.412356	0.40972	0.457174
S031	0.438893	0.407099	0.424032	0.480857	0.513422	0.388889	0.448353	0.390081	0.441762	0.422433	0.425361	0.455508	0.411283	0.459764	0.392463	0.358033	0.454603	0.483411	0.412279	0.419099	0.41996	0.549101	0.38157	0.462072	0.414789	0.412966	0.386478	0.402332	0.375249	0.494127	0	0.383061	0.493591	0.401832	0.445726	0.413409	0.488211	0.375688	0.421131	0.524447	0.371847	0.463677	0.405384	0.44303	0.369786	0.384485	0.406208	0.467132	0.369579	0.448794	0.411062	0.402023	0.379608	0.404784	0.411764	0.449535	0.4631	0.439048	0.575656	0.456011	0.431927	0.665776	0.447297	0.420814	0.406682	0.394011	0.41294	0.409798	0.417091	0.417958	0.369993	0.420013	0.524557	0.366832	0.42568	0.381124	0.369049	0.393134	0.385464	0.38449	0.494285	0.361879	0.373567	0.355014	0.431144	0.362658	0.472104	0.539379	0.401493	0.401745	0.472192	0.502445	0.539175	0.406588	0.389768	0.432185	0.439993	0.368535	0.372317	0.438739
S032	0.324263	0.287008	0.298756	0.384729	0.424052	0.27243	0.370957	0.255056	0.334646	0.303692	0.269535	0.340544	0.29515	0.370075	0.318606	0.261988	0.336642	0.392764	0.269604	0.31425	0.312464	0.478782	0.261236	0.351439	0.301713	0.300026	0.250499	0.276259	0.250283	0.404132	0.383061	0	0.39886	0.287292	0.358926	0.310058	0.410911	0.273	0.30991	0.438584	0.246644	0.360226	0.273486	0.328618	0.239881	0.266485	0.271697	0.380433	0.280519	0.33629	0.2764	0.274869	0.301783	0.306539	0.399164	0.339785	0.362988	0.317176	0.498927	0.339006	0.322192	0.577621	0.359302	0.31833	0.324249	0.278189	0.303328	0.283462	0.331095	0.324097	0.260808	0.315198	0.430869	0.262286	0.297717	0.263028	0.265305	0.286182	0.240391	0.271086	0.400039	0.256807	0.271213	0.282943	0.312787	0.265745	0.391725	0.441463	0.289764	0.263951	0.376612	0.471376	0.450882	0.307297	0.27068	0.300887	0.339476	0.27738	0.275178	0.330896
S033	0.450938	0.441096	0.443608	0.484979	0.524721	0.403255	0.456928	0.370023	0.454038	0.429018	0.441109	0.430868	0.427793	0.461586	0.446595	0.382628	0.478165	0.493153	0.422993	0.436201	0.437813	0.549676	0.408443	0.469958	0.415617	0.397633	0.400264	0.413493	0.406705	0.476774	0.493591	0.39886	0	0.407979	0.470762	0.425897	0.492802	0.380548	0.421496	0.528199	0.392614	0.440248	0.408637	0.457783	0.397871	0.388646	0.428992	0.489667	0.418257	0.383634	0.393947	0.414293	0.439336	0.425379	0.501766	0.473081	0.475236	0.459614	0.583451	0.448175	0.407379	0.674528	0.467173	0.429618	0.442543	0.386822	0.428899	0.407736	0.45138	0.451887	0.39616	0.439362	0.529335	0.399065	0.437353	0.416626	0.395162	0.402004	0.381068	0.393853	0.49476	0.389854	0.406118	0.399442	0.439603	0.406396	0.502966	0.550146	0.418836	0.363051	0.491038	0.556922	0.545598	0.43063	0.409258	0.443938	0.452149	0.418296	0.408044	0.449304
S034	0.336141	0.340385	0.343285	0.398649	0.419139	0.277285	0.390867	0.23138	0.355122	0.322397	0.311273	0.368015	0.312176	0.369043	0.342214	0.290875	0.37048	0.391189	0.30589	0.349512	0.31255	0.494202	0.298026	0.378884	0.310768	0.322168	0.26165	0.303374	0.291756	0.423208	0.401832	0.287292	0.407979	0	0.383487	0.309649	0.422247	0.302161	0.321469	0.453956	0.252464	0.370068	0.299424	0.342096	0.28768	0.276324	0.323596	0.403688	0.299274	0.352659	0.287288	0.299791	0.322651	0.304705	0.402868	0.372495	0.343611	0.367134	0.513467	0.354943	0.291625	0.612525	0.372646	0.328133	0.335072	0.290549	0.338507	0.302343	0.346995	0.3072	0.264031	0.326703	0.449003	0.294818	0.338114	0.296097	0.288217	0.28555	0.281239	0.296869	0.355173	0.28261	0.301925	0.304808	0.335027	0.285016	0.410448	0.475262	0.309873	0.28094	0.40573	0.452131	0.459793	0.33289	0.31838	0.320832	0.316534	0.31423	0.294527	0.363401
S035	0.413501	0.402949	0.403748	0.449676	0.48534	0.376692	0.430587	0.347919	0.404814	0.309137	0.392692	0.437223	0.351217	0.435925	0.406507	0.368378	0.446051	0.466887	0.361299	0.38668	0.387281	0.537323	0.32043	0.426869	0.39425	0.361852	0.357001	0.377832	0.365495	0.441516	0.445726	0.358926	0.470762	0.383487	0	0.397524	0.47834	0.362119	0.396199	0.482094	0.352305	0.430659	0.385037	0.413762	0.353847	0.358137	0.379188	0.439064	0.370966	0.403839	0.383708	0.314357	0.392994	0.399342	0.420028	0.43981	0.43941	0.437644	0.538251	0.431913	0.390973	0.651139	0.42842	0.312524	0.423078	0.37832	0.371433	0.375231	0.386454	0.420491	0.348899	0.389649	0.498225	0.325622	0.395449	0.341433	0.352863	0.384723	0.357411	0.358621	0.478485	0.346259	0.364444	0.384598	0.399441	0.365145	0.463983	0.517948	0.366501	0.362942	0.453505	0.534629	0.520092	0.388291	0.373138	0.40088	0.412004	0.387811	0.340827	0.410624
S036	0.360629	0.361869	0.359521	0.38232	0.423337	0.327138	0.39582	0.298787	0.37211	0.332631	0.346486	0.384382	0.322649	0.400094	0.349759	0.304463	0.401932	0.417816	0.332107	0.358548	0.353426	0.503304	0.314822	0.361352	0.34448	0.3409	0.269624	0.320362	0.315692	0.432465	0.413409	0.310058	0.425897	0.309649	0.397524	0	0.440565	0.294205	0.339555	0.467862	0.298149	0.320591	0.299984	0.373537	0.302828	0.304201	0.338194	0.417097	0.314184	0.377987	0.331563	0.320175	0.35696	0.347588	0.432027	0.398182	0.385614	0.390616	0.517244	0.377798	0.339698	0.620322	0.378748	0.345994	0.360048	0.319944	0.347788	0.324082	0.358652	0.349551	0.277276	0.31823	0.464465	0.302443	0.344971	0.298591	0.305534	0.323648	0.30061	0.309609	0.416123	0.291991	0.326341	0.310196	0.352917	0.303223	0.425563	0.472448	0.332958	0.317112	0.417879	0.498122	0.466022	0.341386	0.319512	0.350875	0.352393	0.322272	0.295878	0.352878
S037	0.439792	0.437125	0.351024	0.493164	0.526441	0.415255	0.482031	0.407001	0.450791	0.440995	0.435031	0.472519	0.433552	0.479051	0.435985	0.400432	0.472197	0.429154	0.428872	0.442473	0.444285	0.572769	0.414985	0.474317	0.416599	0.432809	0.41164	0.407085	0.393573	0.464182	0.488211	0.410911	0.492802	0.422247	0.47834	0.440565	0	0.410611	0.422331	0.539175	0.396995	0.445725	0.416472	0.458008	0.406269	0.407003	0.433811	0.468754	0.421819	0.451244	0.413133	0.406665	0.445163	0.4405	0.505095	0.481663	0.475152	0.475107	0.587218	0.405746	0.445504	0.59437	0.477992	0.41667	0.464126	0.416163	0.402802	0.427087	0.452794	0.460994	0.41018	0.422482	0.508102	0.387524	0.446978	0.416263	0.409957	0.426053	0.408801	0.410325	0.506795	0.385222	0.417727	0.429313	0.446823	0.409089	0.507314	0.55478	0.397355	0.415308	0.451779	0.566563	0.554582	0.441742	0.42775	0.448059	0.432289	0.434851	0.412554	0.446184
S038	0.344897	0.336979	0.329432	0.392647	0.429186	0.295872	0.358077	0.248376	0.343121	0.30762	0.328659	0.311326	0.290318	0.372672	0.304711	0.271051	0.380701	0.395453	0.288841	0.331874	0.318772	0.459813	0.279184	0.372948	0.311802	0.286417	0.271383	0.295154	0.277774	0.38961	0.375688	0.273	0.380548	0.302161	0.362119	0.294205	0.410611	0	0.309034	0.445905	0.258418	0.361718	0.300241	0.35367	0.260556	0.259808	0.316621	0.395399	0.269505	0.317164	0.300321	0.280923	0.327173	0.315156	0.396118	0.358484	0.365496	0.367656	0.450533	0.360651	0.331423	0.608915	0.363152	0.302148	0.338011	0.289373	0.315295	0.297743	0.331376	0.344735	0.279591	0.315945	0.446681	0.267153	0.30672	0.293148	0.27266	0.295301	0.264581	0.284026	0.415584	0.262659	0.287951	0.285688	0.321021	0.275545	0.391115	0.463946	0.27009	0.283482	0.395894	0.457211	0.460212	0.312981	0.286615	0.31981	0.329745	0.304477	0.289909	0.347534
S039	0.372489	0.341094	0.354341	0.421021	0.453618	0.318051	0.395346	0.307221	0.343661	0.348465	0.339942	0.376658	0.339859	0.409651	0.361453	0.31022	0.394569	0.42479	0.335685	0.365003	0.323605	0.498336	0.325155	0.39816	0.343842	0.333234	0.317756	0.32099	0.308075	0.428589	0.421131	0.30991	0.421496	0.321469	0.396199	0.339555	0.422331	0.309034	0	0.442939	0.298009	0.393732	0.328183	0.373434	0.312129	0.312271	0.349681	0.397783	0.325641	0.369172	0.328398	0.319752	0.359076	0.344062	0.43956	0.379708	0.389148	0.388681	0.523605	0.382294	0.355503	0.626049	0.394392	0.367902	0.374567	0.320854	0.33683	0.330784	0.344411	0.36339	0.296972	0.355439	0.460303	0.311811	0.336161	0.322404	0.31385	0.325004	0.302396	0.316137	0.417232	0.302323	0.301226	0.32876	0.359482	0.223471	0.429302	0.488306	0.328842	0.297416	0.418216	0.505474	0.475267	0.351994	0.321179	0.365987	0.366004	0.339828	0.313371	0.381607
S040	0.48899	0.478991	0.475842	0.515784	0.53721	0.450905	0.502923	0.439657	0.395511	0.465303	0.450961	0.502079	0.462283	0.514129	0.469983	0.394012	0.512654	0.529042	0.463831	0.469432	0.46568	0.595275	0.438794	0.502892	0.430226	0.463964	0.427733	0.449302	0.431921	0.536005	0.524447	0.438584	0.528199	0.453956	0.482094	0.467862	0.539175	0.445905	0.442939	0	0.432987	0.502165	0.413319	0.493641	0.444447	0.446101	0.459795	0.502001	0.449361	0.481457	0.45273	0.43935	0.470135	0.470084	0.529077	0.508221	0.504426	0.4764	0.608579	0.494955	0.469518	0.694288	0.493387	0.451054	0.491631	0.436721	0.455748	0.441591	0.46941	0.481587	0.432277	0.472959	0.564009	0.417964	0.450871	0.451744	0.437644	0.455606	0.426649	0.409056	0.535067	0.382604	0.457004	0.454259	0.470981	0.423169	0.514595	0.575469	0.453656	0.425349	0.525119	0.589538	0.553836	0.465452	0.45348	0.47229	0.485275	0.445335	0.445524	0.482055
S041	0.330481	0.324704	0.305263	0.367106	0.402274	0.274522	0.351145	0.247563	0.322433	0.304117	0.31355	0.346337	0.297853	0.344202	0.298962	0.258299	0.348893	0.385559	0.274438	0.316601	0.301387	0.472989	0.266841	0.348194	0.294469	0.274572	0.254848	0.260944	0.255046	0.36582	0.371847	0.246644	0.392614	0.252464	0.352305	0.298149	0.396995	0.258418	0.298009	0.432987	0	0.355387	0.26706	0.314742	0.249708	0.253103	0.294655	0.371787	0.254265	0.34373	0.273961	0.258791	0.301693	0.301428	0.393869	0.343074	0.326917	0.333346	0.498618	0.325311	0.319649	0.5785	0.349819	0.288929	0.321604	0.255125	0.297722	0.253199	0.313856	0.319909	0.246836	0.312413	0.435669	0.262073	0.300623	0.25821	0.249034	0.267666	0.235147	0.267666	0.37199	0.24704	0.270076	0.265652	0.321732	0.236952	0.386572	0.42615	0.273112	0.238912	0.363055	0.4644	0.4434	0.30434	0.285444	0.290056	0.310535	0.270319	0.27248	0.311973
S042	0.421474	0.409195	0.402624	0.371169	0.494305	0.378288	0.442655	0.34801	0.415353	0.375076	0.406637	0.43338	0.375776	0.43261	0.402701	0.362672	0.439941	0.460039	0.384723	0.383276	0.391711	0.527158	0.334198	0.442315	0.372703	0.391259	0.36395	0.35818	0.354901	0.457	0.463677	0.360226	0.440248	0.370068	0.430659	0.320591	0.445725	0.361718	0.393732	0.502165	0.355387	0	0.367237	0.411403	0.365596	0.365249	0.382432	0.45485	0.378704	0.411344	0.379164	0.376398	0.398277	0.395825	0.472642	0.439832	0.439346	0.42585	0.557635	0.418048	0.396912	0.637185	0.434264	0.403734	0.420291	0.365045	0.387397	0.356586	0.414755	0.377207	0.350779	0.397106	0.503034	0.368385	0.39298	0.378635	0.366332	0.381934	0.362284	0.37368	0.473966	0.349752	0.352591	0.362697	0.396763	0.368983	0.464325	0.500524	0.374842	0.35646	0.459116	0.51797	0.504091	0.390969	0.378159	0.389868	0.408057	0.392891	0.370741	0.415531
S043	0.351568	0.339233	0.324037	0.397474	0.417099	0.31531	0.385025	0.277636	0.353995	0.323636	0.321368	0.372821	0.315794	0.380161	0.34307	0.238924	0.389429	0.411781	0.323979	0.342145	0.331982	0.495619	0.288287	0.365267	0.326718	0.324325	0.286587	0.248745	0.2942	0.404981	0.405384	0.273486	0.408637	0.299424	0.385037	0.299984	0.416472	0.300241	0.328183	0.413319	0.26706	0.367237	0	0.277712	0.293338	0.274421	0.314896	0.400523	0.291157	0.362981	0.312758	0.289405	0.334763	0.308645	0.408712	0.368252	0.3845	0.361771	0.511149	0.37048	0.336537	0.613166	0.380058	0.321731	0.360955	0.255061	0.328983	0.301137	0.351696	0.346653	0.239253	0.341887	0.453692	0.267938	0.303971	0.294673	0.286947	0.297414	0.252915	0.276315	0.414132	0.267642	0.286448	0.296074	0.344059	0.265749	0.41185	0.467816	0.318221	0.28064	0.409658	0.469537	0.449324	0.312474	0.302218	0.327725	0.317486	0.312145	0.297101	0.340669
S044	0.385833	0.376328	0.379925	0.43831	0.476126	0.347355	0.427026	0.316796	0.399472	0.36484	0.315369	0.346547	0.371192	0.428669	0.386361	0.346126	0.424933	0.444881	0.366243	0.39237	0.382722	0.520731	0.352236	0.424629	0.379571	0.340104	0.347461	0.314672	0.303455	0.457741	0.44303	0.328618	0.457783	0.342096	0.413762	0.373537	0.458008	0.35367	0.373434	0.493641	0.314742	0.411403	0.277712	0	0.350879	0.316318	0.358298	0.440678	0.339854	0.403218	0.360187	0.349265	0.383789	0.383531	0.454596	0.406406	0.418978	0.422297	0.54663	0.41741	0.395671	0.641371	0.416007	0.389296	0.401537	0.32024	0.37105	0.335649	0.39983	0.385094	0.328807	0.387679	0.460167	0.322578	0.391485	0.347489	0.346325	0.35476	0.336121	0.349195	0.461736	0.337035	0.350691	0.369443	0.382487	0.324239	0.454414	0.506707	0.370551	0.346392	0.432689	0.480248	0.505931	0.370801	0.350124	0.361339	0.351059	0.370226	0.358019	0.387292
