	S001	S002	S003	S004	S005	S006	S007	S008	S009	S010	S011	S012	S013	S014	S015	S016	S017	S018	S019	S020	S021	S022	S023	S024	S025	S026	S027	S028	S029	S030	S031	S032	S033	S034	S035	S036	S037	S038	S039	S040	S041	S042	S043	S044	S045	S046	S047	S048	S049	S050	S051	S052	S053	S054	S055	S056	S057	S058	S059	S060	S061	S062	S063	S064	S065	S066	S067	S068	S069	S070	S071	S072	S073	S074	S075	S076	S077	S078	S079	S080	S081	S082	S083	S084	S085	S086	S087	S088	S089	S090	S091	S092	S093	S094	S095	S096	S097	S098	S099	S100
S001	0	0.388015	0.399063	0.442687	0.480776	0.35075	0.48082	0.347554	0.376741	0.374391	0.372586	0.487975	0.389385	0.374427	0.395187	0.342138	0.405446	0.305934	0.371915	0.467053	0.387106	0.48665	0.302799	0.455425	0.381429	0.401809	0.343265	0.34253	0.321995	0.479388	0.45602	0.336888	0.475245	0.351782	0.446384	0.379175	0.490673	0.39333	0.448248	0.506002	0.357803	0.430048	0.365226	0.388395	0.371973	0.306984	0.34724	0.421298	0.3738	0.380734	0.37079	0.372403	0.311113	0.363029	0.454319	0.442455	0.437719	0.413841	0.522843	0.358653	0.374484	0.472872	0.4189	0.394458	0.410453	0.363741	0.396754	0.358733	0.461429	0.346002	0.334857	0.358424	0.590871	0.334753	0.385437	0.358223	0.364309	0.358941	0.319085	0.357098	0.548893	0.361792	0.382955	0.387978	0.339644	0.349043	0.471294	0.570994	0.379329	0.383376	0.399166	0.598929	0.472082	0.395344	0.367795	0.413035	0.422128	0.39942	0.369604	0.430832
S002	0.388015	0	0.388056	0.436103	0.449583	0.359025	0.481858	0.357485	0.382045	0.367087	0.332159	0.484743	0.384265	0.377526	0.372412	0.335564	0.381726	0.463648	0.359799	0.460865	0.381155	0.446198	0.373489	0.45987	0.382362	0.400549	0.345604	0.376645	0.312355	0.478076	0.438499	0.297552	0.475755	0.36205	0.428289	0.383452	0.510739	0.392915	0.397016	0.502204	0.356043	0.427558	0.357267	0.388796	0.35516	0.352084	0.37178	0.427186	0.354723	0.433263	0.381875	0.371657	0.40469	0.360715	0.455739	0.437236	0.427236	0.406954	0.526377	0.328388	0.379429	0.50883	0.469959	0.410884	0.41426	0.348061	0.398436	0.364505	0.460501	0.375525	0.339725	0.403756	0.541636	0.348102	0.394481	0.33242	0.330622	0.349244	0.335949	0.354682	0.53923	0.36113	0.359931	0.384678	0.352359	0.365863	0.473514	0.570667	0.345887	0.272655	0.424407	0.598082	0.47075	0.377341	0.353761	0.406525	0.41794	0.407599	0.353405	0.414072
S003	0.399063	0.388056	0	0.435481	0.47505	0.341179	0.455422	0.347266	0.359284	0.371547	0.33235	0.471326	0.362071	0.357616	0.309022	0.328721	0.375791	0.463825	0.356837	0.463139	0.380147	0.473577	0.364952	0.452654	0.382702	0.393069	0.338853	0.369578	0.29456	0.369296	0.436525	0.314506	0.470356	0.356632	0.434696	0.378343	0.400469	0.381172	0.434632	0.496524	0.337768	0.409256	0.3402	0.375801	0.337652	0.339589	0.377419	0.422031	0.35363	0.406336	0.376874	0.357261	0.350562	0.357079	0.454394	0.400027	0.431929	0.398497	0.519962	0.363743	0.356304	0.496715	0.466299	0.394638	0.410776	0.329197	0.376896	0.351919	0.421151	0.387304	0.32063	0.383956	0.565086	0.342701	0.388008	0.33658	0.328431	0.348376	0.329117	0.345797	0.542281	0.337086	0.362077	0.3708	0.334089	0.365376	0.472718	0.566206	0.369445	0.374047	0.416291	0.530515	0.457537	0.365563	0.351346	0.375582	0.417405	0.397583	0.363426	0.388737
S004	0.442687	0.436103	0.435481	0	0.498107	0.395632	0.508556	0.38657	0.380409	0.410326	0.402616	0.518272	0.399846	0.349204	0.418282	0.375655	0.395253	0.492188	0.378665	0.449119	0.419481	0.505216	0.404046	0.459448	0.411039	0.4063	0.360221	0.393797	0.332474	0.493924	0.480282	0.342318	0.487942	0.370906	0.446025	0.375091	0.533838	0.417859	0.46703	0.515731	0.331921	0.357716	0.38953	0.381851	0.399232	0.386768	0.411243	0.411045	0.400511	0.458007	0.41269	0.403601	0.430972	0.404468	0.464702	0.41816	0.458922	0.42212	0.509142	0.398323	0.381412	0.525962	0.492365	0.420049	0.41202	0.351791	0.422424	0.378711	0.484409	0.339595	0.358389	0.436679	0.606609	0.368114	0.424793	0.362521	0.370028	0.382214	0.372831	0.391832	0.566745	0.389605	0.400039	0.400397	0.377011	0.344006	0.485457	0.581636	0.417638	0.40372	0.45004	0.605189	0.471466	0.367024	0.388623	0.348331	0.447656	0.440133	0.395591	0.449903
S005	0.480776	0.449583	0.47505	0.498107	0	0.432783	0.545205	0.416562	0.440065	0.455449	0.40486	0.548119	0.455899	0.466553	0.461151	0.417938	0.457033	0.511198	0.436828	0.511653	0.455205	0.541242	0.448876	0.470885	0.455468	0.465316	0.430136	0.438459	0.414867	0.528904	0.518045	0.411567	0.536186	0.430824	0.504187	0.416975	0.56725	0.457885	0.499317	0.543791	0.413294	0.489685	0.417933	0.463353	0.448622	0.435714	0.452953	0.493066	0.436423	0.496763	0.459963	0.448628	0.467874	0.413554	0.517317	0.502036	0.48415	0.478596	0.579306	0.390828	0.455139	0.562861	0.532094	0.475439	0.47664	0.410449	0.45231	0.441041	0.505157	0.469326	0.411332	0.475825	0.632887	0.431125	0.423432	0.432051	0.425704	0.358281	0.390872	0.431209	0.556176	0.428612	0.446267	0.439167	0.424454	0.446918	0.535381	0.613129	0.460187	0.431413	0.490139	0.625055	0.520063	0.461758	0.426882	0.450832	0.469077	0.478232	0.43617	0.496024
S006	0.35075	0.359025	0.341179	0.395632	0.432783	0	0.448025	0.289985	0.317959	0.32614	0.296895	0.455589	0.327069	0.307708	0.305785	0.277509	0.352866	0.406024	0.30946	0.417918	0.350341	0.441267	0.303231	0.409413	0.335189	0.358241	0.280275	0.293033	0.274565	0.42787	0.402812	0.263121	0.428562	0.294411	0.398659	0.326365	0.45942	0.337319	0.369612	0.457637	0.274059	0.372079	0.312817	0.329317	0.300522	0.291767	0.271583	0.370405	0.311865	0.376595	0.346929	0.316203	0.347613	0.321557	0.399125	0.391661	0.381329	0.355776	0.483741	0.306528	0.308415	0.459991	0.432988	0.359185	0.342784	0.283236	0.351909	0.287593	0.406283	0.349989	0.282919	0.364272	0.556936	0.289242	0.338987	0.287165	0.295764	0.299246	0.273503	0.268439	0.495136	0.306195	0.329553	0.318816	0.290214	0.29695	0.431823	0.511049	0.342685	0.325967	0.375891	0.568716	0.420103	0.340104	0.292934	0.360292	0.354238	0.361295	0.313442	0.396335
S007	0.48082	0.481858	0.455422	0.508556	0.545205	0.448025	0	0.425212	0.448893	0.449583	0.452307	0.554196	0.445628	0.468816	0.393171	0.414728	0.477902	0.513793	0.384693	0.535862	0.458457	0.5327	0.453836	0.518324	0.446658	0.47947	0.435579	0.412698	0.42493	0.41475	0.504551	0.42707	0.533033	0.453052	0.490899	0.461359	0.577586	0.455992	0.51214	0.560058	0.424252	0.496282	0.446445	0.469586	0.289991	0.436964	0.46763	0.491735	0.445234	0.504015	0.465104	0.462276	0.442337	0.435246	0.518611	0.463498	0.483041	0.484992	0.576975	0.442667	0.461053	0.566412	0.533511	0.476269	0.463442	0.437964	0.449421	0.445159	0.250717	0.465259	0.434471	0.484743	0.569836	0.423273	0.467215	0.445376	0.390783	0.428682	0.43146	0.441139	0.597634	0.423876	0.429572	0.452336	0.384091	0.441439	0.542307	0.621412	0.320464	0.458325	0.488216	0.651928	0.5352	0.439941	0.419863	0.390508	0.488989	0.413151	0.431232	0.50931
S008	0.347554	0.357485	0.347266	0.38657	0.416562	0.289985	0.425212	0	0.296601	0.278492	0.285989	0.373709	0.31438	0.332768	0.325332	0.265252	0.338647	0.406262	0.297649	0.405692	0.346212	0.404814	0.30277	0.391504	0.325736	0.27569	0.272584	0.304837	0.268092	0.422228	0.406417	0.244708	0.376911	0.238172	0.375212	0.307346	0.467463	0.268774	0.379406	0.454968	0.269293	0.343878	0.27007	0.292425	0.311701	0.254223	0.327122	0.364856	0.287385	0.367867	0.337395	0.297151	0.349357	0.29219	0.393064	0.367557	0.349095	0.34655	0.464012	0.288054	0.32226	0.445459	0.408129	0.311419	0.348545	0.266656	0.350656	0.264664	0.415015	0.321633	0.277165	0.357204	0.551726	0.274815	0.308998	0.282769	0.281401	0.275408	0.280053	0.257335	0.457164	0.297876	0.295972	0.273617	0.274202	0.308994	0.418785	0.508136	0.325681	0.31257	0.360962	0.56062	0.419285	0.310697	0.275637	0.336673	0.34066	0.353218	0.295479	0.391446
S009	0.376741	0.382045	0.359284	0.380409	0.440065	0.317959	0.448893	0.296601	0	0.327029	0.332762	0.448896	0.299659	0.334254	0.353621	0.298383	0.369044	0.432646	0.33288	0.438741	0.355224	0.445252	0.335057	0.428242	0.329778	0.341889	0.317138	0.326585	0.277114	0.444596	0.427212	0.282748	0.441184	0.325551	0.395895	0.340124	0.489981	0.338066	0.376565	0.417193	0.291015	0.379876	0.290034	0.342452	0.338095	0.295697	0.340452	0.367088	0.333568	0.381043	0.350418	0.33243	0.355161	0.311825	0.422016	0.358414	0.376793	0.371153	0.481587	0.320858	0.349584	0.457997	0.420503	0.361789	0.361774	0.308917	0.348531	0.32924	0.422644	0.35473	0.30081	0.362077	0.553773	0.309161	0.35972	0.313137	0.298302	0.30903	0.300547	0.300462	0.511628	0.293843	0.340362	0.314936	0.301892	0.294025	0.438087	0.529525	0.355425	0.343019	0.378549	0.575132	0.439826	0.345485	0.310594	0.3068	0.388686	0.377616	0.313643	0.400988
S010	0.374391	0.367087	0.371547	0.410326	0.455449	0.32614	0.449583	0.278492	0.327029	0	0.331275	0.475536	0.298623	0.34849	0.356239	0.307133	0.364937	0.445859	0.333023	0.435982	0.339936	0.460917	0.333962	0.431796	0.352942	0.356251	0.304317	0.351066	0.286146	0.422849	0.433444	0.296147	0.45119	0.328255	0.304429	0.337821	0.496222	0.346607	0.422253	0.476421	0.323107	0.375458	0.313659	0.342607	0.325131	0.312495	0.35498	0.381311	0.336654	0.37943	0.339937	0.298518	0.376332	0.30781	0.399131	0.414177	0.411595	0.378512	0.486861	0.33786	0.348754	0.486664	0.436821	0.299656	0.379485	0.321931	0.342104	0.310023	0.438505	0.370356	0.309299	0.369537	0.556425	0.291067	0.342725	0.280747	0.315287	0.332616	0.29464	0.320465	0.525563	0.315192	0.343657	0.34482	0.290194	0.339936	0.422566	0.549699	0.361823	0.339981	0.379187	0.57331	0.419868	0.353992	0.324748	0.358596	0.377065	0.377326	0.310587	0.392556
S011	0.372586	0.332159	0.33235	0.402616	0.40486	0.296895	0.452307	0.285989	0.332762	0.331275	0	0.423648	0.345501	0.333508	0.337727	0.271736	0.345066	0.435679	0.323029	0.425736	0.337084	0.451114	0.330215	0.384107	0.349823	0.354284	0.308172	0.324379	0.256318	0.440921	0.416872	0.25765	0.443965	0.293489	0.403084	0.319446	0.474895	0.338721	0.345996	0.446868	0.30246	0.387571	0.303503	0.321687	0.315163	0.297492	0.327652	0.370198	0.3123	0.390768	0.324657	0.32285	0.357919	0.319159	0.410927	0.401288	0.364429	0.352538	0.496142	0.279178	0.316183	0.466711	0.43926	0.365272	0.369777	0.263477	0.351509	0.309319	0.422589	0.355352	0.279349	0.36369	0.544176	0.283565	0.309286	0.311356	0.311495	0.307721	0.264757	0.317548	0.484038	0.303076	0.326402	0.32664	0.302465	0.285957	0.411195	0.541472	0.339053	0.329	0.367205	0.571045	0.413506	0.35101	0.3137	0.365538	0.330634	0.373379	0.30992	0.368945
S012	0.487975	0.484743	0.471326	0.518272	0.548119	0.455589	0.554196	0.373709	0.448896	0.475536	0.423648	0	0.477208	0.461369	0.472302	0.441988	0.49164	0.547118	0.424467	0.534585	0.490016	0.41878	0.468769	0.528104	0.455792	0.298551	0.428303	0.47025	0.417802	0.546145	0.536038	0.431078	0.432625	0.458805	0.527738	0.471219	0.588128	0.298945	0.472438	0.575815	0.450117	0.508776	0.459272	0.466674	0.460273	0.346482	0.469119	0.511549	0.460719	0.505166	0.480271	0.451123	0.475961	0.45982	0.535389	0.520304	0.510932	0.467949	0.593574	0.458257	0.447449	0.581697	0.505706	0.488218	0.49885	0.425743	0.491757	0.455958	0.541515	0.478297	0.446851	0.497758	0.641439	0.450406	0.482951	0.448978	0.454968	0.459035	0.441494	0.401417	0.608785	0.458126	0.470298	0.429247	0.445697	0.46717	0.547835	0.598654	0.482432	0.475375	0.503362	0.661149	0.545371	0.444423	0.386239	0.494243	0.502331	0.496009	0.445112	0.498613
S013	0.389385	0.384265	0.362071	0.399846	0.455899	0.327069	0.445628	0.31438	0.299659	0.298623	0.345501	0.477208	0	0.359605	0.359688	0.301216	0.374602	0.437714	0.337261	0.443599	0.36049	0.461485	0.331984	0.420068	0.353742	0.355386	0.309166	0.317801	0.304635	0.441592	0.430954	0.297746	0.454478	0.333048	0.368865	0.329009	0.495361	0.348933	0.420404	0.477915	0.322937	0.378946	0.298927	0.361894	0.317943	0.32134	0.358788	0.367097	0.308031	0.390505	0.351697	0.323277	0.373734	0.298005	0.415681	0.340609	0.377401	0.366175	0.485411	0.342028	0.358392	0.484341	0.445254	0.32665	0.357426	0.320737	0.343439	0.33372	0.415799	0.370673	0.314892	0.364411	0.568474	0.293607	0.36734	0.308723	0.311604	0.305458	0.293338	0.308435	0.525538	0.310259	0.349484	0.323419	0.311019	0.336903	0.446135	0.545748	0.365061	0.351599	0.390216	0.577331	0.436168	0.33705	0.305674	0.330731	0.391642	0.38739	0.32568	0.417303
S014	0.374427	0.377526	0.357616	0.349204	0.466553	0.307708	0.468816	0.332768	0.334254	0.34849	0.333508	0.461369	0.359605	0	0.341622	0.316288	0.368184	0.437398	0.352803	0.446302	0.362236	0.459866	0.340636	0.441711	0.374643	0.37749	0.33816	0.35207	0.298871	0.439321	0.431597	0.304498	0.453273	0.331506	0.414363	0.359236	0.498568	0.362304	0.433197	0.489938	0.306246	0.390335	0.338113	0.361988	0.342268	0.327339	0.363119	0.400018	0.339863	0.379711	0.356785	0.343315	0.35062	0.354454	0.397887	0.394363	0.412807	0.375561	0.513305	0.350248	0.329458	0.49241	0.453172	0.37813	0.375044	0.319126	0.365446	0.339234	0.449522	0.364393	0.327038	0.382688	0.570698	0.316268	0.371055	0.326953	0.328493	0.33718	0.287607	0.327383	0.533091	0.325061	0.355885	0.369866	0.331497	0.332309	0.434428	0.546583	0.365329	0.36099	0.405759	0.586709	0.438419	0.36667	0.331959	0.364831	0.40374	0.391457	0.347159	0.384152
S015	0.395187	0.372412	0.309022	0.418282	0.461151	0.305785	0.393171	0.325332	0.353621	0.356239	0.337727	0.472302	0.359688	0.341622	0	0.291011	0.355372	0.448769	0.306976	0.444407	0.351598	0.461337	0.349337	0.438098	0.353187	0.376673	0.321783	0.31904	0.297052	0.376044	0.401382	0.298612	0.456259	0.335228	0.416275	0.347524	0.475177	0.341853	0.424803	0.475829	0.304319	0.391947	0.332924	0.362938	0.281067	0.297728	0.350009	0.408124	0.329226	0.407014	0.340575	0.340264	0.352671	0.338361	0.416181	0.406678	0.41853	0.380568	0.494839	0.349749	0.355264	0.478282	0.454558	0.385705	0.388432	0.30632	0.376174	0.321148	0.356495	0.368665	0.31167	0.385582	0.541496	0.317402	0.375358	0.320828	0.306209	0.33252	0.31714	0.333461	0.530824	0.318504	0.318765	0.331092	0.305388	0.345159	0.403814	0.525332	0.316781	0.336395	0.396145	0.529153	0.449278	0.344666	0.306216	0.348724	0.401211	0.356665	0.335824	0.40333
S016	0.342138	0.335564	0.328721	0.375655	0.417938	0.277509	0.414728	0.265252	0.298383	0.307133	0.271736	0.441988	0.301216	0.316288	0.291011	0	0.323171	0.4036	0.298159	0.399904	0.328147	0.425584	0.294073	0.391849	0.306623	0.320263	0.266349	0.265421	0.237671	0.416771	0.356853	0.231458	0.407628	0.287698	0.38515	0.301967	0.458762	0.310353	0.385614	0.402609	0.266009	0.352274	0.239056	0.317927	0.287876	0.26155	0.309915	0.358397	0.286737	0.36955	0.306277	0.298765	0.318927	0.260336	0.37632	0.365998	0.359623	0.323946	0.468659	0.291874	0.300558	0.441753	0.412927	0.338815	0.333214	0.217335	0.312572	0.268777	0.390657	0.324304	0.233345	0.30873	0.531798	0.250807	0.282697	0.271225	0.271543	0.276738	0.235216	0.269785	0.496549	0.268029	0.296929	0.259636	0.270096	0.279017	0.408186	0.490419	0.31239	0.306013	0.352642	0.546186	0.391203	0.313275	0.27437	0.329711	0.347599	0.337005	0.268684	0.356803
S017	0.405446	0.381726	0.375791	0.395253	0.457033	0.352866	0.477902	0.338647	0.369044	0.364937	0.345066	0.49164	0.374602	0.368184	0.355372	0.323171	0	0.456333	0.345214	0.441682	0.370842	0.460456	0.368453	0.448152	0.371358	0.384409	0.331618	0.367653	0.32785	0.468086	0.412725	0.311238	0.468308	0.333351	0.434892	0.366983	0.503139	0.379327	0.433018	0.495103	0.320369	0.409195	0.350483	0.370229	0.3512	0.325513	0.36632	0.408724	0.359878	0.421053	0.37002	0.366277	0.378833	0.346076	0.447628	0.416639	0.42266	0.328394	0.518433	0.355583	0.377001	0.497343	0.457437	0.402606	0.401311	0.336824	0.393784	0.33925	0.450279	0.376511	0.285629	0.388701	0.580438	0.34007	0.380538	0.336099	0.334888	0.323071	0.334932	0.35175	0.537664	0.318205	0.315137	0.363535	0.343877	0.357982	0.452564	0.559875	0.370577	0.359265	0.399616	0.533306	0.445535	0.354644	0.331463	0.395122	0.398681	0.362399	0.337765	0.432281
S018	0.305934	0.463648	0.463825	0.492188	0.511198	0.406024	0.513793	0.406262	0.432646	0.445859	0.435679	0.547118	0.437714	0.437398	0.448769	0.4036	0.456333	0	0.434679	0.519151	0.453402	0.532855	0.354162	0.509001	0.436025	0.459893	0.422013	0.406218	0.384793	0.520036	0.50474	0.405477	0.523055	0.42079	0.499777	0.434337	0.526877	0.44002	0.496504	0.550585	0.415569	0.474857	0.429296	0.452363	0.428886	0.354429	0.440841	0.462884	0.429548	0.466829	0.430016	0.440414	0.419428	0.437338	0.50948	0.471026	0.472615	0.468137	0.571478	0.425407	0.421785	0.47983	0.415099	0.455434	0.455784	0.424335	0.449809	0.425939	0.516389	0.457089	0.408982	0.408368	0.59765	0.414071	0.44074	0.419615	0.414649	0.412836	0.373973	0.420854	0.569217	0.421542	0.438935	0.447777	0.396664	0.416944	0.522613	0.60975	0.421754	0.420163	0.460258	0.634227	0.519035	0.450896	0.428727	0.466588	0.47836	0.471238	0.413283	0.479876
S019	0.371915	0.359799	0.356837	0.378665	0.436828	0.30946	0.384693	0.297649	0.33288	0.333023	0.323029	0.424467	0.337261	0.352803	0.306976	0.298159	0.345214	0.434679	0	0.363678	0.357192	0.440249	0.321389	0.379187	0.296598	0.347153	0.265146	0.310766	0.262858	0.378596	0.421851	0.265277	0.432294	0.318822	0.368024	0.338047	0.476551	0.322897	0.404078	0.472633	0.283347	0.384893	0.323624	0.350193	0.26527	0.250067	0.307482	0.375237	0.318755	0.369728	0.335574	0.313576	0.338953	0.31219	0.421616	0.399905	0.376796	0.334716	0.490988	0.323466	0.302969	0.468632	0.433606	0.337292	0.370503	0.293654	0.358337	0.326552	0.344925	0.357783	0.275164	0.372926	0.536417	0.298323	0.353785	0.244469	0.285161	0.299175	0.284	0.265963	0.517361	0.293592	0.304444	0.334331	0.283034	0.332267	0.413255	0.488449	0.279055	0.327349	0.389072	0.56515	0.417959	0.281682	0.290027	0.331211	0.378985	0.358322	0.311915	0.402901
S020	0.467053	0.460865	0.463139	0.449119	0.511653	0.417918	0.535862	0.405692	0.438741	0.435982	0.425736	0.534585	0.443599	0.446302	0.444407	0.399904	0.441682	0.519151	0.363678	0	0.440043	0.499835	0.419252	0.31517	0.421825	0.455907	0.318518	0.425182	0.394281	0.515217	0.490372	0.37537	0.520299	0.433003	0.457366	0.436563	0.555481	0.446065	0.500775	0.541133	0.41584	0.463369	0.42412	0.451934	0.4302	0.419772	0.429351	0.46525	0.431175	0.478969	0.440221	0.421309	0.451668	0.43142	0.500257	0.483286	0.466897	0.463825	0.568575	0.414612	0.438885	0.553874	0.51512	0.366092	0.461934	0.371256	0.430633	0.412595	0.511553	0.460908	0.404591	0.459832	0.628277	0.41043	0.438248	0.408084	0.420714	0.408789	0.393639	0.41296	0.590583	0.399473	0.438063	0.435605	0.418903	0.432203	0.422775	0.573332	0.431554	0.440777	0.475552	0.63852	0.506128	0.302624	0.413067	0.45735	0.471543	0.434024	0.424431	0.49101
S021	0.387106	0.381155	0.380147	0.419481	0.455205	0.350341	0.458457	0.346212	0.355224	0.339936	0.337084	0.490016	0.36049	0.362236	0.351598	0.328147	0.370842	0.453402	0.357192	0.440043	0	0.458026	0.32092	0.446851	0.378292	0.393373	0.320931	0.349145	0.310005	0.466447	0.435171	0.31586	0.466934	0.336671	0.399625	0.371783	0.508175	0.342412	0.423871	0.487411	0.334468	0.380911	0.348996	0.378017	0.330034	0.329056	0.341612	0.409547	0.352066	0.419375	0.281457	0.367022	0.362166	0.325883	0.393948	0.393667	0.402071	0.390703	0.458899	0.357686	0.37212	0.50109	0.463426	0.398601	0.378367	0.333246	0.341914	0.342624	0.438335	0.388964	0.290865	0.38042	0.581492	0.336506	0.38615	0.332128	0.343854	0.320324	0.295879	0.337935	0.533427	0.27197	0.34263	0.366061	0.314315	0.335766	0.337919	0.558919	0.365417	0.350378	0.390576	0.556249	0.371821	0.371179	0.346277	0.388055	0.40836	0.392538	0.344655	0.40991
S022	0.48665	0.446198	0.473577	0.505216	0.541242	0.441267	0.5327	0.404814	0.445252	0.460917	0.451114	0.41878	0.461485	0.459866	0.461337	0.425584	0.460456	0.532855	0.440249	0.499835	0.458026	0	0.454969	0.52174	0.461685	0.38026	0.423405	0.455037	0.423376	0.494381	0.50228	0.424073	0.4763	0.446808	0.508059	0.453392	0.57477	0.378432	0.485114	0.561524	0.42825	0.487617	0.444844	0.456984	0.432088	0.402314	0.452694	0.491707	0.446039	0.491116	0.465823	0.441923	0.477415	0.444251	0.505894	0.47399	0.495146	0.481882	0.582024	0.433053	0.447216	0.567909	0.503744	0.481264	0.463212	0.433871	0.477639	0.435387	0.523974	0.47236	0.41526	0.470524	0.636073	0.433408	0.469545	0.441666	0.407958	0.429967	0.429607	0.413626	0.584795	0.429281	0.450221	0.43447	0.439279	0.431934	0.53611	0.619704	0.462613	0.443747	0.490016	0.648617	0.531162	0.431413	0.386895	0.468843	0.458262	0.447254	0.435697	0.494054
S023	0.302799	0.373489	0.364952	0.404046	0.448876	0.303231	0.453836	0.30277	0.335057	0.333962	0.330215	0.468769	0.331984	0.340636	0.349337	0.294073	0.368453	0.354162	0.321389	0.419252	0.32092	0.454969	0	0.42051	0.351791	0.363039	0.312829	0.295244	0.294197	0.444609	0.414981	0.275326	0.449502	0.329532	0.341866	0.346874	0.491725	0.355034	0.420699	0.468132	0.309965	0.339496	0.322109	0.353475	0.327814	0.289611	0.275409	0.393993	0.333277	0.399493	0.346356	0.328328	0.341421	0.339484	0.404754	0.408172	0.410246	0.369424	0.498306	0.342224	0.353187	0.43567	0.398306	0.34022	0.384377	0.293282	0.341782	0.324296	0.423134	0.364673	0.283486	0.351596	0.567317	0.298158	0.340484	0.316882	0.311193	0.296635	0.273934	0.297258	0.521426	0.306415	0.325778	0.32766	0.317773	0.322619	0.43254	0.512735	0.352551	0.335697	0.387079	0.576173	0.438243	0.345297	0.325426	0.371911	0.389758	0.383239	0.2973	0.408666
S024	0.455425	0.45987	0.452654	0.459448	0.470885	0.409413	0.518324	0.391504	0.428242	0.431796	0.384107	0.528104	0.420068	0.441711	0.438098	0.391849	0.448152	0.509001	0.379187	0.31517	0.446851	0.52174	0.42051	0	0.420532	0.430337	0.351089	0.415314	0.388242	0.514973	0.497563	0.373698	0.51354	0.418152	0.468818	0.409959	0.54887	0.438908	0.486547	0.532318	0.398064	0.469709	0.408876	0.44343	0.416125	0.411644	0.435872	0.427828	0.398999	0.474528	0.44179	0.358092	0.439793	0.416177	0.494409	0.480883	0.35703	0.452516	0.560987	0.366065	0.433746	0.536256	0.513767	0.403815	0.449016	0.373796	0.442689	0.398838	0.497827	0.448076	0.399631	0.45291	0.620009	0.393424	0.428703	0.401152	0.403137	0.401266	0.381081	0.379003	0.56867	0.411245	0.42686	0.407229	0.409804	0.419059	0.466535	0.572115	0.381609	0.429775	0.445672	0.628854	0.498101	0.363631	0.385482	0.453853	0.436054	0.454088	0.415543	0.474581
S025	0.381429	0.382362	0.382702	0.411039	0.455468	0.335189	0.446658	0.325736	0.329778	0.352942	0.349823	0.455792	0.353742	0.374643	0.353187	0.306623	0.371358	0.436025	0.296598	0.421825	0.378292	0.461685	0.351791	0.420532	0	0.379145	0.321701	0.348057	0.285982	0.442418	0.430551	0.305634	0.44275	0.334913	0.420111	0.359067	0.468269	0.363682	0.423726	0.448831	0.320413	0.387264	0.337025	0.372613	0.323028	0.26814	0.34768	0.397523	0.340549	0.398659	0.365045	0.356333	0.365843	0.347712	0.430105	0.417368	0.397845	0.281679	0.508736	0.335547	0.360268	0.492465	0.365557	0.369147	0.392723	0.309066	0.383906	0.322483	0.413353	0.377016	0.32067	0.390799	0.464593	0.304535	0.368341	0.321874	0.284744	0.31897	0.310822	0.332595	0.530891	0.332235	0.348028	0.360759	0.28836	0.341102	0.443224	0.427373	0.341808	0.344739	0.383373	0.564363	0.443024	0.354322	0.322787	0.37041	0.40072	0.37561	0.29592	0.346829
S026	0.401809	0.400549	0.393069	0.4063	0.465316	0.358241	0.47947	0.27569	0.341889	0.356251	0.354284	0.298551	0.355386	0.37749	0.376673	0.320263	0.384409	0.459893	0.347153	0.455907	0.393373	0.38026	0.363039	0.430337	0.379145	0	0.330517	0.363697	0.318304	0.464245	0.444791	0.318884	0.379569	0.347815	0.407734	0.369021	0.507905	0.259111	0.401848	0.492861	0.318431	0.411045	0.348946	0.338466	0.355945	0.29133	0.377109	0.412885	0.35171	0.416188	0.348713	0.314034	0.394588	0.36449	0.429022	0.415806	0.406938	0.395118	0.51465	0.349498	0.355159	0.502178	0.433619	0.386221	0.404282	0.327517	0.387092	0.316783	0.45151	0.374976	0.324446	0.394349	0.580317	0.31836	0.387781	0.342577	0.346635	0.350491	0.326481	0.312236	0.539787	0.344471	0.366281	0.336882	0.342089	0.343158	0.450293	0.562913	0.376577	0.364528	0.415118	0.581944	0.46054	0.334591	0.303303	0.373398	0.410744	0.398874	0.344214	0.396923
S027	0.343265	0.345604	0.338853	0.360221	0.430136	0.280275	0.435579	0.272584	0.317138	0.304317	0.308172	0.428303	0.309166	0.33816	0.321783	0.266349	0.331618	0.422013	0.265146	0.318518	0.320931	0.423405	0.312829	0.351089	0.321701	0.330517	0	0.309883	0.247964	0.424235	0.395975	0.254517	0.420487	0.282391	0.377549	0.293165	0.466819	0.312693	0.397705	0.444184	0.280544	0.370244	0.298279	0.334075	0.310025	0.262758	0.316301	0.372134	0.307209	0.380746	0.336779	0.31325	0.34287	0.270264	0.405691	0.383673	0.378863	0.339978	0.478314	0.314231	0.290713	0.458155	0.421292	0.305923	0.32674	0.263467	0.350851	0.298012	0.407558	0.336325	0.251672	0.337606	0.55311	0.286602	0.339557	0.253103	0.282084	0.28727	0.284593	0.257966	0.504022	0.260195	0.319751	0.318432	0.285387	0.310424	0.39531	0.517496	0.333314	0.32145	0.370545	0.508097	0.417139	0.24432	0.286823	0.353624	0.35984	0.354045	0.301667	0.380638
S028	0.34253	0.376645	0.369578	0.393797	0.438459	0.293033	0.412698	0.304837	0.326585	0.351066	0.324379	0.47025	0.317801	0.35207	0.31904	0.265421	0.367653	0.406218	0.310766	0.425182	0.349145	0.455037	0.295244	0.415314	0.348057	0.363697	0.309883	0	0.284098	0.432661	0.4194	0.271677	0.445432	0.321953	0.407111	0.340959	0.467211	0.352084	0.403845	0.471765	0.278265	0.362525	0.295958	0.323625	0.312114	0.286763	0.312118	0.388633	0.329223	0.391813	0.357541	0.326131	0.335645	0.334824	0.429796	0.354593	0.379677	0.35013	0.488665	0.328957	0.327218	0.414374	0.446304	0.359894	0.349379	0.237804	0.337694	0.312756	0.387784	0.359393	0.286133	0.328088	0.557929	0.287034	0.355308	0.304827	0.303409	0.280199	0.29563	0.279708	0.522298	0.308792	0.316944	0.26908	0.310749	0.322643	0.443055	0.430183	0.320374	0.340944	0.355432	0.570591	0.424698	0.331284	0.321156	0.351515	0.356088	0.370795	0.308269	0.410456
S029	0.321995	0.312355	0.29456	0.332474	0.414867	0.274565	0.42493	0.268092	0.277114	0.286146	0.256318	0.417802	0.304635	0.298871	0.297052	0.237671	0.32785	0.384793	0.262858	0.394281	0.310005	0.423376	0.294197	0.388242	0.285982	0.318304	0.247964	0.284098	0	0.40381	0.370542	0.215198	0.41938	0.280361	0.377113	0.310734	0.434676	0.310301	0.379157	0.436489	0.241644	0.341461	0.270345	0.285435	0.293781	0.24738	0.298463	0.349056	0.285902	0.352316	0.321491	0.299314	0.33219	0.261956	0.384039	0.357082	0.368526	0.313822	0.462649	0.295107	0.279061	0.435426	0.409665	0.33848	0.350026	0.227452	0.330241	0.274313	0.397461	0.309101	0.256789	0.340118	0.536543	0.269767	0.327117	0.252141	0.269349	0.284216	0.257645	0.265333	0.488938	0.269812	0.3063	0.265461	0.232324	0.258019	0.412792	0.46689	0.319706	0.291946	0.345135	0.55345	0.404887	0.305339	0.276275	0.301938	0.355394	0.344734	0.286501	0.332908
S030	0.479388	0.478076	0.369296	0.493924	0.528904	0.42787	0.41475	0.422228	0.444596	0.422849	0.440921	0.546145	0.441592	0.439321	0.376044	0.416771	0.468086	0.520036	0.378596	0.515217	0.466447	0.494381	0.444609	0.514973	0.442418	0.464245	0.424235	0.432661	0.40381	0	0.514308	0.411263	0.510303	0.44038	0.456502	0.449087	0.50702	0.434763	0.497491	0.555242	0.395909	0.476797	0.427365	0.456929	0.356122	0.427939	0.448821	0.489763	0.42155	0.441073	0.459885	0.417887	0.425987	0.439583	0.503071	0.488665	0.494924	0.461923	0.573189	0.435765	0.448436	0.560702	0.525876	0.449555	0.469325	0.42805	0.453678	0.437301	0.380764	0.467174	0.422571	0.466646	0.591259	0.416416	0.462916	0.424521	0.40092	0.430193	0.423408	0.426521	0.594837	0.429991	0.430453	0.41385	0.386855	0.43125	0.531766	0.61577	0.354242	0.449895	0.486187	0.643187	0.524517	0.436594	0.417637	0.41275	0.471824	0.446686	0.427107	0.500707
S031	0.45602	0.438499	0.436525	0.480282	0.518045	0.402812	0.504551	0.406417	0.427212	0.433444	0.416872	0.536038	0.430954	0.431597	0.401382	0.356853	0.412725	0.50474	0.421851	0.490372	0.435171	0.50228	0.414981	0.497563	0.430551	0.444791	0.395975	0.4194	0.370542	0.514308	0	0.385796	0.513853	0.403749	0.46842	0.419674	0.535976	0.41706	0.486963	0.538618	0.395089	0.46898	0.409964	0.431232	0.405529	0.394352	0.414719	0.455529	0.399219	0.475215	0.441836	0.427971	0.414344	0.386992	0.417413	0.469737	0.480219	0.444648	0.560518	0.425273	0.436401	0.545848	0.495047	0.442112	0.429502	0.402386	0.444436	0.417895	0.485491	0.424051	0.368153	0.449664	0.620414	0.377156	0.435354	0.381505	0.38474	0.389651	0.39823	0.404617	0.579518	0.365254	0.374009	0.367974	0.407461	0.383153	0.503753	0.601346	0.426291	0.430396	0.454607	0.546098	0.507505	0.410576	0.375594	0.453098	0.462956	0.3823	0.378505	0.478833
S032	0.336888	0.297552	0.314506	0.342318	0.411567	0.263121	0.42707	0.244708	0.282748	0.296147	0.25765	0.431078	0.297746	0.304498	0.298612	0.231458	0.311238	0.405477	0.265277	0.37537	0.31586	0.424073	0.275326	0.373698	0.305634	0.318884	0.254517	0.271677	0.215198	0.411263	0.385796	0	0.405622	0.265833	0.35815	0.298576	0.462229	0.309937	0.370669	0.440723	0.239282	0.334184	0.252668	0.285991	0.271247	0.269465	0.284305	0.346132	0.279235	0.355581	0.307545	0.290988	0.317278	0.283159	0.388639	0.340127	0.365344	0.31195	0.463543	0.277294	0.293901	0.425515	0.403844	0.322268	0.328536	0.236952	0.320681	0.263091	0.396319	0.305644	0.243839	0.333051	0.521866	0.258075	0.299163	0.249628	0.260139	0.269706	0.24558	0.267196	0.490124	0.271002	0.282185	0.279216	0.259975	0.273776	0.400757	0.484684	0.308972	0.264144	0.341738	0.548258	0.401491	0.295551	0.261672	0.296759	0.350651	0.330391	0.268381	0.355814
S033	0.475245	0.475755	0.470356	0.487942	0.536186	0.428562	0.533033	0.376911	0.441184	0.45119	0.443965	0.432625	0.454478	0.453273	0.456259	0.407628	0.468308	0.523055	0.432294	0.520299	0.466934	0.4763	0.449502	0.51354	0.44275	0.379569	0.420487	0.445432	0.41938	0.510303	0.513853	0.405622	0	0.437382	0.494416	0.44504	0.55187	0.375885	0.478945	0.550894	0.423349	0.467538	0.429977	0.463119	0.438482	0.394083	0.452568	0.48494	0.441496	0.425419	0.448461	0.442691	0.468944	0.438679	0.513569	0.499476	0.499425	0.468698	0.569999	0.432296	0.42128	0.563094	0.510044	0.464185	0.473494	0.411904	0.46757	0.42862	0.521532	0.467247	0.417207	0.475432	0.632157	0.416498	0.460627	0.434564	0.427364	0.41767	0.413702	0.405611	0.593589	0.430609	0.4404	0.417967	0.428005	0.442956	0.533239	0.617043	0.456871	0.409687	0.479449	0.639267	0.522472	0.44328	0.401856	0.473174	0.483567	0.473436	0.430108	0.497692
S034	0.351782	0.36205	0.356632	0.370906	0.430824	0.294411	0.453052	0.238172	0.325551	0.328255	0.293489	0.458805	0.333048	0.331506	0.335228	0.287698	0.333351	0.42079	0.318822	0.433003	0.336671	0.446808	0.329532	0.418152	0.334913	0.347815	0.282391	0.321953	0.280361	0.44038	0.403749	0.265833	0.437382	0	0.405199	0.308248	0.482208	0.343892	0.398511	0.463123	0.241614	0.366789	0.296935	0.296083	0.322122	0.287349	0.339082	0.378363	0.287463	0.383552	0.340276	0.324345	0.336339	0.290303	0.402732	0.378941	0.363497	0.352313	0.49111	0.300837	0.318649	0.46847	0.428466	0.354642	0.362036	0.282435	0.364713	0.292401	0.424653	0.299449	0.273133	0.341621	0.559709	0.302652	0.34597	0.283736	0.295382	0.296074	0.287801	0.313604	0.438843	0.301929	0.314989	0.330773	0.294688	0.305722	0.434651	0.53948	0.341817	0.298949	0.380095	0.522977	0.419234	0.33824	0.309682	0.325248	0.333032	0.356444	0.30285	0.402679
S035	0.446384	0.428289	0.434696	0.446025	0.504187	0.398659	0.490899	0.375212	0.395895	0.304429	0.403084	0.527738	0.368865	0.414363	0.416275	0.38515	0.434892	0.499777	0.368024	0.457366	0.399625	0.508059	0.341866	0.468818	0.420111	0.407734	0.377549	0.407111	0.377113	0.456502	0.46842	0.35815	0.494416	0.405199	0	0.421723	0.541641	0.421219	0.473573	0.515308	0.387237	0.431343	0.405323	0.417556	0.389786	0.383583	0.393587	0.438179	0.400483	0.43412	0.424466	0.342376	0.415193	0.409815	0.426585	0.467868	0.468118	0.445527	0.52597	0.409633	0.383542	0.537628	0.492661	0.320802	0.449529	0.393802	0.398243	0.397308	0.4562	0.436873	0.361844	0.425729	0.598929	0.338481	0.422967	0.355246	0.380524	0.39972	0.386692	0.383447	0.573943	0.382511	0.382134	0.421195	0.381024	0.408614	0.49506	0.58894	0.399596	0.400022	0.452306	0.621836	0.497656	0.407548	0.388976	0.427622	0.451154	0.440599	0.358038	0.462984
S036	0.379175	0.383452	0.378343	0.375091	0.416975	0.326365	0.461359	0.307346	0.340124	0.337821	0.319446	0.471219	0.329009	0.359236	0.347524	0.301967	0.366983	0.434337	0.338047	0.436563	0.371783	0.453392	0.346874	0.409959	0.359067	0.369021	0.293165	0.340959	0.310734	0.449087	0.419674	0.298576	0.44504	0.308248	0.421723	0	0.495342	0.348964	0.402298	0.478064	0.314667	0.311063	0.30015	0.364153	0.334549	0.319929	0.344618	0.394229	0.319871	0.402743	0.359664	0.341034	0.376768	0.331928	0.429012	0.412408	0.39991	0.378309	0.493894	0.3218	0.337075	0.484336	0.433045	0.371242	0.370699	0.315782	0.374926	0.328379	0.435606	0.348401	0.27766	0.33976	0.562557	0.31317	0.34324	0.304437	0.318392	0.317386	0.305502	0.32825	0.490562	0.311312	0.345577	0.328575	0.310106	0.32673	0.44683	0.546137	0.361341	0.346892	0.392522	0.577469	0.419925	0.350076	0.315046	0.364885	0.380018	0.355773	0.295819	0.399064
S037	0.490673	0.510739	0.400469	0.533838	0.56725	0.45942	0.577586	0.467463	0.489981	0.496222	0.474895	0.588128	0.495361	0.498568	0.475177	0.458762	0.503139	0.526877	0.476551	0.555481	0.508175	0.57477	0.491725	0.54887	0.468269	0.507905	0.466819	0.467211	0.434676	0.50702	0.535976	0.462229	0.55187	0.482208	0.541641	0.495342	0	0.491296	0.526694	0.589755	0.464177	0.500859	0.465547	0.496689	0.476854	0.469581	0.497778	0.507726	0.480775	0.530111	0.495708	0.47589	0.51059	0.48749	0.552266	0.538013	0.533563	0.515253	0.608772	0.454867	0.480469	0.549794	0.567667	0.465049	0.520004	0.471528	0.477842	0.482044	0.553299	0.508467	0.466491	0.491457	0.662467	0.436477	0.504902	0.467568	0.470547	0.476159	0.47006	0.46143	0.626628	0.458555	0.486822	0.496648	0.470257	0.479891	0.568879	0.648421	0.470891	0.488572	0.462744	0.673128	0.562489	0.495465	0.475065	0.512251	0.485787	0.518835	0.470372	0.531519
S038	0.39333	0.392915	0.381172	0.417859	0.457885	0.337319	0.455992	0.268774	0.338066	0.346607	0.338721	0.298945	0.348933	0.362304	0.341853	0.310353	0.379327	0.44002	0.322897	0.446065	0.342412	0.378432	0.355034	0.438908	0.363682	0.259111	0.312693	0.352084	0.310301	0.434763	0.41706	0.309937	0.375885	0.343892	0.421219	0.348964	0.491296	0	0.38971	0.482281	0.321011	0.398849	0.339642	0.369699	0.326897	0.273408	0.359516	0.403278	0.316201	0.358983	0.329832	0.335927	0.381886	0.341827	0.426292	0.407023	0.41202	0.389623	0.472349	0.34611	0.352194	0.494015	0.430528	0.369905	0.38205	0.318151	0.378786	0.339044	0.439479	0.37378	0.315182	0.380029	0.573879	0.320638	0.361763	0.328386	0.332336	0.331311	0.307545	0.298795	0.531008	0.313374	0.346206	0.325049	0.319946	0.344579	0.401495	0.553203	0.345146	0.355344	0.387304	0.560511	0.422989	0.345815	0.282004	0.379824	0.391073	0.38799	0.334175	0.414752
S039	0.448248	0.397016	0.434632	0.46703	0.499317	0.369612	0.51214	0.379406	0.376565	0.422253	0.345996	0.472438	0.420404	0.433197	0.424803	0.385614	0.433018	0.496504	0.404078	0.500775	0.423871	0.485114	0.420699	0.486547	0.423726	0.401848	0.397705	0.403845	0.379157	0.497491	0.486963	0.370669	0.478945	0.398511	0.473573	0.402298	0.526694	0.38971	0	0.518113	0.366827	0.45839	0.402735	0.424872	0.412201	0.381045	0.423965	0.407601	0.400077	0.454433	0.426778	0.408351	0.439834	0.408341	0.492909	0.451493	0.46559	0.443505	0.551749	0.39701	0.395929	0.540439	0.497752	0.449957	0.446483	0.374395	0.431699	0.405228	0.486988	0.425665	0.384795	0.440672	0.599706	0.394275	0.379674	0.39017	0.39578	0.391888	0.374882	0.387472	0.528489	0.401896	0.399002	0.410991	0.398044	0.255411	0.507747	0.59609	0.415181	0.380218	0.455983	0.625207	0.496145	0.421688	0.384439	0.440814	0.453238	0.449251	0.384462	0.476958
S040	0.506002	0.502204	0.496524	0.515731	0.543791	0.457637	0.560058	0.454968	0.417193	0.476421	0.446868	0.575815	0.477915	0.489938	0.475829	0.402609	0.495103	0.550585	0.472633	0.541133	0.487411	0.561524	0.468132	0.532318	0.448831	0.492861	0.444184	0.471765	0.436489	0.555242	0.538618	0.440723	0.550894	0.463123	0.515308	0.478064	0.589755	0.482281	0.518113	0	0.451911	0.506438	0.42241	0.489534	0.470167	0.460848	0.475378	0.497618	0.464535	0.509934	0.484458	0.465637	0.492187	0.469309	0.532814	0.523839	0.517395	0.473516	0.596112	0.467432	0.474337	0.581477	0.54968	0.476565	0.505325	0.447209	0.483334	0.454015	0.534595	0.486584	0.442011	0.499252	0.654652	0.432873	0.46293	0.461731	0.456446	0.460439	0.442736	0.426294	0.614744	0.423439	0.473853	0.477454	0.452663	0.456512	0.546252	0.63533	0.481637	0.459326	0.51152	0.661601	0.530911	0.480483	0.457127	0.494045	0.506383	0.490466	0.461438	0.520289
S041	0.357803	0.356043	0.337768	0.331921	0.413294	0.274059	0.424252	0.269293	0.291015	0.323107	0.30246	0.450117	0.322937	0.306246	0.304319	0.266009	0.320369	0.415569	0.283347	0.41584	0.334468	0.42825	0.309965	0.398064	0.320413	0.318431	0.280544	0.278265	0.241644	0.395909	0.395089	0.239282	0.423349	0.241614	0.387237	0.314667	0.464177	0.321011	0.366827	0.451911	0	0.359706	0.287964	0.289842	0.293542	0.285431	0.312232	0.349308	0.265205	0.379294	0.320794	0.293168	0.334498	0.298207	0.404451	0.346764	0.361235	0.334816	0.482188	0.29348	0.32498	0.435192	0.417129	0.334178	0.345322	0.246575	0.340244	0.260566	0.397142	0.309939	0.244764	0.34891	0.547764	0.285427	0.318073	0.258976	0.268941	0.274108	0.258027	0.284844	0.450765	0.289863	0.294946	0.292358	0.287527	0.251203	0.424441	0.486644	0.310846	0.281687	0.351529	0.552757	0.397506	0.326415	0.293613	0.301011	0.347381	0.33087	0.298969	0.365048
S042	0.430048	0.427558	0.409256	0.357716	0.489685	0.372079	0.496282	0.343878	0.379876	0.375458	0.387571	0.508776	0.378946	0.390335	0.391947	0.352274	0.409195	0.474857	0.384893	0.463369	0.380911	0.487617	0.339496	0.469709	0.387264	0.411045	0.370244	0.362525	0.341461	0.476797	0.46898	0.334184	0.467538	0.366789	0.431343	0.311063	0.500859	0.398849	0.45839	0.506438	0.359706	0	0.353352	0.390063	0.387287	0.370319	0.373982	0.436497	0.385483	0.437866	0.404456	0.389443	0.399389	0.378436	0.468159	0.449659	0.446602	0.411154	0.530085	0.380675	0.390123	0.494917	0.484907	0.422882	0.426187	0.35298	0.393907	0.353709	0.472409	0.369125	0.33706	0.407139	0.597019	0.371458	0.407786	0.373308	0.374735	0.376024	0.368172	0.371838	0.554734	0.35977	0.37549	0.357747	0.355194	0.388607	0.482566	0.537495	0.398412	0.38837	0.42774	0.595082	0.455126	0.400263	0.373414	0.401974	0.42796	0.428338	0.375677	0.445432
S043	0.365226	0.357267	0.3402	0.38953	0.417933	0.312817	0.446445	0.27007	0.290034	0.313659	0.303503	0.459272	0.298927	0.338113	0.332924	0.239056	0.350483	0.429296	0.323624	0.42412	0.348996	0.444844	0.322109	0.408876	0.337025	0.348946	0.298279	0.295958	0.270345	0.427365	0.409964	0.252668	0.429977	0.296935	0.405323	0.30015	0.465547	0.339642	0.402735	0.42241	0.287964	0.353352	0	0.286747	0.318396	0.289879	0.327007	0.379229	0.299235	0.38661	0.342425	0.319147	0.353079	0.264346	0.404159	0.382227	0.392129	0.351164	0.471453	0.317761	0.330754	0.471803	0.433698	0.342423	0.366154	0.271017	0.350416	0.300319	0.4229	0.341487	0.247837	0.363804	0.555749	0.278711	0.313281	0.298821	0.299877	0.297673	0.269523	0.293041	0.496538	0.28517	0.309116	0.283703	0.289412	0.303506	0.431181	0.534777	0.345491	0.317084	0.378834	0.546566	0.410066	0.320407	0.293696	0.323706	0.349395	0.361341	0.304996	0.38473
S044	0.388395	0.388796	0.375801	0.381851	0.463353	0.329317	0.469586	0.292425	0.342452	0.342607	0.321687	0.466674	0.361894	0.361988	0.362938	0.317927	0.370229	0.452363	0.350193	0.451934	0.378017	0.456984	0.353475	0.44343	0.372613	0.338466	0.334075	0.323625	0.285435	0.456929	0.431232	0.285991	0.463119	0.296083	0.417556	0.364153	0.496689	0.369699	0.424872	0.489534	0.289842	0.390063	0.286747	0	0.356675	0.319145	0.341632	0.394538	0.334133	0.410358	0.376896	0.351864	0.383066	0.350254	0.436491	0.376792	0.412815	0.394143	0.513033	0.352893	0.373671	0.497182	0.449994	0.390415	0.391375	0.302524	0.377148	0.294228	0.447695	0.33963	0.308281	0.394928	0.560426	0.319919	0.382514	0.313731	0.327701	0.333838	0.320182	0.333499	0.535733	0.332975	0.345415	0.370483	0.329139	0.315767	0.458213	0.555703	0.378945	0.348688	0.400718	0.523045	0.453247	0.362259	0.334756	0.326642	0.374389	0.392941	0.347482	0.402108
