	S101	S102	S103	S104	S105	S106	S107	S108	S109	S110	S111	S112	S113	S114	S115	S116	S117	S118	S119	S120	S121	S122	S123	S124	S125	S126	S127	S128	S129	S130	S131	S132	S133	S134	S135	S136	S137	S138	S139	S140	S141	S142	S143	S144	S145	S146	S147	S148	S149	S150	S151	S152	S153	S154	S155	S156	S157	S158	S159	S160	S161	S162	S163	S164	S165	S166	S167	S168	S169	S170	S171	S172	S173	S174	S175	S176	S177	S178	S179	S180	S181	S182	S183	S184	S185	S186	S187	S188	S189	S190	S191	S192	S193	S194	S195	S196	S197	S198	S199	S200
S101	0.0	0.3612308196686873	1.3594835835842882	1.7568861782207346	1.7948661745973968	1.252664773625052	3.7646027493121714	1.5325280447264436	2.0982120741857178	1.0929385221555201	2.073966637439398	0.9861198806168353	1.680313982944243	2.5111946669457472	2.8772527668586005	0.3748049317758534	1.426570290691528	0.20552733135975654	2.1794020356956874	1.113091621306707	1.316024712814044	0.8878140024469002	1.2845344270161259	1.4928729663237117	0.2980604286863911	2.4556232371845246	1.2108729332364423	2.774797768463311	0.7839066395108832	2.2018840814445158	1.38779633289197	2.895300030723327	2.132809528832882	2.1355957024644012	1.8726078263294996	0.6192979437658237	1.103508800881365	1.5662005923618738	0.6615020331988971	1.7238541863124535	0.706023296663606	2.7438794262839488	2.6578722352936324	2.8223110708518795	1.6554053504137096	2.2850735022486797	0.946655562758638	2.7469108355336553	1.658956938161753	3.377531875498022	1.873629215748865	3.2195800872213676	1.102608488258274	2.4892554774686504	1.0641927720540028	0.8887604494000975	1.4908033873467714	1.5730864458352407	3.0536366141178437	1.8702641707186416	2.6064981083570107	0.32881320675665343	1.3730061991217664	1.535172498518751	0.10592585552566529	2.5510197886487194	0.8296707440838412	0.841332914115558	2.3098244871978855	2.9937557953808036	1.7285203253191597	0.5040123724026357	1.6068532955488715	3.224575491460868	1.9336871588349225	1.188997896455807	1.1819140303912297	1.7064417821359463	0.9047859924399755	1.0308001079946059	1.8861928116373528	0.9389689134998017	2.0190357499288383	1.9937338433669232	1.4916033738606826	1.6983034094877556	2.9254558745143173	0.5168905245541354	1.5379925952302798	1.1605549689968329	1.8580463572122445	0.4654273320094223	1.0530832699642363	3.367831091936799	2.1199752380757118	2.465982035825023	1.3879132578641022	1.9731436359153305	0.21547938808147246	1.143663199170763
S102	0.3612308196686873	0.0	1.559068418354375	1.9008512335818435	2.100906801407278	1.3648581889540472	3.8557479283750196	1.4665912777385441	2.316279953026725	1.4318692164865918	2.408693656002263	1.1238871231485208	1.8987683800017463	2.5050088770221204	3.0777800168989797	0.7186520247893442	1.4045254020073485	0.17697989430674677	2.48330613673129	1.2458403577576125	1.482411047019784	0.7979411461581661	1.3264636980366507	1.6929712740847607	0.39321466488867785	2.676891790380324	1.5437941469878116	3.0762779299507512	0.8269250831593711	2.2322121988038965	1.0694767076247698	3.1984188361534818	2.07533936319026	2.1397647975409573	2.1204547156227784	0.9034195051329633	1.359449720814322	1.8011889497905045	0.8611931606193407	1.780115629119062	1.0005309330390655	3.02947877817528	2.95681634116467	2.6474247302288734	1.9230360623302736	2.1700207570142758	1.1310820764857406	2.602887148988064	1.78531899337724	3.337192605309368	2.152633377273868	3.3029165171938897	1.2796634848818844	2.678160764523863	1.362244157838595	0.8358988636943514	1.421836879811981	1.5858355558946022	3.284767329435403	2.0139531599393607	2.8200582032510475	0.6347526412371904	1.5331273757882231	1.6818776771043344	0.3600567016551275	2.732138110911517	0.9332622143017623	0.8642889317527298	2.378707748656694	3.057050846787408	2.0161846873482263	0.2510097818908425	1.9389284721265176	3.4196659293884766	1.657171505594542	1.03286680710521	1.240289356988484	1.6939827252073736	1.0678468476382035	1.288854218871639	2.095873257033422	0.7629456562045774	2.1602800134555338	1.8487422352969152	1.7989791026532247	1.7044451137238836	3.1564607382800767	0.5295162130318641	1.8697421439861959	1.3861040785243781	2.0365241533270537	0.5571955610811196	1.2953338503598912	3.361370070418455	1.9021595415990658	2.4723334656797107	1.0730461025649602	1.9880487133715607	0.5395407998401756	1.2646698547648256
S103	1.3594835835842882	1.559068418354375	0.0	2.600380235839507	0.9473612108295449	1.9472992517757544	4.191979125781877	2.6086505442719887	2.3650853018704177	1.143630639463479	1.3985773729778699	2.1238912717075102	2.3693607641993375	3.525399859526428	2.8774501432605937	1.1374335308755779	2.421846676568384	1.4651563353203492	1.8766471445866049	2.1177587591427343	2.1123759743310417	1.8675018147629607	2.4132376764509416	1.8165805119164442	1.5257639425450518	2.812051680339618	1.1282359541382851	2.237205467712408	1.961239452470506	2.8930257858634327	2.567617065237579	1.8071776133802817	3.1547151914743394	3.0554604085038295	1.9851635322682295	1.660258500880757	1.6298100265998539	1.8841942844705106	1.5250705285464277	2.6908797671493	0.8992468405737979	2.033955983467696	1.7350611667350888	4.007649650546075	1.4290533356462112	3.2802941012164193	1.9666347291433168	3.805477797014965	2.2840926013730285	4.293258148519245	1.6737195699466452	3.675603460553876	2.055174959484673	2.639793762331858	1.531574702761889	2.1368523410081193	2.52005234765391	2.361385961604535	2.8140783987026294	1.8194684722641978	2.457215692253152	1.0480846294448098	2.0024484966477165	2.0939647775378623	1.349376509479546	2.5147919570473385	1.913412141086307	2.1267359424568464	2.9636608639138946	3.3220976539502947	0.9683833377968545	1.4832373389220541	0.9998251199645619	3.335905199266834	3.203020266417417	2.5030110284559464	2.0404860193708827	2.703792883355306	1.448474653462284	1.4739587989709317	2.113219900546395	2.284602864491142	2.4187243237363334	3.0689296551344314	1.745284740179025	2.8215782684216406	2.7140962770930996	1.130193972833733	1.2319246452918806	1.3027685100976012	2.0748511681849697	1.7375765207534903	1.0697952748174415	4.015914710634277	3.145544357414232	3.35046217240382	2.4667784321941495	2.642989531464561	1.4292232186743372	1.9982103043971025
S104	1.7568861782207346	1.9008512335818435	2.600380235839507	0.0	2.403775437741439	0.8400420161717781	2.2380185338335603	1.0274627759857462	1.0259947714156858	1.6097572210968647	2.8006532866635454	0.8895169546630424	0.4350991609817395	1.139406595393482	1.8178704348025552	1.8382719815694668	0.8942407760878531	1.7806168901462052	1.8621001967917685	0.6577896990562798	0.5006010796193077	2.456292382335492	0.7310119772441293	1.0109851165493746	1.5347269757384712	1.0692267755335927	1.6652625383894977	2.453257363905659	1.095173672228247	1.0143346531065105	2.4507957128670026	3.490254621001359	1.1405663567784152	0.8682336010897445	1.2049117406666077	1.3181297374109506	0.9818314211523169	0.952476944048576	1.1838234125386744	0.4598879259231687	2.1448314914082056	2.631696973658952	2.8996167076679886	2.206321739969572	1.6291534186016536	1.5260307823905488	0.8346735759638341	1.9580119470296184	0.6240889497773694	2.0049270457160624	1.617264939737484	1.7646264916306353	0.6642355796016813	1.3954886158847102	1.1245133360438806	1.2182633503918237	1.063614949460487	0.9141794226303748	2.221796782744646	1.624796765634708	1.8444378947068554	1.8550607845270557	0.694318683597802	0.7355536940724103	1.8527704253265047	1.715736072183064	0.9680750511279584	1.1960989081111968	0.9230174579981548	1.8355138741984813	2.8681100060375817	2.142887372430119	2.236104961494151	1.9283395054526709	2.370992066992687	1.513315681536075	0.8636727884485389	0.8017874784238785	2.4623387877432736	1.133883634593925	1.0637627906773752	1.7125616804445933	0.950845613760686	1.5069095940063622	1.1698100194578838	0.753660794233588	2.0991396083057445	2.245152703962772	1.8332084047994055	1.3940853705449952	1.1396347147255073	1.821652901606067	1.5821498733092125	2.0322652033366237	3.3512939772932557	1.0760064355916796	2.6609188419414687	1.0604964371468006	1.6555797711367024	0.721828675421827
S105	1.7948661745973968	2.100906801407278	0.9473612108295449	2.403775437741439	0.0	1.9481988559821357	3.821581677358748	2.7723863841231235	1.906924424863177	0.8988677191720966	0.8688211068850108	2.180592516492926	2.0608348408201995	3.4705823226831303	2.3247399649430482	1.4923522949931851	2.5470962156307326	1.9502684043501675	1.0940946765596076	2.1226192837259434	1.998970995026859	2.450811757414156	2.4843853064430665	1.5901550169421723	1.9004120348165228	2.2877534562145474	0.789393982769186	1.368505099212984	2.1679645708362605	2.8121241421544236	3.168112484540914	1.1785846798224937	3.227269784371086	3.023328233141193	1.5032665548692885	1.7646182869811557	1.4738588767848724	1.549599563508606	1.6725908868086763	2.6419929536052016	1.308385976170426	1.2197310102767207	0.9023808815986453	4.241720536248257	0.9577789745591851	3.4392468852545073	1.9783916786960596	3.981994767993996	2.1345874931277007	4.228028352237571	1.071059558780699	3.366875440346597	2.0105870647884174	2.1736627472042507	1.3365948178052869	2.4016177831520555	2.698266435016751	2.422930619981049	2.15616026761725	1.6539605883837964	1.9060382146613377	1.4840754508254306	1.8823433342384852	1.9466300531041383	1.818451395715433	2.0660384104017333	2.0500661773378868	2.34345581290098	2.7905736637180523	3.09429066389559	0.9987967746901906	2.1251942508314925	0.34507097084552507	2.7610968970819347	3.682667644732882	2.833922926846933	2.1279296880127347	2.7629309271034	1.9197967065194868	1.365986099345618	1.7285512208836118	2.683282533700811	2.1574558793667173	3.300120711843856	1.2909465928048425	2.8599189187270753	2.0689080462306375	1.8163516648708469	0.6017267203155169	1.2287092893263054	1.7775090554902468	2.1212827209597163	1.0834110243361739	3.88780783964684	3.777134200202642	3.273125921503584	3.129008749857065	2.633553147902234	1.7612778003062148	2.0095920525234092
S106	1.252664773625052	1.3648581889540472	1.9472992517757544	0.8400420161717781	1.9481988559821357	0.0	2.5165440205349454	0.8892200086158188	1.0641602471560663	1.2228149978146405	2.512555212654453	0.8803375902237427	0.8970029388710664	1.602313515537036	1.8007147466111821	1.37331547787565	0.6417551592062768	1.2437868640300944	1.6752578520168966	0.5820829344272611	0.42974053862299383	2.08182474596502	0.7966764242909418	0.5411334991443522	1.005624400447613	1.4279398602400286	1.2718265120403272	2.272601452604287	0.7477101219094193	1.007673836578319	2.0998614140822016	3.1086202306814896	1.285092288972546	1.1169549077184882	1.0228488433224	1.0892597421301569	0.596619604003234	0.6999128959050077	0.6160168070000325	0.8062581448915818	1.6678906001914315	2.3211611405063723	2.528150895369725	2.3413252145311025	1.1801330487960162	1.5007960241227543	0.7224446938958162	2.0404943331176364	0.43448105553798555	2.3597216049573952	1.3049602659845387	1.9687853700998423	0.6328362717817029	1.3723957299217437	0.8130481188375774	0.9288446687029545	0.8112633619234317	0.49568785910588853	2.1222383059810763	1.0136762000811568	1.6499431680423318	1.3058071760728522	0.2548631395827814	0.3363151756846596	1.3585541281080313	1.4993942305346375	0.6125044551052541	1.0287105601450588	1.086534722607623	1.7632432580897086	2.4465008474128496	1.5703834285502971	1.8505133905247142	2.094130274265784	2.2095580289369643	1.3477352756751013	0.25533346478874086	0.8337889229016767	2.0947123049802525	0.6302636756428182	0.8676722609692424	1.4688103198112628	0.8041756087382793	1.4028396413852173	1.0614526932624033	1.0589215475997893	1.9927980807499945	1.6453333826635321	1.494176393646558	0.7421509689121037	0.7881356061352089	1.5093960687518042	0.9267027324994253	2.188764601149917	3.11074560161339	1.404872361597066	2.263320459963567	0.8071153598483232	1.2407225734283838	0.2612672291591979
S107	3.7646027493121714	3.8557479283750196	4.191979125781877	2.2380185338335603	3.821581677358748	2.5165440205349454	0.0	2.6497166432007107	1.9814160831396233	3.3916380309914063	4.438803419473103	3.0819340087473686	2.4119757610831796	2.0287629426902756	1.6433564864332255	3.847933429860046	2.5597043660250507	3.750838225032125	2.891216284657722	2.782995511127831	2.5177477541983997	4.559031068980029	2.786699578989836	2.4326645231151187	3.5106547229028675	1.7823167110610174	3.3700331355877564	3.1042286222441917	3.1258713700518377	1.674175589943443	4.338919856211652	4.687276127072212	2.2630353517813564	1.9657394210411554	2.354975587445671	3.462862241750182	2.827010203703057	2.4397062797431026	3.1148957006548104	2.2738122602250064	4.102669494729982	3.292992620552042	3.8482524381454715	3.112350368688917	2.8815401998783177	2.3957179536426683	2.992682017271412	2.5960088032858355	2.1092689351997476	1.7387688513014954	2.7589455265043124	0.5604100813827552	2.8189042454828406	1.653118287528105	3.0061061248637446	3.2125913898884906	2.6354358330614676	2.3004339226692267	2.117478855623396	2.4349754294037878	2.056450549562871	3.798234233517987	2.41140832771077	2.248939296301017	3.8702694580502803	1.846711512837501	3.0106121081224564	3.310215281162691	1.4937075337758503	1.052918803184589	4.63825821214216	4.063702731145018	3.822500128734037	1.3159792820269909	4.057566082412895	3.444809152924092	2.6172940276339705	2.3568882198021224	4.566592391769356	2.916003576644044	2.1431166274615507	3.7380520923892977	1.8067184087108514	2.714702849150402	2.8587027735840707	2.584223298376933	2.097865419971003	4.153263596972536	3.37796475698252	2.928415097304286	2.125257798042344	3.9578715206881556	3.1638495486337046	1.081975973786778	5.407173815277756	1.7221836586210744	4.584793528223009	1.9297003584878685	3.726489345676301	2.6356048110850354
S108	1.5325280447264436	1.4665912777385441	2.6086505442719887	1.0274627759857462	2.7723863841231235	0.8892200086158188	2.6497166432007107	0.0	1.7690302213443139	1.967891890653129	3.245174966664297	0.963911465457516	1.3576087437985418	1.082633240255595	2.4616603482095494	1.8039533655196085	0.24951789585943066	1.4337556190436447	2.535101980585821	0.8122103469127161	0.956760507744293	2.0976260880001383	0.5475633795362952	1.4129038336702815	1.2409730077599561	1.9738455483652297	2.0509373399433923	3.1388069349804493	0.7902825746333259	1.016236034089648	1.6969326454857425	3.9459114463074996	0.6091423727722487	0.7365217039161353	1.8513295217733363	1.4281016548181331	1.3679610778561495	1.5308631458378226	1.1541420913348912	0.607831616046064	2.163772365650371	3.206762476420734	3.409576021286638	1.4709637692556847	2.0670733782270005	0.7887768303650238	1.0219625758457012	1.26435950378565	1.0095395541236014	1.871415346228493	2.183024512870046	2.1258321208175492	0.9740451452063729	2.0247969299820117	1.542551111807675	0.7065392901601748	0.14259991730642016	0.5953981022738855	2.876646675765348	1.8024943121268018	2.420160401265622	1.750999371213317	1.0416084249713253	1.0901503963018127	1.6215157731893883	2.213258110772161	0.8276311657336917	0.9012337703411498	1.1972848069988409	2.021982075662181	3.100147957745991	1.6900155951134037	2.635353325888867	2.6398411925715117	1.5018050421107754	0.818293371337824	0.6596459159429569	0.3156848327643798	2.372490664080777	1.4262806568002706	1.6574824563626036	1.1402321867507506	1.4051281974558276	0.5751734126108022	1.8273834311135166	0.5169780254369718	2.7524749691794086	1.9382234360682382	2.31507706885007	1.5888413257122675	1.5793544511271984	1.6007329950991507	1.724354946178972	2.0084184504760905	2.7720134793077995	1.0542403027381175	1.9591512998620493	0.8888671408672398	1.5392803328824871	0.7968509159437812
S109	2.0982120741857178	2.316279953026725	2.3650853018704177	1.0259947714156858	1.906924424863177	1.0641602471560663	1.9814160831396233	1.7690302213443139	0.0	1.4455608933020352	2.4697150608140035	1.6065673413388664	0.8364766674112947	1.919226758639609	0.8774719324907311	2.0539158893570817	1.5462079404530227	2.162655787721716	1.0583195882476022	1.3321142682852218	0.9880733730269602	2.9481427777282563	1.5869577589711952	0.6692103554814322	1.9306148449079574	0.500594264353071	1.4126303812286716	1.5424644532380594	1.7019731712565052	1.259135376696636	3.130301368772356	2.8670998474018092	1.8860024948722065	1.5387556699230667	0.40596265546479227	1.7468792390138093	1.0064276004853545	0.5444348005218556	1.458406064448282	1.3338500653018424	2.2414016643011734	1.7286708770989359	2.128035598702983	3.046996593592174	1.0015827656438867	2.1746596256181534	1.420253429761026	2.6653311186736874	0.7691515626940881	2.5195922467742986	0.8654716624261519	1.5404780075683804	1.2733139060402259	0.4957958584821598	1.1274688014875143	1.9074453231565194	1.7271773659211742	1.3024496191178438	1.2053960055476856	1.0278636691783942	0.8395173497010224	2.0353907940315747	0.8401086530067177	0.7417974761430592	2.195130344663237	0.7900268588455865	1.5289643481771087	1.9157340300157035	1.0920617177126037	1.475421447947455	2.673255137791455	2.5080867510580203	1.8586792045431726	1.141956499415705	3.2020930576909703	2.314231731182822	1.2903282666848392	1.5502461694187855	2.763773182740887	1.0915377859483293	0.29607542901235834	2.4379961942778436	0.5430725825413958	2.2260288982315095	0.8999400049437043	1.7100421642520531	1.079539487077405	2.476030790548259	1.4080179009463087	1.1402313305860774	0.49893468991714346	2.336199710813407	1.356499937169808	2.1540892165642815	4.060069725419207	1.655092236182186	3.282956591367772	1.2730007872905598	2.0240350025645926	1.1720875369414971
S110	1.0929385221555201	1.4318692164865918	1.143630639463479	1.6097572210968647	0.8988677191720966	1.2228149978146405	3.3916380309914063	1.967891890653129	1.4455608933020352	0.0	1.2936117386345738	1.2862225631557318	1.2964470895865277	2.67679323553816	2.1489140193494145	0.8333167565454455	1.7596897126591262	1.2583982374863945	1.1415937603889563	1.2563712876939832	1.1882280005375927	1.8513328705426708	1.6167667890038706	1.009658711585412	1.1443323830436634	1.8093395650149913	0.13539862002917602	1.7217590574376473	1.3227747007410138	2.1687214518574613	2.4615468322714946	2.028298774910735	2.4421900471977476	2.265257220636203	1.1022733749128422	0.8953458904417352	0.673755989404671	0.9525742179443268	0.8630896614562912	1.8304382824772336	0.8661863834313789	1.7333591692206676	1.669865345104955	3.4205777592598956	0.778458859891577	2.689510577235561	1.0894338682966427	3.211773611549061	1.452801482828255	3.5112863828521217	0.9312079351962531	2.8974231063513476	1.1359517341887981	1.8498529261690777	0.4886378959344536	1.5629929230326374	1.9166590593275297	1.7168024792699639	2.1937376512067375	1.411549765784432	1.8272441859781225	0.8673232523358201	1.155580122222094	1.2784428921434652	1.1434890023405202	1.888452293546379	1.1975185680088212	1.4751340808210898	2.1589830451260275	2.7000965836036994	1.2896169259041328	1.5410061130069157	0.6794401995761352	2.525069282219673	2.8878026794317004	1.9952906599596776	1.363033077122636	1.9683855275762598	1.4501873282252566	0.5939924984830148	1.2663605073819675	1.8719076704268414	1.630410679148555	2.5235830799007526	0.6424665611837532	2.003741850172641	2.074025078987301	1.3402678140475905	0.4570875417988497	0.6843236134958759	1.3342701762047169	1.368803084495676	0.5850925109930104	3.3186522039662427	3.141198114699373	2.5408345297739277	2.4801968154416705	1.9998607804536594	1.0019168703134713	1.2055937302871025
S111	2.073966637439398	2.408693656002263	1.3985773729778699	2.8006532866635454	0.8688211068850108	2.512555212654453	4.438803419473103	3.245174966664297	2.4697150608140035	1.2936117386345738	0.0	2.4573395033183716	2.415352516223264	3.916377157133025	2.9699679950957956	1.7034695786780198	3.0468965877262693	2.266978157865702	1.6307865415065492	2.5016172919888158	2.4455148262541635	2.493516854938665	2.851722885554708	2.214807497978424	2.2574642285279145	2.748670283967129	1.243339400865046	1.8499149496381828	2.541335974303961	3.4238594352216447	3.4059249387089854	1.1016656073940092	3.723836996243145	3.5347561957365974	2.1007496593069	1.964316929467638	1.949343218167719	2.1126841433341395	2.117576317787437	3.084819833358711	1.434859004074603	1.8051759398678315	1.357221708029214	4.674799174051952	1.6788993465286572	3.981168032015009	2.2994082710052752	4.498032974004316	2.7022393942104963	4.760384155382119	1.7268966329756232	4.001929672882165	2.36429142517089	2.8144164394094116	1.7474643193370794	2.7596189350251756	3.1997847796976706	3.0074181059541236	2.793885045894922	2.448520482496178	2.6031968624257877	1.7855858999874055	2.425408386354127	2.530031116453922	2.0648425820821323	2.7877016705210504	2.4412850460372866	2.62410038597756	3.3799034680762543	3.813298233078314	0.6657384325339172	2.419125641081722	0.7148729945365387	3.344876697645309	3.9748539867337556	3.1433598892064243	2.655541088872477	3.250982818276539	1.8255049558143113	1.882592228767097	2.350822552462496	2.9296407029181224	2.795404412736632	3.8018094538666602	1.6821891983163544	3.2396185992890874	2.712045030800257	2.088174278273711	1.1012973522011658	1.885495642825614	2.4545666859571087	2.2496223439011525	1.731755376769548	4.533474346987793	3.763842137051793	3.7952178521190296	3.3266158107154684	3.268869795181449	1.9854351802496575	2.493419910546929
S112	0.9861198806168353	1.1238871231485208	2.1238912717075102	0.8895169546630424	2.180592516492926	0.8803375902237427	3.0819340087473686	0.963911465457516	1.6065673413388664	1.2862225631557318	2.4573395033183716	0.0	0.9213938725949564	1.6648419517308894	2.467052126978466	1.1217185642237382	0.8762766898291426	1.0149962379778763	2.068292737359274	0.3291345084719162	0.6481006653182068	1.5765400433111993	0.4563967753736452	1.2172363540196174	0.80523248694541	1.8086488792248772	1.399144775819353	2.712545100756656	0.42381045246682225	1.5994800811147343	1.698933059141142	3.3088629218544225	1.439754239094749	1.3862360141008083	1.5589496185634766	0.5642214845909216	0.8497325978776206	1.2129367500851358	0.6804325838070562	0.8960785447936135	1.4701931445752308	2.813221788670955	2.9008585938292204	2.251821161680819	1.6837539046929033	1.7329510869729672	0.2290773190229504	2.1659059074023284	1.0977651911716646	2.604922014529039	1.7867895671533205	2.5721578845369897	0.33458997483091535	2.039172208783723	0.8983678138746323	0.5575600418048171	0.9974155766624173	1.1111093500671105	2.769971489683482	1.8335682641034985	2.3444843481401	1.1693574761437253	0.8995942670733889	1.0717956537653865	1.0652070236317528	2.252200137561234	0.37581477538684527	0.38384585897273815	1.642095807171212	2.514022020502395	2.3545681394902753	1.3700725881503364	1.9542201890605932	2.6890942416865924	1.8282512886167104	0.8927533355600222	0.7707047769799429	1.018221341550791	1.6458301473956056	0.9399780829238213	1.5067376899477116	0.9318331403037134	1.5341476681829165	1.509789765093889	1.2129896026519087	0.8497462101631733	2.638683355757418	1.500977565265878	1.6814169139910677	1.2592989228836597	1.5411435257978217	0.945356897148165	1.330045819959508	2.7220140315102364	2.5097705933373264	1.6950420953867795	1.8636351549338632	1.4847663688455779	0.8638240751259169	0.6231683160269469
S113	1.680313982944243	1.8987683800017463	2.3693607641993375	0.4350991609817395	2.0608348408201995	0.8970029388710664	2.4119757610831796	1.3576087437985418	0.8364766674112947	1.2964470895865277	2.415352516223264	0.9213938725949564	0.0	1.5679791961476677	1.6935626709184028	1.6720132407214963	1.1854342235239848	1.751969154625676	1.496809240866908	0.7340691691602321	0.508205826731204	2.413753819369818	0.9714092085760916	0.8606436986737892	1.512964124506021	0.9099037792046613	1.3397444306689685	2.0985234932663697	1.1794288890362092	1.3230576471640343	2.5948201066332004	3.1064045607279027	1.5603686229316251	1.2843111393044506	0.9312184832993455	1.1780418377390494	0.7586577498726952	0.7071737495848327	1.1094385846398278	0.8644368620198284	1.9309217280292093	2.2956530414855285	2.5363616232449138	2.6227484693114116	1.3415548160054191	1.929499244134849	0.7955424879779357	2.3827081786900446	0.7350248141209217	2.408596723568036	1.297705079872734	1.9558987537789188	0.6425395320460435	1.2981659822592788	0.8438694949364012	1.3639619907038534	1.3723208290490947	1.1637864650273269	2.016721057702912	1.5347214842696189	1.6627969932695517	1.7117344583142893	0.6766076452682767	0.7492563780888482	1.771055480475233	1.6052100545011738	1.0187139203204616	1.2878087292492228	1.2037961205538514	1.999762574692123	2.544182166821415	2.12698814268743	1.8790701225219746	1.850215192728757	2.635648451122846	1.722475908313484	1.0031877900271875	1.1770635528350308	2.2967407348133615	0.9256857615455503	0.8872517468419279	1.83851683105055	0.9824921784543724	1.884552342450904	0.7823477559908005	1.1271476352110998	1.8921680512895047	2.15680982645862	1.4703125109126773	1.2100650802833448	1.035572553328	1.768758523675514	1.3825732084991125	2.3564650508242617	3.425194313639198	1.4838173846795069	2.763379109405436	1.3319047747078872	1.5517470281148917	0.7929602936165084
S114	2.5111946669457472	2.5050088770221204	3.525399859526428	1.139406595393482	3.4705823226831303	1.602313515537036	2.0287629426902756	1.082633240255595	1.919226758639609	2.67679323553816	3.916377157133025	1.6648419517308894	1.5679791961476677	0.0	2.4446481466920416	2.718119352774674	1.1711585850762312	2.4516829351317933	2.9136276383940323	1.4952185414372172	1.4893548658329094	3.0594378840553285	1.2475029638674817	1.9415064172147716	2.235661934519897	1.859262335755378	2.739657868607435	3.4570097825656148	1.7278156764494628	1.008581632493493	2.634847283584156	4.587345600659021	0.569445510150097	0.5322176249799462	2.1949748245730256	2.2153366110322374	2.0154339454042307	1.974507972168195	2.0330903357716887	0.8525452766399721	3.0697263304275366	3.622845424034027	3.9524302399515387	1.3284418916073888	2.63585287011986	0.8904860475840005	1.7266914266142332	1.0453508901716024	1.3884659393382468	0.9717991843351469	2.642542943989932	1.643936550276836	1.6027843874766146	2.067419196780788	2.190843329390246	1.6833497954029168	1.1708589869644108	1.2612770260954127	2.9573107965446064	2.345286858410106	2.6027526783522252	2.7025556216818143	1.600757241465008	1.571784543786917	2.60245217678194	2.3761015012655617	1.7034324210391023	1.7672077363634968	1.0220360906699226	1.8466902343819813	3.9159220559709125	2.7420074308178033	3.3273439760038483	2.410620724272295	2.193316882815732	1.7088901024132372	1.495829961789294	0.8600335183328391	3.285340951603209	2.133912686055544	1.9684891866124032	2.0654869353932424	1.6055400372675903	1.073750219320545	2.294437833428328	0.8474700950893945	2.852474751071247	2.9675258485251836	2.9312038776713853	2.3263582358269472	1.951564934509541	2.515005340990078	2.5194869272821747	1.4177883118907026	3.604451562096717	0.43030279162650953	2.927759071832767	1.1978603089105968	2.4623838980096866	1.5329787477518597
S115	2.8772527668586005	3.0777800168989797	2.8774501432605937	1.8178704348025552	2.3247399649430482	1.8007147466111821	1.6433564864332255	2.4616603482095494	0.8774719324907311	2.1489140193494145	2.9699679950957956	2.467052126978466	1.6935626709184028	2.4446481466920416	0.0	2.8233741786059223	2.247638903548903	2.9305378880340043	1.3487391388727985	2.1740555256838068	1.829148834891574	3.7534702391256496	2.395103724700201	1.3891651603770976	2.7106009447421067	0.9438928568591433	2.077896175805057	1.4768671649450145	2.5133174623605186	1.668898528940848	3.8996970693870794	3.069298603924777	2.456193193416272	2.0933253827163694	1.064696940376149	2.5944479147709374	1.8203047091461	1.3435375473271547	2.2456777295358163	2.0595067472324096	2.965171492545322	1.650406414441723	2.216505693677712	3.601631734924691	1.4807077268728432	2.6754093851513305	2.2801138290728855	3.1296817720346644	1.4874151178727286	2.766218552217499	1.297285716228271	1.3604005365556142	2.133468164496619	0.44341018714845787	1.9344835292758842	2.7069774801608997	2.4028624078962495	1.9241906501413053	0.5446340975106155	1.2925155828682584	0.4654990840997072	2.778254594428051	1.6297455091334303	1.4826939842529232	2.9734625714834895	0.459292744983756	2.3483966181342772	2.7525182038383957	1.4840029880397958	1.2553047724188775	3.2422583837208863	3.24625937169574	2.385779712729929	0.49769197128524767	3.9426305921571725	3.104479522828667	2.0282974124756747	2.2209784416974805	3.545088265261302	1.8634581049064527	1.0017410410107592	3.2509624679975397	1.0606399391377808	2.816816557726217	1.6706802032992174	2.4554368902634685	0.4792379086445077	3.1905088751295496	1.9759187971534582	1.7838051882486692	1.0466832597631446	3.166297246445012	1.9827542844994865	2.1512501131041417	4.884260142838296	2.100875685224657	4.052576214540548	1.7308241566183717	2.830333123967872	1.9694606604760119
S116	0.3748049317758534	0.7186520247893442	1.1374335308755779	1.8382719815694668	1.4923522949931851	1.37331547787565	3.847933429860046	1.8039533655196085	2.0539158893570817	0.8333167565454455	1.7034695786780198	1.1217185642237382	1.6720132407214963	2.718119352774674	2.8233741786059223	0.0	1.6684008400809474	0.5751386183271363	1.9676428272965416	1.2448544236181056	1.3901669307047084	1.0257822740534177	1.4886385950643068	1.4820310712519864	0.6116804310327421	2.4106158840587333	0.951002562952294	2.543204812717402	1.0290189889165489	2.3681608074428473	1.7267237549902696	2.5592284787987998	2.384447976068571	2.337530085740534	1.7803159196617042	0.6070894129157499	1.057326176392442	1.5134531222553298	0.761986544835017	1.8945959371775836	0.3698287472992975	2.512249881759033	2.3741865020546844	3.143513123020643	1.4988374508612277	2.5712895973228593	1.0377538803475124	3.04952658311617	1.7478667215160222	3.5999819079378645	1.7069718895685055	3.314835071731144	1.1859330135815072	2.463293155697837	0.9481598768814693	1.18392081906293	1.7629348088008543	1.7712923683832327	2.9427613013423413	1.8694333052490766	2.5245828721199284	0.2021158895171062	1.4380987252006716	1.6020178024456524	0.367131947027719	2.514482755404317	1.0193261543335073	1.0874372237831187	2.4402859224119777	3.0967156804466627	1.3740008524063212	0.7892610151594417	1.2761542987566947	3.1850540823222113	2.2883672848329777	1.515080142259799	1.3652051002504968	1.9336013292506087	0.7515684685523742	0.9740366157185002	1.849848014327381	1.2664633498687898	2.067596039633708	2.3037972246834464	1.3302241993948836	1.9136450508690785	2.8177116550648496	0.6076071877454814	1.2635282625782371	1.1009428921733093	1.8540288395928173	0.6415521034974871	0.9516293231033685	3.5498692363616624	2.3309082598041777	2.6594951530574713	1.6949153586772583	2.152539317014088	0.3235661463680974	1.276376209299676
S117	1.426570290691528	1.4045254020073485	2.421846676568384	0.8942407760878531	2.5470962156307326	0.6417551592062768	2.5597043660250507	0.24951789585943066	1.5462079404530227	1.7596897126591262	3.0468965877262693	0.8762766898291426	1.1854342235239848	1.1711585850762312	2.247638903548903	1.6684008400809474	0.0	1.3466173719137626	2.294047739123497	0.6594146779226643	0.7503797498950371	2.0800305336378906	0.505182220267097	1.1652210998886257	1.132517688751529	1.7863065206812327	1.8351430957123835	2.8944916696446836	0.6940314882564759	0.907167693138449	1.7946256297597951	3.718455132596888	0.7384046353412258	0.7422651388087546	1.6109476041707997	1.30461341092211	1.1452825792170462	1.2914134914916284	0.9694394453980824	0.5329522290264657	2.0181862733694467	2.9582521865802796	3.1666917671401023	1.7062304351472022	1.8212957419206797	0.9403978295362607	0.880588336528869	1.453882086792334	0.7831928695502762	1.9596727917187884	1.937546744555151	2.0214312826517156	0.8150204563690168	1.809425361757667	1.3316802392999374	0.690992123585683	0.19325605549509137	0.3860007207009283	2.6466573568434617	1.5628005060686891	2.185334073522923	1.6094093935936034	0.8009249150378084	0.8482768664825712	1.523113477029923	1.9863001489935166	0.6856173679084239	0.876646913229687	1.0754012302236056	1.887560620251222	2.922132337925754	1.6296341539668702	2.4208857764247043	2.452105849334348	1.6966964167241934	0.9343335348576047	0.42168431850033794	0.3121667742140957	2.2876818366006724	1.2007022462777968	1.4189583387922913	1.2000759683674551	1.187716734546463	0.7837845038884329	1.608746494919003	0.5952073919461786	2.521307413383104	1.8377828136269465	2.089704229230599	1.3523215555322448	1.3374425764549798	1.5503679651261135	1.4994047852718033	1.995554387971224	2.8665028379716273	1.071939210360478	2.0306312041629018	0.7443977704481592	1.4299930751301941	0.5737606995782617
S118	0.20552733135975654	0.17697989430674677	1.4651563353203492	1.7806168901462052	1.9502684043501675	1.2437868640300944	3.750838225032125	1.4337556190436447	2.162655787721716	1.2583982374863945	2.266978157865702	1.0149962379778763	1.751969154625676	2.4516829351317933	2.9305378880340043	0.5751386183271363	1.3466173719137626	0.0	2.311184020360454	1.1274314714313132	1.3475846570478884	0.8798742883064703	1.2504782973081747	1.5429002730152133	0.24990501310827748	2.5247309387541934	1.371552319492335	2.9074045946858296	0.7396644614900331	2.1505672586413387	1.225267996709608	3.060172415848505	2.0414954162742864	2.075020096523623	1.957884225534706	0.7534442219706784	1.1933943970685463	1.6413651569738519	0.7053598250081418	1.694008482772904	0.8857688911579779	2.8687450571034345	2.8024493948796887	2.684526953292981	1.7598955992393848	2.162992683884939	0.9973363614857782	2.615403611429765	1.6623410502409002	3.296836484306003	1.9851270776140348	3.200262791314904	1.1464315188817567	2.5340407030421512	1.1883124753068592	0.7994303557005749	1.3873577199896228	1.5086484327057939	3.129468686996168	1.8882281952217002	2.669609694573976	0.49161110797053	1.3964544915269015	1.5500956885126214	0.2446762005427204	2.5916433829341146	0.8198392337682203	0.8052373315348624	2.2815425989003346	2.961222045346858	1.9053599937781698	0.3760983481122296	1.7818727122448246	3.274491247911535	1.7706920650511486	1.0668389870384707	1.1409861934322454	1.6357219359401187	1.0357995172483543	1.121591486211017	1.944018704897442	0.8217744163881874	2.0318511494049707	1.858780925481512	1.624269485225393	1.6474263597237622	3.000950403735891	0.5283860315938185	1.6988021665527175	1.2309792433477578	1.894671727478189	0.5200330895850844	1.1402235776279543	3.298903480333437	2.039751240076512	2.407393704107712	1.240570926689462	1.9112745594155662	0.39116147851669986	1.1424762020123456
S119	2.1794020356956874	2.48330613673129	1.8766471445866049	1.8621001967917685	1.0940946765596076	1.6752578520168966	2.891216284657722	2.535101980585821	1.0583195882476022	1.1415937603889563	1.6307865415065492	2.068292737359274	1.496809240866908	2.9136276383940323	1.3487391388727985	1.9676428272965416	2.294047739123497	2.311184020360454	0.0	1.9002759643066927	1.6334669897749285	2.987167711802189	2.2539314232094854	1.1537195066125823	2.147570566463975	1.3378395839473045	1.0282373972929124	0.6445137909278823	2.1582020241579167	2.242136356379548	3.4871862160249605	1.8418340821854198	2.8146854296290105	2.5114702260878814	0.7438404085305865	1.8991161482342025	1.2699041816852745	1.0087502190986808	1.7272285023589862	2.2003017236960973	1.9753700343879015	0.8192145241358866	1.1122965615735343	3.9473928779595653	0.6534566296569018	3.084670088500118	1.848145170998954	3.6092038002177076	1.6231412761494226	3.5728827182262597	0.4069524035682462	2.5078363889406416	1.783225817070502	1.2665745655364289	1.2192256887776332	2.4062778922882537	2.4768774893584973	2.08981883110889	1.1961664931434757	1.2971523931439395	1.0153229731842461	1.9703740183341598	1.4950040071666055	1.4862450433804384	2.2468758904431745	1.2410649557415112	1.9881764621347813	2.358612914186625	2.1239631327654322	2.348930755910699	1.9824263093583954	2.606682385343724	1.1230529587204847	1.7285289743066476	3.7821716533931964	2.8587417600867906	1.9164137593994708	2.401983192116711	2.5750449217173053	1.26210126508179	1.0152035622495845	2.8442689557458896	1.4843457103198778	3.055631358345035	0.8747241844866398	2.516559791005502	1.1018887008567648	2.4200980630687985	0.7782205167978798	1.1980104050436886	1.1604141254373384	2.465662001274776	1.26535523092539	3.1704896925617443	4.258830352003678	2.6787192691691506	3.548046452217771	2.1680199644861022	2.0993944018822477	1.7671442639801491
S120	1.113091621306707	1.2458403577576125	2.1177587591427343	0.6577896990562798	2.1226192837259434	0.5820829344272611	2.782995511127831	0.8122103469127161	1.3321142682852218	1.2563712876939832	2.5016172919888158	0.3291345084719162	0.7340691691602321	1.4952185414372172	2.1740555256838068	1.2448544236181056	0.6594146779226643	1.1274314714313132	1.9002759643066927	0.0	0.34571122269628074	1.8149268438926969	0.3720440840030751	0.9465328111940996	0.8851835041039348	1.5603894826703262	1.3485609112518302	2.5374701336254986	0.4556788879046263	1.293884553607042	1.870843207070087	3.2695600873333017	1.2572561453393207	1.1470465876316964	1.3159521571158432	0.7497342030484544	0.6817258879322914	0.9656709477733337	0.6098036330082	0.6620074680017152	1.5845162564635866	2.6377508857133862	2.7841000297370213	2.200641249069319	1.4996035553028397	1.556758924413989	0.25101755811274284	2.030670888714935	0.7704818828463448	2.3999289061946407	1.593804868634759	2.2637811425717946	0.16282496329946772	1.7395035929084346	0.8051085292804158	0.6313794288438525	0.8215942281016477	0.8202482844216425	2.500532399795396	1.5586210029089722	2.0650242693249288	1.2530829312642355	0.5917438828935412	0.7539112703110792	1.2083721652562085	1.9515795955959527	0.31954396646604133	0.5958840460203149	1.3342283526758314	2.187502229510955	2.433652216722411	1.489533289002153	1.9343726604555636	2.3997025313867915	1.9520271289430111	1.0210454150945507	0.4983543467635875	0.7997560301242521	1.863257473381464	0.7866780616605755	1.2251311341426918	1.1314454608825264	1.211886621379313	1.3856037920278166	1.0899221749805341	0.7492758526925604	2.3694621680792674	1.6075496746116695	1.6091878494537788	1.0812221884171436	1.2430694140496776	1.189175333705264	1.2023588616097185	2.4389484872378238	2.7722876803573753	1.4561015107513682	2.049269190262402	1.1772523258984469	1.0256323040647852	0.321981857634903
S121	1.316024712814044	1.482411047019784	2.1123759743310417	0.5006010796193077	1.998970995026859	0.42974053862299383	2.5177477541983997	0.956760507744293	0.9880733730269602	1.1882280005375927	2.4455148262541635	0.6481006653182068	0.508205826731204	1.4893548658329094	1.829148834891574	1.3901669307047084	0.7503797498950371	1.3475846570478884	1.6334669897749285	0.34571122269628074	0.0	2.0927390890535658	0.6346784463264756	0.6591609552108889	1.0985667984273675	1.2403228461554603	1.251379613961922	2.257964523552218	0.7463666597629557	1.118931105539685	2.18274239847826	3.1322378444761227	1.3002633041004332	1.093936683665683	0.998384019941446	0.9472137223804007	0.5294994396772202	0.6594564116142767	0.69929289557144	0.6487394015500602	1.69295756379245	2.3732542076289556	2.5768269029878503	2.357579422854499	1.2663910066980368	1.6112803881825912	0.4910612386368662	2.110305660116336	0.48084722301350036	2.3394893001367536	1.3267383944442066	2.0005225277365764	0.3287684050333077	1.3960006948503285	0.7038535992489513	0.9398773211595092	0.9413329280107302	0.7437857681341135	2.1608238184619926	1.3054561806364335	1.730092814401356	1.3848917928124367	0.30350514524189093	0.4546448916558878	1.416509813301686	1.6183803312504657	0.5809634936010267	0.9352804235306873	1.1130259565495124	1.920582272632433	2.446584230942417	1.7120556729963035	1.8415537465721044	2.0608772642606765	2.2554277005700674	1.3405685869200878	0.5006545724208169	0.8452672820099332	2.065854810488039	0.662491482089418	0.8893697457826016	1.4627051523402332	0.8927024344654033	1.5140691650010731	0.8871311350699354	0.8993316562184164	2.0302607662394356	1.7816562562476879	1.4636343970188164	0.930126961163803	0.9236663654426363	1.465169684182614	1.1026501790501246	2.272004054523995	3.104431553691595	1.3712593101692476	2.3546518699819425	1.0234717331316547	1.2342800578351452	0.2851540354872241
