	S101	S102	S103	S104	S105	S106	S107	S108	S109	S110	S111	S112	S113	S114	S115	S116	S117	S118	S119	S120	S121	S122	S123	S124	S125	S126	S127	S128	S129	S130	S131	S132	S133	S134	S135	S136	S137	S138	S139	S140	S141	S142	S143	S144	S145	S146	S147	S148	S149	S150	S151	S152	S153	S154	S155	S156	S157	S158	S159	S160	S161	S162	S163	S164	S165	S166	S167	S168	S169	S170	S171	S172	S173	S174	S175	S176	S177	S178	S179	S180	S181	S182	S183	S184	S185	S186	S187	S188	S189	S190	S191	S192	S193	S194	S195	S196	S197	S198	S199	S200
S101	0.0	0.8116494109275267	1.5139229334829571	1.3475236642595483	1.8599737855443204	3.6459321043096256	0.8754074950630147	1.3909389345897203	3.470059669737758	2.1149988465735157	1.508460011571233	2.9001123142798986	1.4498624321004765	0.3943388697554165	2.809294775531281	2.6733360258043612	2.686153370762306	1.989694849445614	0.7375426126834393	2.0349053249613407	0.4397708374243478	2.321442414349488	2.9811831764926575	1.1895401853827186	1.3292420563647953	0.9458770335149655	0.8359146674733076	2.0694655072483727	1.6281112985840849	3.147326449539628	3.5472797105105043	1.4330246082428386	2.826423144668003	2.856205896007751	2.650953494853118	1.0525665541016351	4.047075381923798	3.6434132435098863	1.6408696085983934	2.1338335985770525	1.0779266645273793	2.8044916236735884	1.782973818805606	3.4265365540315247	2.8747552003662915	1.1078764760717108	2.798617070801386	1.8610059703988848	2.4162386807726457	1.0787822822778892	2.4666126529240153	2.247564066308663	2.3291446949902515	2.3747031415266777	1.3855466620131986	1.1565966986300704	2.0118750944931367	1.4994553672013065	0.5450322475998386	2.8880492443757775	2.5063203046951905	1.2787305987398832	3.017566371819848	1.0205810683021046	1.864977911188778	1.00911080552387	1.8019521323039327	2.2803991071657075	2.2694288919307346	2.1761067179985294	2.227799441901532	3.5054698438012526	3.06924643555371	2.83962484180638	2.73331606241066	4.1222144136687335	2.232400007999045	2.557036202612688	1.9366895244099254	2.3886432883496673	3.8189242186239243	2.4719264830301158	4.394602969152375	1.1406283359877067	2.9405896017187705	3.7704989637025137	1.4246948205785248	1.6040253867108412	2.9903596849640675	1.776420855127632	1.7005021953651085	1.8046132963061214	2.831083183848401	0.24281512256771212	0.9949533738064914	1.0364024503504679	0.9751701719763379	1.9502849782306388	2.006620776283405	2.601473535101249
S102	0.8116494109275267	0.0	1.8403218393924428	1.4800473544274642	1.4399165995277912	3.339985755571284	1.1195896484511454	1.7188955657838572	3.3520662594212918	1.7033067905368733	2.2166893847887534	2.666336722547855	1.1298437741732834	0.5448965779666294	3.0689818565790725	2.82570341145707	2.589206186573751	2.4863039303634342	1.1552414382798406	2.4341300284683247	0.9892316128987241	2.6872574784077883	2.952063603211646	0.4944248483129142	1.7751627989178107	1.520745575571486	1.2776152917596995	1.8194332642330076	1.8576496665721154	3.4374623687602126	3.6528095444953177	1.186615743008204	2.7498478451713178	3.028210235306582	2.542101036305706	1.3692278011718435	4.4713711861419805	3.3288857497688285	2.0212481684467822	2.2643016782352428	0.999460043921317	2.911611934041536	2.104012357655651	3.919690388246093	2.6047928675040852	1.3285004063284007	2.7739436566559714	1.895957007629056	2.5356259305255047	1.305681338487367	2.80069007205838	2.407368494371603	2.656841122863638	2.604304740334357	1.8643269166742114	1.521257653655813	2.236155371318692	1.542472814131546	0.7760602993850104	3.3239879751464505	2.962435417262965	1.537763152077159	2.826278298213198	0.6817288606743673	2.0060410233115684	0.8619023201244378	2.273877373102454	2.403543444218752	2.6575944613585034	1.9424479705124782	2.265481085309587	3.9067412923094973	3.4752469129732955	2.9200732977696333	3.001071667576981	4.2205390959004045	2.5538664528756745	3.119128810162694	2.207842126839717	2.707634639627135	4.042993887748792	2.215011785440823	4.654107999394025	1.3551724310667235	2.7816833691942096	3.5209412682947563	1.6818871578860528	1.8100876060459843	3.3375176439509238	1.7440269254434706	1.901449117058283	2.012376818179297	2.796322137487746	1.0188063218070533	1.2982979890509987	0.9626061533980886	1.6109606651741728	2.3010677657584195	2.1466379523683026	2.6611807779740038
S103	1.5139229334829571	1.8403218393924428	0.0	1.6674759161235742	2.1145991033606806	3.2995423147706227	0.85912462770381	0.6889683147890976	2.7216962914112655	2.181444950212353	1.1258409983377313	2.6810116557328696	1.8046001704403405	1.7433484852096597	1.5492788564770918	1.5000246530031582	2.079135744944033	0.8559949624822718	0.8404739652887283	0.650881210282324	1.3937933335402586	0.9204737316301709	2.2646040382414383	2.097637837452717	0.36586633575715116	0.7809789430833293	2.1734239150381365	2.2619633564966253	0.4590221407590733	1.7291566123896145	2.2241019016133454	1.5995183339750578	1.997420855691218	1.8464618836091224	1.9692984581159345	0.7836373386520654	2.6350372165343745	3.381800164277314	0.47967019816182166	1.1802255477955768	1.5088761654588463	1.5585356980024028	0.27258977574551657	2.1180654494740097	2.6280189785220656	1.0492433556907264	2.1360716001033015	1.212831227637895	1.4760991504727161	1.0793269962628076	1.1998837374895897	1.1107190211953493	0.8911960909587906	1.0178684553369122	0.5938383600775026	0.5451729104235848	0.8291608900210696	1.0640839808964326	1.1038813250548676	1.5080962018025823	1.3423385048215102	0.6045242361162516	2.768887483123496	2.086908605457607	1.0179977717494875	2.4594016849066556	0.5331607204661512	1.445828743569626	0.9279750058259015	2.234786876718562	1.6251920946273237	2.0817796365956505	1.825766033726049	1.7158963041638857	1.2708840667411454	3.0698922752256648	1.2326276471421103	1.7725945632068796	0.4477340579497747	0.8902683835313087	2.6983989853019072	2.2349659138600777	3.02604368561984	0.5741129937056246	2.675581030882424	3.1912070835833033	0.8385639566469647	0.7877552201767367	1.6951278312894285	1.2738869741988113	0.8140885669403074	1.083943271456492	2.245962564424389	1.6314364538207258	0.6309251696346296	1.0066243050467694	0.8271216448804181	0.50847817548702	1.4963149384046728	1.7600056513471407
S104	1.3475236642595483	1.4800473544274642	1.6674759161235742	0.0	1.1005484458301609	2.4926546653706354	0.9611075533038386	1.0432589844966176	2.358619199961349	1.2807120223559965	1.9330441104966034	1.6997621312403675	0.7883992887755428	1.5667559872526409	2.1619980473821236	1.9376488387129227	1.5907193462002187	1.8316996320750671	1.5045296144183469	1.9183957813958032	1.6946119218371063	2.0767150039569104	1.8529492479490477	1.3844303058899343	1.7451019789318691	1.6659497974536268	2.1247247708656736	0.9554615060084215	1.4017982973517833	2.6904139362598003	2.8536133734345883	0.7561075876563814	1.856663278176273	1.9294355558490477	1.6357255676454654	0.9023163654042345	3.99414358033079	2.472240554682605	1.455285914470852	1.3779093163426983	0.5429316211755342	2.1355321160745255	1.8612256200451207	3.5211919970932994	1.7301429245301094	0.6276082979313307	1.6627421228862729	1.0478137016768856	1.5368092380087788	0.6015286849306003	1.9640488808479784	1.6101966117285436	2.084405540260402	1.9349584731221139	1.3093193110920407	1.1408094027255393	1.521375261767783	0.8482284088190744	1.2282444809980682	2.990762034147792	2.0967789500937886	1.0741971839199957	1.7721784520148185	1.0814934795514524	1.166830640381593	1.9454977173136445	1.8959375315289186	1.3562022805182823	2.561910202996549	1.0293833615196586	1.164475659547117	3.265254296014624	2.54264456186856	2.0340186867874785	2.4030077820820144	3.0842850701793876	1.537834952870528	3.2186322920006103	2.0583181107526776	2.2913781413528618	2.8932832616502377	1.3909317978658025	3.7270858670173626	1.1801421952216147	1.680618977332211	2.6509421070414665	0.9070054956193827	1.086545718709309	2.440552578784568	0.9675743657375354	1.1538539311518203	1.0253951862108714	1.6463461156873904	1.4219087444609193	1.1310856208781317	1.1377606046386428	1.620626273382062	2.1482903011572607	0.9335792751240791	1.6020064242053857
S105	1.8599737855443204	1.4399165995277912	2.1145991033606806	1.1005484458301609	0.0	1.9206943039549647	1.443648303573667	1.6842361802179182	2.1378160675154483	0.3110648438263992	2.7756854016018395	1.2742141247277927	0.4224991216646839	1.8547685086695211	2.5847465358771453	2.211464403601025	1.4519303338916003	2.555398598068641	1.9522477450116005	2.4850325950737426	2.1415042548680248	2.605500834479152	1.8427222054994135	1.078027220299437	2.279443518535607	2.26466803805069	2.587217795168527	0.5434256908336966	1.8088344551315676	3.0932495870701557	2.974373374653148	0.5407902265668918	1.729099445032594	2.2716009348190562	1.4600575476439608	1.5226218741374833	4.497686220873839	1.8944622032774068	2.059316360893692	1.6942628296761544	0.862043319554981	2.3039973924975325	2.2951185530632308	4.115198047133764	1.2055040845443272	1.2840985039634651	1.6811307858770914	1.264675601317221	1.8228589544064602	1.2796387519218242	2.5025493788461604	1.9251026347555102	2.556076149750841	2.2991556116264484	2.0416633975701406	1.7361868958860196	1.9367668919844903	1.1423084265241	1.5818754601132772	3.5171481084672855	2.798361381363657	1.5844202895662265	1.4553217092818478	1.139038276320973	1.5394049290329384	2.1115884532136295	2.520441621661186	1.687870938164657	3.0148814940780135	0.6254955295918038	1.3833926391404707	3.780403422095133	3.154779037482995	2.1780821573501488	2.7725910732626624	3.2288241938664988	2.1528710779066342	3.8324038054504013	2.4085239157515903	2.7141302405647916	3.2523479171203613	0.875838656638533	4.062444251594035	1.580344156848925	1.4420288957653045	2.175433884443985	1.5151318383552412	1.56362938502807	2.9678748720639185	1.073522101887422	1.6104536339761037	1.5664758119025246	1.6552729062472074	2.0361335397698572	1.6277028668998301	1.2517450328332165	2.3030701686272197	2.584199326501913	1.4336949312082037	1.7801720103166059
S106	3.6459321043096256	3.339985755571284	3.2995423147706227	2.4926546653706354	1.9206943039549647	0.0	2.981796102802163	2.847186327424216	1.076695272486931	1.6434893323958797	4.068834583846963	0.7989041332934133	2.2507922502913718	3.720524979378048	2.7663851596090945	2.369031425350717	1.2896667247130469	3.439257180750617	3.5505716789366635	3.345678988561981	3.898055245393987	3.279382056777065	1.3590788576469224	2.99356468122006	3.5979022727956744	3.7681375596602518	4.4398471036672165	1.6860081676539218	2.8563098007636287	3.2678446746231464	2.6602058173286807	2.2276211819547806	1.4934740435994351	2.2056683986444168	1.3837593506351853	2.9218122566560614	4.847840976944873	0.21206484639584391	3.086717104748113	2.258914673856321	2.5729664848288407	2.4016165711505852	3.3390829581887598	4.7375388951829756	0.7747419710088883	2.706029494972956	1.3988545192686694	2.1183640874416745	2.0996238855467526	2.721734827465335	2.975711779157471	2.435800216475247	3.2183440045766245	2.8234580322033995	3.219641350194263	3.0606989404319846	2.6658718071333123	2.3537735117433325	3.293545166050727	4.234672712124202	3.3522531133759026	2.852805549556757	0.7889956605976756	3.019502417304597	2.3510461253525454	4.023173247517134	3.5632643805649984	2.076919559545192	4.000623964661281	1.5269967634633288	1.8092260952897306	4.074146227471658	3.3893005653997537	2.140567136259245	3.1938384786889813	2.3033651685437873	2.6890900590658906	5.033704589023639	3.411787636977501	3.428731273773603	2.730847050408321	1.1784230824295632	3.6363995392440343	2.968830910780646	0.9063751602128267	0.5607813546916584	2.6676419150248147	2.5922404413122124	3.1772306219847355	2.073711660369888	2.5613519851012025	2.408196572563088	1.309939929201439	3.800484480098176	3.0728111745828244	2.850082748560594	3.7764498388055214	3.6142193136476086	2.0905929780906964	1.8173320224085765
S107	0.8754074950630147	1.1195896484511454	0.85912462770381	0.9611075533038386	1.443648303573667	2.981796102802163	0.0	0.6063413596000284	2.664802199687434	1.6034215801602083	1.3790057238841598	2.2695473152833006	1.0606696387418169	1.098524505924591	1.9946570575566116	1.8167489972491366	1.9007793977041831	1.390110214881242	0.600578848329279	1.3559123034462859	0.9914680033906611	1.599564698249562	2.1816000412634136	1.3146121093557968	0.8882791490690972	0.8325775693016292	1.6888391849124327	1.6150440028048747	0.8012106352359682	2.3646938843307814	2.6843745501271967	0.9083636164433712	1.9874080867990649	2.0317578270803938	1.8413387631512763	0.26463138097785777	3.4540331718261497	3.015215111569671	0.9132296861691401	1.276404889809387	0.6938140226516719	1.9372004256646653	1.1131714976737312	2.9271756905415156	2.2303407859080844	0.3930419784347506	2.0093460311631604	1.0219938070616053	1.570965842081293	0.3967464533742271	1.6953556973110857	1.3873938951533984	1.5843859664574464	1.5506441519033907	0.7739838354224795	0.41524041634933534	1.17118265975212	0.6724112388086559	0.4545396255757161	2.341877897212527	1.843984612267321	0.43648024591286005	2.3805190335893123	1.2362295242896006	1.0088479619117963	1.7512898199002545	1.239184118784439	1.4506323262965668	1.771400262790891	1.64978400211648	1.4360809561070103	2.8337582592572037	2.3580905551926232	1.9719239148964716	1.953704323889801	3.289293740420003	1.4644474582483034	2.422727250847405	1.2806460121988439	1.6839195544400891	3.0141972797552783	1.8142714094838512	3.5896393471725143	0.32484724526938524	2.2958930740646317	3.021069916809811	0.611889301043876	0.7522014399977657	2.2319298757939654	0.9637718600366288	0.8479378183599534	0.9933674420412648	2.0677569534189337	1.0367219518558446	0.2317715870541248	0.41454360714038213	0.8661755003164741	1.3658453620977513	1.2568152851136332	1.7697050146991162
S108	1.3909389345897203	1.7188955657838572	0.6889683147890976	1.0432589844966176	1.6842361802179182	2.847186327424216	0.6063413596000284	0.0	2.340152061341303	1.7631019618652903	1.2396541876714648	2.1564767442867634	1.366851974610565	1.6760493852153044	1.4238382941576821	1.3032862497974886	1.6284360294096993	0.8879072117089187	1.0054042690924367	0.8907709207076295	1.4790695664030409	1.0867210561839338	1.819293969104883	1.8555380903018426	0.8566102678301428	1.0224909785401741	2.1765425432414904	1.7048307477700446	0.4368316722468026	1.8225192402491628	2.1954028075264818	1.1674564407983377	1.6606576789958372	1.50001600301084	1.5725756410335305	0.35904559409819153	2.998883750795941	2.9031006809114372	0.41912898500302004	0.8133903252532706	1.050017757731196	1.4645184858331775	0.8367170614432982	2.5165997203956456	2.1381946401522134	0.5042500738069718	1.6630229589443313	0.7469253315027553	1.0955505399411933	0.5383332934018448	1.1128458081574584	0.8940630847698909	1.0906363614019359	1.044402011000784	0.38754681766284843	0.30910495006409494	0.6545789460478112	0.5843328008323013	1.0418101906457897	1.9589340304643135	1.2628643631428975	0.241548175056883	2.224542473583051	1.7313094377414449	0.5786759918495284	2.3208285663253547	0.8835321499257726	0.9918004671961224	1.5345460263502169	1.6808832585360909	1.0984571376876164	2.317947372487509	1.7635995373175484	1.5037195433690518	1.4615129870914285	2.779411421640072	0.8663248200218341	2.3098829196679174	1.0496245019887278	1.2659641856604067	2.4445552289627317	1.7566414437689208	3.022546231776834	0.4921520531108602	2.120156609899123	2.8025867989841284	0.19149270592193068	0.30218007333456814	1.644688219767973	0.8163041615699035	0.37442962879689523	0.5136196665210926	1.7418712316660687	1.4895514160248506	0.5036311441303595	0.8895706704355579	0.9859294909276307	1.1233015367850507	0.88375416430102	1.3422896740566668
S109	3.470059669737758	3.3520662594212918	2.7216962914112655	2.358619199961349	2.1378160675154483	1.076695272486931	2.664802199687434	2.340152061341303	0.0	1.8804603872800256	3.4955841357868023	1.131663934418316	2.3147892899840294	3.6266147416876318	1.819029715983673	1.4674166456280835	0.7888926091882099	2.7039759948435416	3.198075202832252	2.5958707264165386	3.6511286929250506	2.455529357689026	0.5752714831701642	3.140809975139547	3.055874258002686	3.3256575698134765	4.304780655053202	1.9050837735234796	2.274171138334189	2.274524587108734	1.6201381344592354	2.1892093207072336	0.7323219392559573	1.2801015578323056	0.8335324226666204	2.5348643709175613	3.8438030300687163	1.2457703500598973	2.4560558444069884	1.58068370550533	2.489406659530905	1.4815594321535526	2.68448495919572	3.8051157730132457	1.1156878584780603	2.392985081805054	0.7379591150051336	1.650930710479179	1.3334432017666333	2.421340060747083	2.1127586007825108	1.6777987094646887	2.397139126165852	1.9979515700437958	2.6606646185668414	2.5977881889358763	1.9605989934846773	1.9933056110088903	3.0609679760383255	3.3598328466395437	2.500547843772166	2.3930750399714995	1.0677742850236698	3.1340150666805773	1.773898551004087	4.092714996174284	2.876580903625936	1.3903014085519	3.260950751110676	1.7069963911930357	1.2930834006252099	3.0737237266038813	2.426049742297242	1.2081684312060261	2.288500372081764	1.3054830544145595	1.9256053294651716	4.326368323736846	2.741869197217712	2.6142099317642353	1.69902720983675	1.2747414289094205	2.5608658081670184	2.557184758883201	1.0536634817247563	0.6723508136699786	2.197361021039775	2.061727277450987	2.2074555521620387	1.707818136843261	1.9967068232384677	1.8513155885649208	0.7512138820070688	3.612726460605798	2.678152744771807	2.6073440980161857	3.318428426555506	2.92592465901779	1.6063001459233341	1.044545017639915
S110	2.1149988465735157	1.7033067905368733	2.181444950212353	1.2807120223559965	0.3110648438263992	1.6434893323958797	1.6034215801602083	1.7631019618652903	1.8804603872800256	0.0	2.921301679333788	1.047884791764305	0.6807362573480131	2.1210290462731427	2.494319798331861	2.09425493277255	1.2444981382964924	2.6015947233196375	2.127040896562588	2.5060416216932366	2.3710985608417032	2.592733844408973	1.6412841012715538	1.3581144056387684	2.3881868344870667	2.428442508147804	2.8630832163345126	0.575091902795522	1.8376733577356366	3.0026230550939728	2.797611395787892	0.7155251379109611	1.5149607585369118	2.1468659407393456	1.247676815721094	1.6558017802452112	4.450227914873996	1.633247945227654	2.110364047464264	1.6267544017811209	1.091830863735283	2.1665964181804904	2.3327608414321084	4.115194418036004	0.9492747694322493	1.4271727227354851	1.4962729095304979	1.2245469827241275	1.7178061103727074	1.4310029543709881	2.461908781805272	1.8525878532086526	2.533782308260759	2.239865381220611	2.139052653786179	1.8484438455909586	1.910014108456668	1.1885386323527696	1.7880947476478355	3.519283280918017	2.794639983985796	1.6719293704331333	1.244994908664652	1.4470053475203497	1.5156829103208007	2.409793743582568	2.5822859948242316	1.6019938161445133	3.0508396011400314	0.561124403244364	1.286557881201104	3.7234297792840514	3.101936811093254	2.0230982930243187	2.7052867923465085	3.0232580994327853	2.1290495321157334	3.934441408936496	2.430488872592948	2.6960430004090754	3.100039137608929	0.6325719331667686	3.9101206262641104	1.6873875748917055	1.2461797849099283	1.8836592746735787	1.5861463867436834	1.593525203790057	2.8981671703927585	1.0451804301845717	1.623215418760728	1.57100520544918	1.471229469881522	2.2964060361144223	1.7609369970247526	1.3954089056435377	2.468704658859156	2.62260106091061	1.409987292304971	1.6372180643984804
S111	1.508460011571233	2.2166893847887534	1.1258409983377313	1.9330441104966034	2.7756854016018395	4.068834583846963	1.3790057238841598	1.2396541876714648	3.4955841357868023	2.921301679333788	0.0	3.3567387508886317	2.385125168884655	1.8571852567894294	2.1111913033418115	2.228935303833737	2.8325496064102476	0.9642855402944994	1.1693308469084707	1.175838651334843	1.3998859975997369	1.4437828436062468	2.9580052907462213	2.551657097578082	0.8642503440939309	0.7941234299159529	1.9025057706331687	2.8118407342510987	1.3944146852434678	2.2589306446691064	2.9794830545934436	2.2394597528281417	2.8315071147019104	2.421606593812285	2.7827499168296113	1.26844462654881	2.7925763413112312	4.117430020866973	1.0956602828207398	1.9360053440692404	1.9625360978240354	2.3775303346724033	1.2126262014427385	2.1072896141944626	3.3564607448263817	1.5029603425986473	2.81702264518211	1.982510502608429	2.1741949273279992	1.5056411541497794	1.6840782074722405	1.9040378107291875	1.5246168685004504	1.791537448435495	0.8647119809381778	1.1098791426681052	1.615785313930072	1.7961978889774624	1.4895195424551644	1.7161764764110765	1.473646218438735	1.3119373891892137	3.4064120805785376	2.360580447713815	1.7693559934652872	2.4772132188527594	0.8633667721145232	2.1062904899441257	1.35702845409212	2.8295300033084367	2.282171910410975	2.335891017407574	2.0379631327371546	2.4996700718393585	1.9424876714667654	3.648706202515992	1.6558467835298274	1.4343996769021745	1.3894885412572457	1.5596878755851102	3.1330048888471453	2.979569445673241	3.4709071303226504	1.34416559984783	3.2926387973543907	4.0110936225930045	1.4165449592600112	1.5167742665392938	2.069900285034244	2.053052077238713	1.5588301901682982	1.675476971641873	2.8946195301235287	1.450055257975759	1.229713018244165	1.7356843714307908	0.6389210842427264	1.2258266892568963	2.012180354928187	2.454582948598861
S112	2.9001123142798986	2.666336722547855	2.6810116557328696	1.6997621312403675	1.2742141247277927	0.7989041332934133	2.2695473152833006	2.1564767442867634	1.131663934418316	1.047884791764305	3.3567387508886317	0.0	1.5423042787588659	3.0026010848504585	2.3471945153766245	1.9562369290369197	0.8126540518019558	2.8170587690094413	2.8579377306432807	2.7675656293480055	3.1790206136271704	2.7500706243307427	1.0261063362196414	2.342689387601301	2.944805847235223	3.0677083741073816	3.695877773538397	0.9371024801377199	2.242481898662496	2.9085938213453124	2.508518314780346	1.5202636458232937	1.1794470702717814	1.7989762981158763	0.9539316347282711	2.2037284459023523	4.484841407785542	0.7810398434106866	2.4465952606998305	1.6925459327479409	1.8255504370831004	2.0567201079203246	2.757088514872497	4.268667311701908	0.18981352595939432	1.9652776095676674	0.9547633232623156	1.475665608554961	1.58641670434177	1.9763678433691014	2.4639117972311446	1.9188933089467584	2.705016008600565	2.3412902381883267	2.5297779529323394	2.3673920318621744	2.0977364182612077	1.6673494412619736	2.5872456372293233	3.746981804175086	2.7996364804280356	2.172437726940339	0.21363588782998946	2.30011486817771	1.726623934231359	3.314870585501069	2.9425466529113926	1.5060600350513926	3.460411986335289	0.765138827886768	1.1743590959521777	3.6917635354655425	2.9449685914647503	1.8022712324335297	2.7734932670828716	2.3139879920538253	2.104209572427945	4.423114979612889	2.8668930655807183	2.9333731800209275	2.542170764623037	0.518425986731392	3.5053201918746564	2.2985597767916026	0.2813891541933911	1.0775907677888255	1.969193711551807	1.9350566784333998	2.753889129666883	1.4138533836620417	1.9199636461570724	1.7418421530449453	0.8411048914669037	3.0393280443400115	2.3791810463518988	2.187257736801946	3.063068603267671	3.050626247994778	1.3967502493395791	1.343575739090806
S113	1.4498624321004765	1.1298437741732834	1.8046001704403405	0.7883992887755428	0.4224991216646839	2.2507922502913718	1.0606696387418169	1.366851974610565	2.3147892899840294	0.6807362573480131	2.385125168884655	1.5423042787588659	0.0	1.480457752569054	2.4492449464695114	2.121150985326483	1.5610428616418417	2.253369828333803	1.567606136125413	2.2090414243138907	1.7431808523266898	2.3656423163536235	1.9340299271510102	0.8610909674954916	1.9280702744295226	1.872905396913422	2.2019631339809917	0.7135153876570223	1.5427223183029264	2.9436243450486272	2.952703508414181	0.23463969788837347	1.8111944056412954	2.2088316929848504	1.5583548165638184	1.155852615614423	4.279076320724551	2.234283676814546	1.7596539345804432	1.5567214347553864	0.4445213113441321	2.236193733795778	2.0105905080123834	3.8450924953595127	1.4957598229562967	0.9187528528803011	1.7552820620970826	1.12029473743012	1.7380601218949623	0.9074570104444007	2.302376831910971	1.7803853644018126	2.328431030310582	2.123388607316879	1.6968418819892048	1.3836668595481083	1.7314608588887423	0.8940074551258029	1.1892323633053985	3.250902128025648	2.5528693068152593	1.2607315372625763	1.6976058720725116	0.8377536438357152	1.3516339892480937	1.8039610386387892	2.201796772931685	1.5882477569290143	2.72541785889933	0.8153418363963946	1.3328283216137213	3.5786690352090287	2.964829535862825	2.1441174870539395	2.5968501944712648	3.2864196124732628	1.9511163655826202	3.4766444037181077	2.1442861223358984	2.4807726804698964	3.2182236528654156	1.1170744271797648	3.9957119059997623	1.2441590885625946	1.6544765553388845	2.4562200985678886	1.214339119337535	1.3058125921240027	2.7986129332752085	0.9332879111113753	1.3711442242744079	1.350014345298587	1.7474090274126977	1.6220479699171158	1.2631119598308997	0.9205745269566019	1.905102567109709	2.2964167650061453	1.2912640791825722	1.7613770851864663
S114	0.3943388697554165	0.5448965779666294	1.7433484852096597	1.5667559872526409	1.8547685086695211	3.720524979378048	1.098524505924591	1.6760493852153044	3.6266147416876318	2.1210290462731427	1.8571852567894294	3.0026010848504585	1.480457752569054	0.0	3.0846919275859186	2.9130575597087627	2.8458601615297123	2.317981826589808	0.9319807451566555	2.3190061201590613	0.5467060613776207	2.6030373062956476	3.1723998480940945	0.9919288361761226	1.5762507129632395	1.2137554935115236	0.7674035703640945	2.146316681484881	1.8595909348809854	3.4164332227034926	3.7650017651480727	1.4992768605836058	2.9896401682888722	3.116954665747818	2.802143708601397	1.3234108596195653	4.316255147147198	3.713019264713703	1.930495233430269	2.3649796900122713	1.1973744723643482	3.0207260013417794	2.01431416706718	3.7057231000296524	2.9607070582052786	1.3562699998123022	2.9904890105639264	2.0552844393569414	2.6514689889137446	1.3291221684164776	2.7597188719718027	2.4825816585544485	2.5952463633849354	2.620705784442329	1.7098894535373168	1.4334665841185277	2.2618049000434937	1.6863769910694872	0.6799285363278921	3.1479615711397666	2.8382396083776205	1.5257527410847682	3.14029669937825	0.9449070334028633	2.0959758027635687	0.722154763442837	2.094220602221335	2.518588296886359	2.487976014793095	2.266276439571763	2.4369161167275033	3.7927658254914545	3.390438854576463	3.0559756694784728	2.981665796571991	4.365239065140433	2.535160749597116	2.7753386510866034	2.137752103569164	2.6331915780771586	4.102672608738556	2.5595259137853605	4.671018442675233	1.347458841728966	3.077234601206046	3.8716146852784874	1.6914043553112827	1.8498668392375746	3.291284518384973	1.9423839498407798	1.9460354247949476	2.066052375505096	3.0204118909496414	0.555807226892707	1.2340248052233755	1.1168348885775778	1.2850866923428141	2.173640611688844	2.253525740197497	2.8203028608767204
S115	2.809294775531281	3.0689818565790725	1.5492788564770918	2.1619980473821236	2.5847465358771453	2.7663851596090945	1.9946570575566116	1.4238382941576821	1.819029715983673	2.494319798331861	2.1111913033418115	2.3471945153766245	2.4492449464695114	3.0846919275859186	0.0	0.44549107314313985	1.5579219825414892	1.153512955901589	2.306270109700029	1.061524535819207	2.838657705772838	0.8033290170775201	1.4347943362712767	3.1307795364315227	1.843629073406894	2.2236712105407572	3.5662729504965385	2.4652804215932638	1.2664655921830703	0.6086383244588034	0.9403909890729618	2.2293707291596463	1.3228273487126614	0.6359493136228912	1.4841463824116097	1.7751664199875492	2.16400904302395	2.89405292019771	1.2178945861460644	0.8970613855286179	2.3020610327485236	0.5742659265428781	1.3807895149985263	2.0180714246632094	2.3389528660282357	1.8399512545581806	1.4227967041511023	1.3353746599558176	0.8004941449095336	1.8781799851041934	0.4285633632400916	0.7029414039088253	0.7943237639530065	0.5810734488401774	1.4944356085388295	1.66359144529295	0.8401860079309987	1.5973593307978542	2.421437935265218	1.6258772061538656	0.7959431098422695	1.5614137431548143	2.3299506132861105	3.0524601157322153	1.1101896012841772	3.7372132979328176	1.4019650837140152	0.9389600550675707	1.7270215287450577	2.3334851864862447	1.2973250781057684	1.3515550536188337	0.7013063567734976	0.6832750331491771	0.66614508773223	1.6165260937559514	0.6821853154204114	2.7019134755048135	1.444067410770552	1.0420190842705463	1.1641175909756127	2.130710636383504	1.6065174609037867	1.7651479653180233	2.2245199466928582	2.4652616840925154	1.43830892272711	1.2673642998991597	0.43724106245563443	1.5317723018348357	1.1739018343831518	1.1567224664603983	1.5598466959197164	2.897168692241561	1.8579425942335726	2.1321284853598277	2.1798613069842707	1.51548326805459	1.3198580553014765	1.0036261543368572
S116	2.6733360258043612	2.82570341145707	1.5000246530031582	1.9376488387129227	2.211464403601025	2.369031425350717	1.8167489972491366	1.3032862497974886	1.4674166456280835	2.09425493277255	2.228935303833737	1.9562369290369197	2.121150985326483	2.9130575597087627	0.44549107314313985	0.0	1.1512874277475806	1.3278334233268254	2.199993353300416	1.1845127509686122	2.7323839621678783	0.9983566487950134	1.0810809933096854	2.8371353302701046	1.833036115001146	2.195050645646799	3.4681515411907458	2.1099320425169092	1.1280534981864192	0.9578818468215294	0.9312356426653083	1.902720163407568	0.8962350145676908	0.4766866580640077	1.0561876767485971	1.622391911554134	2.529337603640094	2.49980697243456	1.2016624112964658	0.5865972924262125	2.03725837886857	0.28206787128115685	1.3783268743545325	2.372475388409205	1.930653475312978	1.6417950811219122	1.0589989985154444	1.0047177646998107	0.4464460190744688	1.6817629903078326	0.6761699642961793	0.4339671351808288	0.9463105860481243	0.5711520593032265	1.483948843981698	1.553814987379114	0.6994824213085915	1.3155516485362322	2.248073129674918	1.908312729233869	1.122382760533719	1.4028598686087483	1.9583129286518268	2.79304637609305	0.8445695010104759	3.542504996874151	1.5074372421489384	0.6204883803921944	1.8607930769392738	1.9662459626464641	0.9499892005816375	1.7418784167988397	1.1417496824962492	0.29249938227325306	0.8671971007006538	1.574308888998898	0.7068259371490264	2.9014155348216297	1.4393069074585345	1.1843612141607676	1.3058291921285698	1.7191993423463756	1.8781096041395955	1.5968086422152625	1.8618238318828995	2.084016655413204	1.2665738834377742	1.0715820963720468	0.8823862898717946	1.1902115227098367	0.9742146668758764	0.9477690131134225	1.2092498193278556	2.7890011887323043	1.7132054908622225	1.8891874704015963	2.1732095174076322	1.5729030568601536	1.0621923072226362	0.6327519798243582
S117	2.686153370762306	2.589206186573751	2.079135744944033	1.5907193462002187	1.4519303338916003	1.2896667247130469	1.9007793977041831	1.6284360294096993	0.7888926091882099	1.2444981382964924	2.8325496064102476	0.8126540518019558	1.5610428616418417	2.8458601615297123	1.5579219825414892	1.1512874277475806	0.0	2.151996802642706	2.4570448320248035	2.0633892118234725	2.884319880614368	2.001830287775907	0.40679831509826214	2.3994408536601983	2.387153805288293	2.6060015444092324	3.520189222039665	1.2372678165642814	1.6225010102582824	2.102282354372177	1.7357639470958743	1.4215914594128027	0.41137524182310736	1.0520394907246509	0.1990726045326386	1.7813099497538472	3.678996194253557	1.3896933874936235	1.8207962736368277	0.9742164598413112	1.703660074308867	1.2448975717640052	2.097683785643949	3.491861533165643	0.7847153352132641	1.6180768443974767	0.2893286586369605	0.9114064679150251	0.8207252429448368	1.6445021298946658	1.7061459460423423	1.160937389351125	1.9492953210707882	1.5666744105532764	1.9803653520980227	1.8743553681124516	1.3872402044358538	1.2296035241217116	2.2928784652143683	2.981791093610419	2.0852142118953707	1.6680305176635077	0.8379555592046398	2.3686248754252825	1.092545601666319	3.3150433733560476	2.289117543586447	0.7915473387732355	2.7577202995982617	1.0467308877201777	0.5662564295620345	2.891946973166378	2.1933280907310104	0.9920372746372366	1.9758438807098742	1.7807777655109414	1.4149286546060462	3.7725532872450307	2.1909766793354026	2.178157984051235	1.892839429870924	0.6754614893630742	2.7692451028131186	1.8284560953883808	0.7643302255395747	1.1841228313382495	1.4662614930156896	1.3597472805803927	1.9786670816945964	0.944073439073498	1.312924438462555	1.1576319748558441	0.3401440214155747	2.8288396459372853	1.9371928116172161	1.8574787159544455	2.599678972784239	2.3735558516974242	0.8971188649208057	0.5677665792909948
S118	1.989694849445614	2.4863039303634342	0.8559949624822718	1.8316996320750671	2.555398598068641	3.439257180750617	1.390110214881242	0.8879072117089187	2.7039759948435416	2.6015947233196375	0.9642855402944994	2.8170587690094413	2.253369828333803	2.317981826589808	1.153512955901589	1.3278334233268254	2.151996802642706	0.0	1.4827215328011456	0.3871507485855664	1.9512763973465668	0.54212979847763	2.197423467928254	2.7004717028845797	0.9457211288713073	1.2540526931952352	2.6247411807428556	2.5241296635862747	0.8841848543748654	1.3248955109994518	2.0305399858085194	2.0508660243936716	2.0649607500863336	1.5407587460181102	2.0876625624816136	1.173170179287092	2.2205250937453145	3.5218671266238744	0.537306324728022	1.1997202466957895	1.9252298279304498	1.476857854193222	0.7632523736420206	1.6982320362584766	2.8129370800982505	1.3710558456977284	2.0921754442578537	1.4305970130373378	1.378534390774575	1.3975792862463352	0.7256173428144486	1.0904130206715013	0.6511352902334725	0.9065092681750954	0.6346874463611317	0.977313134977193	0.8488450515140165	1.4231487719239801	1.7265609389959584	1.2309314661901989	0.575067877666198	1.0426401492711779	2.8420476609720824	2.5607035792001387	1.1461495710941494	2.9935343903390956	0.4312249856165953	1.3683360778996585	1.076297737823973	2.474224514695845	1.6487066763270735	1.576172206430211	1.1407003566722396	1.6146876664223466	1.0482724873838494	2.7234008305930675	0.8222137792584295	1.7738051858980906	0.9463973534074435	0.8122496762452116	2.2061724893113577	2.480419595468064	2.5430996654444558	1.2030430264842193	2.7252560563405233	3.2826418480641575	1.0441649838853582	1.0115997343209373	1.1223702859197002	1.5764288524045864	0.9910366010274307	1.091585121827415	2.197115709755558	2.021493198705529	1.2010187201198568	1.6802567851056864	1.166019431881885	0.8552794708983366	1.4501305013789683	1.6759136259171068
S119	0.7375426126834393	1.1552414382798406	0.8404739652887283	1.5045296144183469	1.9522477450116005	3.5505716789366635	0.600578848329279	1.0054042690924367	3.198075202832252	2.127040896562588	1.1693308469084707	2.8579377306432807	1.567606136125413	0.9319807451566555	2.306270109700029	2.199993353300416	2.4570448320248035	1.4827215328011456	0.0	1.4312335601120458	0.5619652581397958	1.7250901005511414	2.724978412657137	1.5324793367007203	0.6497937978190237	0.3968812039773568	1.3548653136504025	2.1868787862453054	1.0766682701413792	2.5555406572856185	3.0016958053469387	1.444886527749316	2.4926152115132334	2.4759471586150164	2.3770013944168844	0.7532389648428712	3.388000870269645	3.590962539626987	1.111717313507978	1.7323854133675638	1.2096569230645455	2.287884477716227	1.1039619634294093	2.7926907325088175	2.8083654912584266	0.9739063080430812	2.5620700833943935	1.5573793379859444	2.041820503878698	0.9730698001693465	1.9518059897637057	1.7716211741443348	1.7156905633063673	1.8054778205901139	0.9421325722179288	0.6987831281140602	1.50734466463789	1.2349793703333332	0.43194186224412895	2.2205679922782524	2.0287794707510036	0.8457574478123383	2.974399068131713	1.5096686079700514	1.4855449917643186	1.6528117571931116	1.194076776831827	1.9488898271054411	1.5636037235133202	2.233256558451672	1.9931693176105798	2.8817521664052506	2.5718699342382547	2.3856016914643408	2.107643554085829	3.740615380708726	1.8365911441953096	2.0062236108154226	1.227774507825044	1.7222051538297043	3.4069677559251788	2.3875239065573135	3.8423375120976657	0.6453196356770993	2.891516475277608	3.5678688116717416	1.101959397955521	1.204227482386924	2.4698221927957764	1.5187146694645415	1.2865137473099517	1.4891637348277968	2.634174797797513	0.8810769689170903	0.5368820567740615	0.7547257699603412	0.5331249264494741	1.2438760116446999	1.8122176314873362	2.277796018122803
S120	2.0349053249613407	2.4341300284683247	0.650881210282324	1.9183957813958032	2.4850325950737426	3.345678988561981	1.3559123034462859	0.8907709207076295	2.5958707264165386	2.5060416216932366	1.175838651334843	2.7675656293480055	2.2090414243138907	2.3190061201590613	1.061524535819207	1.1845127509686122	2.0633892118234725	0.3871507485855664	1.4312335601120458	0.0	1.954143808889614	0.3101245393097532	2.1318768925968783	2.6480760176466194	0.8491164704675392	1.2580311912672715	2.6892114237091977	2.5135792063805975	0.6968609902034758	1.1698300969075763	1.8333902345923234	1.990619239775776	1.9228711845836588	1.5046006167910506	1.9662760458435022	1.1737354513460505	2.115798268520813	3.4443910487942704	0.4744469956289739	1.0908062863918575	1.9226283277167113	1.2691622812580963	0.4627538973316818	1.640536186596745	2.7385115342650157	1.3889602286195817	2.036186808238335	1.3371736107996313	1.2963722246679255	1.4225859323710466	0.6644635613093975	0.9274525610773273	0.35430806563492184	0.6595293127659365	0.7247407951475674	0.9519091462637427	0.6813169932981705	1.3466174781272244	1.6850621936058383	1.0792523501498446	0.7357338463712019	0.9760708167605937	2.8108803341113706	2.577743703692167	1.0543696564587568	3.0211271710583403	0.35106192751523796	1.3167210997979284	0.8305453672270416	2.4510790755653353	1.6092298180371953	1.4856354822263957	1.1956210420671234	1.4564709088394296	0.7840130515677426	2.669168410862024	0.8803839558308194	1.7462447230380949	0.6015763686862071	0.46473915605510313	2.20143244876571	2.3973032851743312	2.458841671094102	1.0978819405639275	2.7037305058132426	3.1598581769523277	1.0380674860982666	0.9370998336064029	1.095323331335349	1.4792097096821553	0.9040075998984084	1.0841024822066572	2.1590214462800614	2.1077387694341208	1.145557430792219	1.5633164237324133	1.2241023429565314	0.5559757480649768	1.4787077602557797	1.6036269205531903
S121	0.4397708374243478	0.9892316128987241	1.3937933335402586	1.6946119218371063	2.1415042548680248	3.898055245393987	0.9914680033906611	1.4790695664030409	3.6511286929250506	2.3710985608417032	1.3998859975997369	3.1790206136271704	1.7431808523266898	0.5467060613776207	2.838657705772838	2.7323839621678783	2.884319880614368	1.9512763973465668	0.5619652581397958	1.954143808889614	0.0	2.2557559792521293	3.1726411011788502	1.448003812927969	1.1487654647574992	0.7392883776438788	0.7987511401372205	2.3974045913225983	1.6222895892042717	3.0993891596608703	3.555893196182491	1.690790246928337	2.9685669454693095	2.9748906822052565	2.822653182845376	1.175128024404682	3.8595539054237573	3.91442466620155	1.6307658437707593	2.2357525572705215	1.3867948521682314	2.833790391381737	1.6512406244456426	3.222072534311323	3.137317521548152	1.319777536456528	2.9989701758040366	2.011960915896643	2.5376358198260887	1.3021995245276714	2.4750458056466615	2.3022534948053477	2.257786584915546	2.3572444039214306	1.4030324007415913	1.1916870893238674	2.042602949411211	1.6595673604902652	0.6108508933858462	2.685871702352902	2.506399858819662	1.341472176385355	3.3022116122334966	1.3926867167608539	1.9760842578674591	1.2065212811056654	1.6837629471590747	2.425342082244401	2.0278044266618376	2.4849252446983643	2.4239093224555726	3.388172951098263	3.0698688769389206	2.9135734030337996	2.659467725586945	4.247656759205308	2.3226464378358225	2.231381092320249	1.7699925549280844	2.262183703479204	3.9150990320250783	2.720899512555336	4.383552334984052	1.156686817644247	3.2247497075123888	3.9771518596705713	1.5546521924319894	1.6971860802786545	2.989891507044912	1.9446562051118101	1.7872684553268279	1.949376827532316	3.0518932649353707	0.5351051653467107	1.0258482147404562	1.1115929902971649	0.8259870204002274	1.7604003462524025	2.2197797039841527	2.754296467812422
