	S001	S002	S003	S004	S005	S006	S007	S008	S009	S010	S011	S012	S013	S014	S015	S016	S017	S018	S019	S020	S021	S022	S023	S024	S025	S026	S027	S028	S029	S030	S031	S032	S033	S034	S035	S036	S037	S038	S039	S040	S041	S042	S043	S044	S045	S046	S047	S048	S049	S050	S051	S052	S053	S054	S055	S056	S057	S058	S059	S060	S061	S062	S063	S064	S065	S066	S067	S068	S069	S070	S071	S072	S073	S074	S075	S076	S077	S078	S079	S080	S081	S082	S083	S084	S085	S086	S087	S088	S089	S090	S091	S092	S093	S094	S095	S096	S097	S098	S099	S100
S001	0.0	3.487510178170155	2.1948920651600288	4.341674859755505	4.004486728888721	4.37344541041478	2.6498858731116908	2.809720026887435	5.432663410858274	3.457355290669645	2.1693364311090795	3.6823841332312606	2.2852755869848598	2.7365641010333355	3.8888840677540006	3.8457389786329745	3.97268014040778	3.104794212870778	2.6651873186552035	4.093468243368344	2.953662791172927	3.7029278560846537	4.227147480037961	2.819235424486126	2.835427835787632	2.480855652669766	3.5561249951437865	4.318005167073419	4.221958510555269	3.855312843934676	3.1114908503789347	1.9044496865417317	3.176289384187819	4.051057871332864	3.7928324455100904	1.0129168225099119	3.2274400785875477	5.100114907244871	2.041714913220635	3.381739211393668	2.1965478004698844	3.903273092263839	2.137658474250816	3.056902019378704	4.862719958248548	0.969085913020977	4.183170424285465	3.4954865890213602	3.822097571002286	3.261622901919804	2.7211841716881775	2.9863920342846044	3.3898473222480003	3.4535117289497257	1.1477932932160406	2.841394680522716	3.803060981007033	4.844308305980275	1.8742421335068922	3.124296663005489	3.1596678990537357	3.051517708951023	3.40921690926767	3.527592237514536	2.9458430314443476	2.574148838280889	4.238095109311249	3.0978865749945754	1.7971953149481767	4.561736549844446	3.347003640854114	4.51443625946318	3.1377866380592767	3.282825758994216	3.5903223634485326	5.027407809309227	3.118486994042346	3.936044913255481	2.64308841634811	1.746198509859962	2.9317737888533597	2.9796880123079794	5.188379106870604	2.5376623292086995	2.5463834502887366	3.779269243805033	2.760175922958447	2.228361601121853	4.604503138393065	2.609916562992465	1.9139605223982608	3.3515129403329698	2.877214155752384	4.427014577441726	3.505413312318618	1.5584350025252656	1.1850269499665076	3.251331641605602	3.42755397632222	4.077045127925376
S002	3.487510178170155	0.0	2.6523767892809156	1.6798905734257783	2.2283350640580046	3.2483793481287875	1.3326035718121976	1.0358300563593474	3.1694683736782316	1.305538106180904	1.4464621241929019	2.546713171935858	2.7422059073987457	0.96484094055233	2.8006939875645083	2.868194122728554	2.8733566608851775	2.0576112454976943	1.2563033448979342	3.056552371007798	0.5872293101350718	3.232125857601279	2.6556086598703876	1.636964108889608	1.1880328072200605	1.6061992956661864	1.9170281853297761	2.377104331816386	1.89158721669878	3.0842644546585913	5.016210046059193	1.6821916320388908	3.0146694660183817	2.609359029639611	2.8967603688667647	2.9057327814059075	4.090986066569957	3.3824151935504494	1.9025227560436007	2.335052826932707	1.4525587176747132	2.9160209150853578	2.622038828188958	3.322010769481949	2.430802174982689	2.86857245745877	2.9134281632335606	2.9093964958464094	2.3500152815205295	1.5096163239337805	2.9706171769965857	3.062339141094612	3.1284972394760033	2.313569432393766	2.618466564346861	1.7807807563531597	2.033393553881067	2.111018929255949	1.7005464530008363	3.450943058002072	2.870122395646775	1.5956803613508428	2.974768163201957	0.43327141468101	1.8559733957315532	1.8399068880365779	1.9967842530645459	2.6760597864811446	3.810728791178076	2.6493785799346936	2.34471168742173	3.2599085757708464	4.288031631648244	3.005708502114371	2.6658408239424363	4.128370138500714	2.4912555194289414	2.2919175965193452	2.1933381021963103	4.138538402512523	4.503868846765176	3.0982799991244137	4.2749454389089525	1.7947311387704932	3.423272368706518	4.141088715344801	2.442253882480433	2.2090924199082416	2.7734260070372723	2.5709965065843945	2.7912924880400083	2.256126781429755	3.2152201911075053	1.177686172845865	2.076844827820246	2.3861159782392756	2.389697534017684	2.5241548023839226	2.2753759765406367	2.7271438962927044
S003	2.1948920651600288	2.6523767892809156	0.0	2.8463776982158673	3.1347280441238703	2.8910490137182614	1.5889147686775447	1.8230433203695229	3.651281717445013	2.191193699452634	1.482889746796077	2.360878552478573	2.280792314899281	2.5365283382155934	1.8271637351705738	2.3068505146506193	2.693056073856322	1.167703526116061	1.4676679174913623	2.0138615690862958	2.223234038707503	1.6223737048141298	2.5094214250549203	2.84633607531972	1.6004466721451425	1.1136452092288374	2.989697780846782	3.7859325937345316	2.5300765391330406	1.7823729775633315	2.3655965826018264	1.652034951405645	1.6734791078513378	2.082300891827787	1.9539985250880973	1.2878815111094162	1.6685350761678033	3.9154144689332218	0.9216448874123246	1.3274549874227113	1.7749542738551685	2.043338578779876	0.5738976005337436	1.010557678952681	3.1046954730354224	1.5423123113196917	2.4061572646893623	1.56863319276702	2.139091900020194	1.7634514795773562	1.063297840845288	1.8741196507702174	1.2912421569464452	1.3741250644864849	1.2493042703451187	1.2571007026036607	1.9384828660097626	3.0504731834978607	1.4145898511722363	1.1085945121421579	0.9848333887192909	1.6323151139319765	1.2758959976225945	2.7941358560601803	1.0729913782704803	2.9592593681848602	2.3472874664918475	1.2482855238694408	1.6296774832440895	3.6454661533469825	2.274173289580996	2.327959851583591	1.693685476307305	1.1336405642877427	1.62133593750864	2.9118790590690686	1.088472157326926	2.2962082879875045	0.7947296111338467	2.0277187949735587	2.238864101230324	2.0768296502686003	3.0255332808745807	1.4443661979388032	2.331513300068855	3.437606624604195	0.7529207453540137	0.663484167100676	2.5916277877968756	1.029516212056232	1.4051280585126626	2.6993532953147943	1.9566110184389114	3.3937578808304307	1.9203697299454783	2.1247947432689736	1.521640578194311	1.255624223359461	2.420661093784261	1.97441645591225
S004	4.341674859755505	1.6798905734257783	2.8463776982158673	0.0	3.3628191069741926	3.701427017737634	2.3087291528737155	2.1413413804296217	3.0763452661146027	2.1820410455838	2.4582830459655574	3.2415531091193657	3.962296565296719	2.428861863549515	2.605829931113707	3.3218874859859078	3.5616974770929835	2.1579130739218413	1.7269787062778643	2.059288158797578	1.7828134725605584	2.4876025108475055	2.886498501749871	3.254012186977459	2.014543852064512	2.2315480493467854	1.8095170584821516	3.7404386219029258	1.9959196465199802	2.8942836252400457	5.007825732687799	2.8235469787999627	3.4675792370064693	2.4940519607258427	3.0421487545120516	3.4736694250396867	4.1009240828811615	4.106431001207321	2.5887575558798117	2.233028819487009	2.6797751161169336	3.019788840349319	2.6872037234134227	3.0339663067294063	2.333442766016591	3.7706689713709265	3.079229966727224	2.1345523971188864	2.6831938976904093	1.1312389372909424	3.31601403989809	3.7501403872760517	2.57270403984231	2.0861753912502534	3.434338536684273	2.302305585091133	2.0156674986383036	1.3321288495317767	2.679573017352089	3.2379474995812196	2.5182249666772147	2.288589019507836	2.799126348762124	1.5978551929576255	1.8898943701540052	2.947298381481284	1.4459572954939464	2.9216702140266078	4.404707116735945	3.6920864449030946	3.25813296975008	2.439633434990622	4.085578162645663	2.8246977698060145	2.693922130917471	3.578533433041778	2.559988650307523	1.0793757323602655	2.0945683162201982	4.7957823804910396	4.920425964866239	3.9056242693922427	3.525522237769312	2.69079511216372	4.419591398395632	5.1725173962169615	2.231849716810224	2.7165344253214716	2.3694767215887644	3.052502928680656	3.645935014425132	3.483960392586027	3.961353616520102	1.1374502924175682	1.223731430837549	3.656792451035152	3.1659738137685336	1.9553501143696044	3.2586262052710095	2.328870912611407
S005	4.004486728888721	2.2283350640580046	3.1347280441238703	3.3628191069741926	0.0	1.7241986685469164	1.794779244939744	1.7837583592682764	2.3365159396853015	1.2794097475401576	2.263746726938845	1.1949561213896964	1.9690517039950821	2.4922218471007462	2.6002413763011485	1.6811199312462315	1.2448531440293404	2.3541603645086755	2.6257703100731433	3.905654517775858	2.455302521094664	3.9553724283185385	1.7298601406391385	1.824692606092766	1.903825849665814	2.228957669458402	4.077484631907944	0.8677947797299513	1.7845443895793676	2.813571225687454	5.0758645432354506	2.3314793601426316	2.2075095525678314	2.292590964802184	2.206784735091708	3.6552718245006868	3.829780189679415	1.37444669448672	2.4687494083556984	2.524080120669118	2.0784565415844645	2.2236603179561034	3.4936095961429396	3.722042492852103	2.059600945910669	3.1055008107284032	1.9934692602089712	3.9418195997266476	1.622965328486644	3.0482082543466387	2.642961932331716	2.0510752615180086	3.774800928210756	2.64759779869095	3.0197852432838688	1.9660355490515735	2.0728855248968086	2.791132883112689	2.473562376472026	3.64420851092103	3.389174370627221	1.613937377237987	2.9843421197168833	2.6562695559060705	2.581419937664641	3.4999655338944584	2.5481925591038195	2.3545590935105642	3.5831877909984966	0.5708967278757128	1.0230914446037023	3.5471911460444776	4.5034885037555314	3.1029833511406277	2.3578673723902788	3.7490197041193594	2.519482414836957	3.8450309928093684	3.1546840859603686	3.880171278820053	3.8715329764530866	1.9441073561895288	4.138559038244873	1.7403291085455164	2.3807829972910564	2.4050103607682316	3.285562714526006	2.488931078595929	2.5852540447960664	2.3040944444753535	2.4465274267040327	0.7215466092513844	2.182248264238151	3.146673986517305	3.614586468750764	2.550328805643191	3.3268235491429685	3.484526742045112	0.8285101347351773	2.7469208180957
S006	4.37344541041478	3.2483793481287875	2.8910490137182614	3.701427017737634	1.7241986685469164	0.0	2.372621172873218	2.5234225028595945	1.7106457885591035	1.9459226731767714	2.8857377674396614	0.8238144182614399	2.52599888878387	3.6076808146711703	1.6800405702259387	0.5875609035244742	0.5712339143068116	2.0822274205932176	3.065615335969962	3.3477516455201193	3.335067268802294	3.3234943432599224	0.8430607827043174	3.193090149835698	2.4169868299945017	2.4975394946920644	4.778129102593754	2.556387321702913	1.7676770008331455	1.750330287183757	4.266701824924325	3.043177568377345	1.3699764211638046	1.4624486765151123	1.1086079033440268	3.8520539765035253	2.815042090927802	1.3319271673677942	2.72496429105568	2.0124817568086497	2.8809035616622496	1.0891159901503777	3.393499405291232	3.0389590938801008	1.8076362231006184	3.4075538342031093	0.7847147259265331	3.5581478173052683	1.0546937197729196	3.2959618902057377	2.0048349323755095	1.4903097092632231	3.1658258802067	2.1685491971443382	3.298011573246339	2.020459281857112	1.7462463328978854	2.7945901394641113	3.0531897916171813	2.843183460302116	2.8187514361097445	1.879057636049308	2.142927333003056	3.6553727387866704	2.5094810377945653	4.5692674366562	2.365261254013583	1.671905672174396	3.2469419300790645	1.7873537186046204	1.2588247685738465	2.6627122838869646	3.671638682164889	2.3125484851360656	1.5212990088082026	2.348158529189547	1.9566270947781335	3.863461894946217	3.06714659713254	3.5958830081951767	3.032245349699227	1.5544367688675007	2.834731801218926	2.098351555354571	2.338110573850338	2.19831627111798	3.0464349593087174	2.4498975793937783	1.7927379018423524	1.9264608494770294	2.4788091252524724	1.8147433034989444	1.6947694559985487	3.99712301600316	3.68524669069753	3.3219763558086233	3.7953327763842055	3.1773031211005778	1.3372340178799635	1.9390225211633558
S007	2.6498858731116908	1.3326035718121976	1.5889147686775447	2.3087291528737155	1.794779244939744	2.372621172873218	0.0	0.30046550275352135	2.9332321698679196	0.8234607195460253	0.5737388867596487	1.5941440792373696	1.6538170399168484	1.35547384003146	1.9660443152455052	1.8733371376747963	1.9662261257559965	1.1309766143153934	0.9147595890018535	2.65564732854999	1.1070442250860764	2.6091779922226714	1.9351689330038329	1.4755293013599948	0.30051431948010676	0.5081499062509774	2.611333351196352	2.303166717584063	1.6456310368207077	2.155884359276924	3.8659356125920357	0.8553688217529659	1.7761240441800412	1.882224472274354	1.9005591420375076	2.040771782343725	2.8876271508963454	2.9009147355588842	0.783057228653929	1.475476879512797	0.6531976314852677	1.9630566918536896	1.7924054311360376	2.371943675470292	2.2953264952906447	1.815006067973245	2.07003493985312	2.44142079917001	1.5271891193496274	1.5239474474967323	1.7014544402960867	1.7871443567343228	2.391237236736371	1.5498219188843692	1.5742108021344976	0.6429820336684999	1.4388110525812516	2.378376653899411	0.8354211472218966	2.4187878526827356	2.0271973798043637	0.5603218582960283	1.985565009181811	1.6376254612399188	1.089005634419531	2.2272144638054483	1.8650130868709853	1.5104001284726702	2.545815985954777	2.33995029445843	1.3390862422638654	2.7326954877910534	3.224301975463895	2.0052771140851737	1.6982851970693131	3.3652052901518124	1.444519533293732	2.4265700479017247	1.4916143867309355	2.8949148846483572	3.1826391204167472	1.8438100671364042	3.594462310319437	0.4734689920745929	2.1819922808403214	3.0378015514715657	1.691435677552502	0.9913472863398202	2.3193504785135692	1.2836286790296063	1.4979234014875529	1.4812093373400186	1.9244322198156996	2.3732437801871997	2.0830884305707547	1.5550480526389052	1.7011003027226537	1.9827650783426436	1.3622014447760997	2.0625127775717234
S008	2.809720026887435	1.0358300563593474	1.8230433203695229	2.1413413804296217	1.7837583592682764	2.5234225028595945	0.30046550275352135	0.0	2.933829962711643	0.7610113388088217	0.6552140176191991	1.75008859032127	1.8460387522545536	1.1451786627308493	2.127008603676298	2.056820675196535	2.113629479767326	1.303462035168543	0.8726251075322091	2.7308866955526905	0.8630002741758424	2.740954408919539	2.0421174270308837	1.3727557130137966	0.3096285809431022	0.7131587884305506	2.4367740009720573	2.2136932559035345	1.6156187202333663	2.3480309478907135	4.134951567689265	0.9420945345050015	2.044097315093697	2.004607150528386	2.098056213121726	2.212056179990564	3.1657032731920975	2.9395122566958385	1.0085213373198612	1.6379717834734373	0.6927507378217131	2.148465390836867	1.9625100498883123	2.585748823175037	2.261478271592326	2.024600497144133	2.218826468319168	2.532172706559925	1.6545606965033004	1.4555783915869949	1.9896471987125164	2.058602486065279	2.5494071846595157	1.6875565504430794	1.7824737320076856	0.8669836494867446	1.5072117676806336	2.271394092864265	0.9475425949609163	2.653551065034367	2.20679993198455	0.7142300746785015	2.1990847261185444	1.3556820585966645	1.2114612825160704	2.0768042975493213	1.8346932283743256	1.7635187192217752	2.8297145011971034	2.315789160960573	1.499090014227495	2.832950710251449	3.472569574921839	2.224227746328754	1.8911310834302417	3.525117720784736	1.6648189513002583	2.3713117592207644	1.6176372274794513	3.1709090344805864	3.4830268166222393	2.10333202247927	3.739406972211563	0.7606315142952789	2.4349668717431596	3.2454491894012807	1.8388933141662915	1.2627503514877048	2.378636950676419	1.5743537481908005	1.77864901834943	1.5565831085982196	2.199826648264858	2.1046744686015244	2.046899182319731	1.67115101748833	1.8076848360793203	2.0808502162462537	1.4875226180676233	2.180091064091872
S009	5.432663410858274	3.1694683736782316	3.651281717445013	3.0763452661146027	2.3365159396853015	1.7106457885591035	2.9332321698679196	2.933829962711643	0.0	2.20794613521548	3.4947092021200414	2.016896427967419	3.8044312345508136	3.9119145074692727	2.0054660929869828	1.9051801579411662	1.9775350129954976	2.518514156631585	3.3217451227792547	3.1757873219700237	3.464125142282403	3.452088284312289	1.2893113983128468	3.817080709241336	2.808203401358113	3.063499931793231	4.62659291433144	2.9737518459741725	1.3800621744834	2.253301947659604	5.329118714330598	3.7788367483390615	2.684931629619788	1.6224874792615926	1.96847833784807	4.721229075893705	3.8688750111590506	1.8199891529558745	3.457325613750261	2.372094368986921	3.549977120547117	1.863835192076095	3.990247292433559	3.625101827391197	0.7813890397912944	4.49985990827648	1.504615447341099	3.627011606517038	1.6381901187215364	3.2268511201483108	3.1168725279154197	2.9650895104141393	3.4559883387917023	2.4032486279956653	4.287667363828599	2.6241785934796	1.773909545208979	1.7969663416480277	3.750000361934101	3.5371489024674863	3.2267577558468847	2.421634363301757	2.720979033639733	3.5202211159175754	2.827097937215652	4.901190514633208	1.8322439236254486	2.588920634530772	4.5720603637930335	2.2257391683357337	2.396693844431785	2.403970699809737	4.50195057293831	2.9105131658332004	2.128378337010905	2.385269738793246	2.5953273590617494	3.5264831237635823	3.4423715229007392	4.974150679966698	4.470384554380702	3.078267338429478	2.700259369139876	2.926558137892227	3.8701479804270593	3.841174175295389	3.4366946801348255	3.2738364209308166	1.282513504656739	2.973885385234578	3.726376232682597	2.805134488692409	3.214494391813275	3.4179102631091807	3.532484575684186	4.321924051561004	4.557084715296418	3.3190314891196078	2.3891885184287047	1.9344847682732005
S010	3.457355290669645	1.305538106180904	2.191193699452634	2.1820410455838	1.2794097475401576	1.9459226731767714	0.8234607195460253	0.7610113388088217	2.20794613521548	0.0	1.3747659314752518	1.2551526443337184	2.065278438941271	1.7681652344111127	1.8105505535922046	1.5771980602625844	1.5834610750261782	1.2896281586371963	1.4409249633267798	2.7463263905154522	1.4376454790684476	2.8387824293739974	1.419781155947505	1.7367081120746488	0.7580763699111526	1.1741689378980413	2.9598005795192472	1.8689341828766912	0.9774661064744463	2.083813183479223	4.402930622841146	1.632245183045495	1.8732090421334733	1.5571180344285764	1.714137548760083	2.848647416507335	3.224246707726229	2.264895569459213	1.5542671090937645	1.5162635351506792	1.373061838228021	1.7332266592549062	2.442140561637561	2.754048816831195	1.576968452953174	2.586645136796322	1.6761283578296529	2.741461243023825	1.1043177949953278	1.774437416979033	2.0398255141256096	1.9449377381842543	2.686790338031772	1.585199976255012	2.368851747862323	0.9505821169384367	1.090093691310894	1.8592535821288316	1.6514313962836955	2.7642701410812505	2.3351519626616497	0.5834497916445848	2.1216332334077084	1.714654104147781	1.4025803412490685	2.769144508766068	1.4805788537481	1.6584448800323326	3.159639648974086	1.7355026638764248	1.1441090513472767	2.5921350202711224	3.6835462744566154	2.212248279331851	1.6114776402971813	3.150083698050412	1.6165063578415524	2.570779977956886	1.9929804177634896	3.5275595167890477	3.593580739259575	1.9958621432113688	3.418325837789089	1.0093413517878822	2.524950209729125	3.0703592686438252	2.1469332215974455	1.6131883557803626	1.8619890945137259	1.6532201789706578	2.077171191526886	1.319634989144996	2.1413728132963588	2.197754141371263	2.336146435112414	2.2367314914937064	2.5204674681574044	2.288141249449801	1.1008746207854547	1.8568937680744861
S011	2.1693364311090795	1.4464621241929019	1.482889746796077	2.4582830459655574	2.263746726938845	2.8857377674396614	0.5737388867596487	0.6552140176191991	3.4947092021200414	1.3747659314752518	0.0	2.10111645400473	1.6757297464366347	1.1148727035586676	2.367363579968114	2.362794061870061	2.4675037039481884	1.4493478068097283	0.802713839609728	2.7994786800458846	1.0102094363774174	2.689535329318769	2.4791776454727206	1.4363001010620025	0.7150627806428969	0.619901906941914	2.350914149466923	2.663011375312125	2.179882858847379	2.515559062066207	3.7418471642051863	0.39140164471250416	2.1016762531349444	2.3539482496236666	2.3438594542463838	1.5837737556659517	2.972410327058665	3.4346911507735625	0.5778595517219963	1.8073717517784904	0.35904947523408975	2.41849507158253	1.5558620304597235	2.39963296200713	2.8373922997084615	1.4443083651507103	2.579781265021251	2.4431286131890126	2.062315491654909	1.5390804343461097	1.8736708069754033	2.0684386958629855	2.4498964033619917	1.8603669853884626	1.1831390461195164	1.0387638320222874	1.919714619752514	2.787902129091218	0.295735083622327	2.4901090907271626	2.117511864460001	1.1034559917100006	2.234738952610233	1.6285184553123289	1.2692930392977786	1.7917384433053205	2.2768402834921493	1.824730285647234	2.394460068730058	2.825161048105699	1.8015092721410009	3.047698513694744	3.171590561050815	2.204893643911454	2.1003065590811834	3.74562712019612	1.7310386634570416	2.4491641440379444	1.4184977872574787	2.7039282125046955	3.2058941815642243	2.1128883646361416	3.9354213345536078	0.8094554899378947	2.2666646537117545	3.2785752426197745	1.65740637022245	0.9993498863045649	2.800510067650049	1.4909006922905763	1.4554811557331035	1.8544177537563418	2.151544315194347	2.481553080794146	2.055209072617126	1.219312015632615	1.157091470816629	2.018898223975126	1.8311772636402794	2.459445874427076
S012	3.6823841332312606	2.546713171935858	2.360878552478573	3.2415531091193657	1.1949561213896964	0.8238144182614399	1.5941440792373696	1.75008859032127	2.016896427967419	1.2551526443337184	2.10111645400473	0.0	1.8346058751707084	2.809482285623101	1.5978377880788304	0.5129890018118042	0.382208534579659	1.5873119569286958	2.372003448220155	3.1240465324023394	2.588907966742659	3.078594169064928	0.8773996450631053	2.3940434068164884	1.6817683547987095	1.7880377874936217	4.1008277854280255	2.054883012417916	1.463311646569642	1.7303592896111843	4.061204131946345	2.2408110670018164	1.0865256072130596	1.383807129344648	1.073474663787104	3.183299241902219	2.713276732741165	1.5661001457299932	2.0080867378663956	1.6560386624302137	2.068172744699104	1.110516239271564	2.8303307828462674	2.752114837360404	1.7844481355338033	2.7144875638119013	0.9657124022872358	3.1980717169076027	0.7251505766871279	2.721622415358784	1.6254855827806882	1.0935994131559301	2.879911132178684	1.8226958067999126	2.5960260698706135	1.3552239053622852	1.4011555449669992	2.5772607265410414	2.273000075598655	2.6126597597562182	2.4901500971413406	1.161962553765327	1.9440327527040338	2.953960726079101	1.9599431255788227	3.7627228309784453	2.087757683753231	1.306949775976379	2.806779946307034	1.5076831026040016	0.466640953962778	2.6597860608562205	3.465442327674994	2.078804411459311	1.3167982761914598	2.6919235550247693	1.5707537625240202	3.422145819360532	2.5208256278916705	3.1598375848377143	2.8835191847280304	1.1250936720259417	3.1105485308551684	1.3202396366559592	1.8679674900857117	2.0717399802409915	2.5609233386094696	1.8120072353254413	1.8500964885645161	1.3938997390936865	1.8476995640179077	1.1098798665332283	1.3108558492048867	3.428235701173673	3.1841346232627536	2.5389386187341447	3.0519249019426438	2.7667804014828703	0.5716717664956367	1.8515274261384844
S013	2.2852755869848598	2.7422059073987457	2.280792314899281	3.962296565296719	1.9690517039950821	2.52599888878387	1.6538170399168484	1.8460387522545536	3.8044312345508136	2.065278438941271	1.6757297464366347	1.8346058751707084	0.0	2.332315908889214	2.895870654054016	2.1625451723125746	2.0170903911026907	2.338155778650273	2.4260216314120537	3.968376223345403	2.521462343021108	3.7364297802886997	2.645720213150826	1.6212215929186928	1.9500283203527373	1.8617535601452821	3.991923859013752	2.340171293785825	2.8832313006631494	2.9349806146165354	3.8100659387674924	1.4541586956436523	1.8473520078229135	2.8651728061150403	2.483363794866111	2.276678086554684	2.999951968832825	2.9660012324052656	1.691340497327641	2.604222581582058	1.4628376720608076	2.58370190167455	2.650615845365753	3.127446838099255	3.4119704181352577	1.4516345698296078	2.6696642866289424	3.6963669823677074	2.3229923107058816	3.1092804966040823	1.9339202764353114	1.41554068276809	3.432071615587112	2.7613925444943166	1.5628689704463623	1.8695410030276056	2.685029079489325	3.8677762129470485	1.6250327954353982	3.041077394046402	3.0323236226135304	1.827863212652811	2.795439969124547	3.0451695320247687	2.467757836217891	2.9713462446559005	3.3214942338444766	2.103217122149509	1.9815708197466162	2.4598266420723904	1.4137314241183292	3.8995181038849007	3.5598798093222688	2.803095411895729	2.522279473304555	4.114314552375855	2.3485146058015993	3.987936753009767	2.707108318027441	2.149471006032221	2.6012322294026053	1.220726147186648	4.467529142457351	1.3285945403920771	0.8773259275928146	1.7919965527647423	2.8302102003389082	1.7393239948700256	3.432437887695893	1.665857684041235	0.9724589117239899	1.2479488570873767	1.3100859289346891	3.9013876975393593	3.6066633603399603	1.0672303342413172	2.1026207425075065	3.2676732468855567	1.445328202896367	3.1668338064189765
S014	2.7365641010333355	0.96484094055233	2.5365283382155934	2.428861863549515	2.4922218471007462	3.6076808146711703	1.35547384003146	1.1451786627308493	3.9119145074692727	1.7681652344111127	1.1148727035586676	2.809482285623101	2.332315908889214	0.0	3.232019151402825	3.1711020724064527	3.1456859207922427	2.347922000090789	1.3340587090556866	3.491661299541651	0.6785426817790091	3.5168163496920792	3.157209075743398	1.1281770355392038	1.3847997324469978	1.6116581318160983	1.9409596980817196	2.5470167713143397	2.600573392652672	3.4486327864829933	4.796661498149875	1.1355445436085239	3.1071033921537192	3.1211020564804954	3.239892700112698	2.359849502346895	4.081037580353272	3.8075465554003047	1.6805918244569091	2.6901495240625533	1.0065251871225578	3.2924434064980646	2.461889700361362	3.406029862753859	3.205756106223813	2.2670745463118407	3.3569337622857516	3.1622940112478473	2.786619498987622	1.8898945827995743	2.967253851973413	3.0342223978513747	3.3404250873765915	2.703024392912469	2.0777327416612663	1.9590980497800705	2.586788599931751	2.9935350599755366	1.2343778943595975	3.536437134410798	3.060302784680984	1.858839719107775	3.2277916866644274	0.9780360277150152	2.1100852145778295	1.0384344124736735	2.728966419088224	2.8441205774165947	3.4195902062516144	2.994969136725754	2.478062938672439	3.8029571126237265	4.223869660281025	3.2148806337216684	3.0129424339987136	4.620465407626526	2.7181327247268383	2.7512902953580443	2.2631352872791792	3.6744560627396297	4.289738648739498	3.0232076982287386	4.78695564502099	1.7451936377996466	3.1126279287886733	3.9813565601008145	2.5391110158056023	2.1049285375727522	3.4321545434824174	2.565801659791338	2.4579182975350213	2.2619355257051716	3.1151846754386545	1.9588850707687808	2.4276196960060936	1.6764041994427359	1.748770560157568	2.7785162141794904	2.421379820653218	3.2434835420093964
S015	3.8888840677540006	2.8006939875645083	1.8271637351705738	2.605829931113707	2.6002413763011485	1.6800405702259387	1.9660443152455052	2.127008603676298	2.0054660929869828	1.8105505535922046	2.367363579968114	1.5978377880788304	2.895870654054016	3.232019151402825	0.0	1.2714602364030503	1.8120534019305925	0.9509320856796833	2.15428778879977	1.6807257402861968	2.7316400994538816	1.6717458054847685	1.0889906447338686	3.355146733085246	1.8523987013986902	1.7623002451546441	3.743327167437607	3.424596862785047	1.3914742009877654	0.3496169438518475	3.3768437955985737	2.666697920273703	1.3222438619161074	0.42437571765073845	0.6528299523192487	3.065427602885811	1.9948042144857632	2.7906867475389783	2.0347041923801163	0.6313122473144612	2.571222837357193	0.6187072828075088	2.2081658754546902	1.6316516656734317	1.662749868815162	3.029253379327946	0.9217400011683863	1.9491446868078812	0.9864928629269153	2.1019875770533645	1.3933224092265646	1.8133430543923597	1.5736503071240677	0.7058425748216385	2.78163631975293	1.348055311863225	0.829722487771005	1.9759005704603398	2.523904472419535	1.5324270280073244	1.3017263813110609	1.478901906405337	0.7174938205526533	3.084233527693208	1.3295838865503016	4.031994458000467	1.3026877205107545	0.8923027179392287	2.8800846496632406	2.8977413620219887	1.8876101828047378	1.0961507483621262	2.509863609200544	0.908010710519517	0.37784455747125134	1.400292159837623	0.7730010437803029	2.421425511079571	1.7772032058153049	3.31175957447989	2.838219570003384	2.0716323691416156	1.6662218072225852	1.828380938683389	2.8151165277166683	3.3464788863261767	1.6670924518976917	1.6919058845856743	0.8951551757640166	1.394736673565941	2.3403287800450525	2.546226207610808	2.0602174656884675	3.3080648514489677	2.2869632150107426	3.239469819949608	3.1067357880623874	1.6392645710439262	2.0270669651178728	0.38304001332012916
S016	3.8457389786329745	2.868194122728554	2.3068505146506193	3.3218874859859078	1.6811199312462315	0.5875609035244742	1.8733371376747963	2.056820675196535	1.9051801579411662	1.5771980602625844	2.362794061870061	0.5129890018118042	2.1625451723125746	3.1711020724064527	1.2714602364030503	0.0	0.5777477816142236	1.5330232685779208	2.5372129901623532	2.9076343543163135	2.8789697767303895	2.840812685364643	0.6828523511857988	2.8542099274202375	1.9200764765470448	1.943140115563265	4.289738177207009	2.547093874105587	1.5275488685948548	1.3458112029858464	3.813549540458913	2.5344024328511616	0.8657836759865457	1.1131001347967464	0.6619779071917651	3.280121284240469	2.3900274189278408	1.749572089529108	2.1574116401416257	1.4946558531726464	2.3935793253030173	0.6905539014083159	2.807945983480235	2.513979472191945	1.765116525392118	2.883561601876824	0.5720087797445905	3.044745878567517	0.6501979073593817	2.795826758014468	1.4594617763428037	1.0693476125968884	2.6558956316833426	1.6665520222568657	2.750085364618431	1.466668110502241	1.3378452032256918	2.5763384071097972	2.5187342930489813	2.337172441876314	2.2879826981661324	1.3790589774436168	1.646686869121025	3.2561521755256275	1.9616457674140575	4.093569500139842	2.037143720477277	1.103743861126489	2.7679427907569667	1.9223882070046958	0.933573424882139	2.3407307774811192	3.1895234168337696	1.8023026716371386	1.0260289624158905	2.2219638540506574	1.3985604775872216	3.3957370888863747	2.4983129618215	3.1411168494692667	2.677414277126126	1.2014762824346283	2.664680242793466	1.5751977089971687	2.0216776847326066	2.21003435891549	2.4816390615191763	1.8663962188797714	1.60415761649468	1.350036411055826	1.9781629208305376	1.6104760131096612	1.3154217416335157	3.6637153438513264	3.183547415837765	2.862637596300128	3.236977585311924	2.649245220191089	1.0736459387206325	1.5702134399789691
S017	3.97268014040778	2.8733566608851775	2.693056073856322	3.5616974770929835	1.2448531440293404	0.5712339143068116	1.9662261257559965	2.113629479767326	1.9775350129954976	1.5834610750261782	2.4675037039481884	0.382208534579659	2.0170903911026907	3.1456859207922427	1.8120534019305925	0.5777477816142236	0.0	1.935805718999141	2.753180509167206	3.4104619827147546	2.9473314764057617	3.3671210278717223	0.9723096889209164	2.647918068339668	2.0583248915857775	2.1681970327574627	4.4718937805875125	2.0871297261342465	1.6927269124164461	1.9174159004826243	4.25035546841197	2.5861158458799016	1.2613033171863468	1.5872387961101166	1.2347223520768311	3.516126813412217	2.8733270517148597	1.2902637160497301	2.3740927993660796	1.9668769271084057	2.4142506360281946	1.2555686195620748	3.1817376653138396	3.030107823577798	1.8932257687928884	3.004960014143277	1.0311278860068167	3.5234374526272516	0.9780218542182175	3.088981631302821	1.8735878134264643	1.228778041707399	3.1754780295213205	2.133839501473107	2.913193877284577	1.7335893950391394	1.6925756549649569	2.8010872202377803	2.6320988107753833	2.86316851361813	2.793536181088464	1.5415405627780892	2.1943481995925005	3.289322351520317	2.3245653606314796	4.108036937734123	2.3557679988352676	1.5840446269138917	3.0100670136507506	1.4260230177070037	0.7256251884225613	2.8642573508494267	3.6897506189960216	2.3398404678122735	1.5631490951458906	2.7474824391100037	1.8790868125342228	3.7654354870712874	2.883392026189454	3.3443001109534922	2.974546913173648	1.2217776244501997	3.2027172718555907	1.683984465762408	1.9562466066723396	1.9177089493484047	2.9090363322877772	2.1634246027573107	2.000152212333469	1.6972226695353316	2.103277661659828	1.2458896301619773	1.41862329843619	3.734409293657559	3.5424291742518457	2.8188034723149715	3.4007650001182115	3.1035499922616663	0.7847131434113583	2.0745248363298714
S018	3.104794212870778	2.0576112454976943	1.167703526116061	2.1579130739218413	2.3541603645086755	2.0822274205932176	1.1309766143153934	1.303462035168543	2.518514156631585	1.2896281586371963	1.4493478068097283	1.5873119569286958	2.338155778650273	2.347922000090789	0.9509320856796833	1.5330232685779208	1.935805718999141	0.0	1.234271254004098	1.687739026289861	1.8674660552250444	1.6210831294303496	1.4829369556296288	2.599104562664297	1.0035991665946111	0.8321355359931026	2.9370129730241032	3.0777294681151983	1.374117275572207	1.123021464243917	3.282112970896589	1.7739181762899425	1.3542472159564598	1.0373082189193075	1.1656066927656203	2.2628989985535797	2.127742135401353	3.0078503702061283	1.1378393446039812	0.3584731739419467	1.6967255947508666	1.2122161151205666	1.4804785792174608	1.4776791808123462	1.9384393248160992	2.273413990109003	1.4762485502738594	1.6307464857189489	1.121539741969031	1.3645985066658195	1.1736708072942696	1.6896011744649477	1.427371831511497	0.4455186150994635	1.9842132134126478	0.5328827637148256	0.7724045477964152	1.9832792603107556	1.6066181945626614	1.5063275990263332	1.0553110506028107	0.8120117490616654	0.9224059924589186	2.308651880810896	0.4478277692524168	3.095008193701042	1.2657889339111728	0.7769851558117291	2.4748798577368336	2.794967886393863	1.6385210573562718	1.6496687252246942	2.4594312992930756	0.9689233085715866	0.7750645743905812	2.310478703801378	0.45072064168350645	1.9646005697117321	1.0076087089743802	2.9002279016068626	2.812992675465898	1.905044987711409	2.4916466184505297	1.0887340412537565	2.4859789722317904	3.2896710114426426	1.0252439515914398	0.8981008873610099	1.5134388023039207	0.9471358061799913	1.7712423219188376	2.1592100368404474	1.901228351711214	2.7230490360593054	1.6936499445564803	2.4341188524697492	2.207863893745607	1.1849224605383828	1.7584619974849665	1.0331442167193987
S019	2.6651873186552035	1.2563033448979342	1.4676679174913623	1.7269787062778643	2.6257703100731433	3.065615335969962	0.9147595890018535	0.8726251075322091	3.3217451227792547	1.4409249633267798	0.802713839609728	2.372003448220155	2.4260216314120537	1.3340587090556866	2.15428778879977	2.5372129901623532	2.753180509167206	1.234271254004098	0.0	2.181196714944385	0.8157235802168056	2.183446746198245	2.4658232760971486	2.040360173062419	0.7373568147206639	0.7044085212767844	1.8121858244078302	3.0715017675959153	1.9517444711092953	2.3458482574677038	3.817111977337067	1.1676834226184654	2.3517437829526404	2.155740155833497	2.349037997108272	1.8576996069355518	3.029869249896018	3.67374047737597	0.9250228726460287	1.5442564017916713	1.11315231118666	2.3972601253397396	1.3697626683531385	2.1613810920695196	2.5931071855251737	2.0480464699276046	2.5774917748495656	1.8459354219419692	2.0764678316054845	0.7409595041612613	2.065342808117173	2.486708952124613	2.020422421069834	1.5112683603814394	1.7184626654834978	1.0894733946481008	1.6600893678935142	2.257776808375302	0.9742060612887902	2.3296738324503963	1.7678651361475781	1.213646232906155	2.0494451512163527	1.3353878667482344	0.866094662563678	1.9242562870111755	1.7796056706691068	1.8853151654316538	2.8295048567056544	3.1393103820969626	2.2044284912394367	2.5716255026830823	3.0858434516613262	2.0152867962401677	2.0006645290967717	3.477477765384989	1.6195475941713906	1.6552404595088956	0.9749434637853055	3.1835325161236185	3.5502531089690645	2.605210594194491	3.575246434138194	1.2688368104099883	2.916350405988466	3.8896882947209708	1.2462094864349367	1.2090549241445827	2.4784231955385008	1.7358732329690245	2.0470346816928418	2.3895023021607327	2.627439034046967	1.9780444591738655	1.2733392346694692	2.0004972237546967	1.513593721528729	1.4461238698460714	2.2431874893979082	2.1255919484290775
S020	4.093468243368344	3.056552371007798	2.0138615690862958	2.059288158797578	3.905654517775858	3.3477516455201193	2.65564732854999	2.7308866955526905	3.1757873219700237	2.7463263905154522	2.7994786800458846	3.1240465324023394	3.968376223345403	3.491661299541651	1.6807257402861968	2.9076343543163135	3.4104619827147546	1.687739026289861	2.181196714944385	0.0	2.8688547216837503	0.6065273817801371	2.643810445385967	4.0925510814542365	2.4332424013379823	2.263649612309501	3.060138654233069	4.604518283692682	2.3672768175947487	1.7414374429857107	3.420885962577259	3.1516233564003726	2.7362070432023207	1.9159336334808774	2.3082361704267518	3.090548573111234	2.5794555429975636	4.333112434168031	2.47701824882495	1.494654261480351	3.1293447908473335	2.2944701771982334	1.9619775306477423	1.47518018274803	2.6615915740096776	3.5102002846644345	2.5747634131360497	0.713343188023965	2.4770280796981856	1.6745791770323686	2.4094129853485597	3.1910025180304116	0.8898897855105176	1.3197897627043766	3.1797934739597995	2.1886401783850578	1.8701574172296223	2.138971405100465	2.9090935957079465	1.6761587775832905	1.1128518042024755	2.433125843431343	1.523456494741343	3.123121362577109	1.5796780240877966	3.979580055705048	1.651728197844466	2.12907933437648	3.5158331409105554	4.267882458147757	3.282554248607781	0.9948504272419852	2.406636477594807	1.4901506635253683	1.900320127397497	2.14128208333519	1.7324115843592982	1.2961858750781552	1.5172788787992022	3.928376473652645	3.7033035512128736	3.455579986934378	1.9275308849614794	2.733623864790412	4.028578516229859	4.844085845910879	1.3467757680612975	2.2852980627978097	1.9216898169655616	2.42416726218408	3.240997679606775	3.823951132501214	3.3928659118154307	3.1194965166967434	1.3526173593761188	3.879604277199375	3.181975250577461	0.8652604246854272	3.3995796220852785	1.4348648161669177
S021	2.953662791172927	0.5872293101350718	2.223234038707503	1.7828134725605584	2.455302521094664	3.335067268802294	1.1070442250860764	0.8630002741758424	3.464125142282403	1.4376454790684476	1.0102094363774174	2.588907966742659	2.521462343021108	0.6785426817790091	2.7316400994538816	2.8789697767303895	2.9473314764057617	1.8674660552250444	0.8157235802168056	2.8688547216837503	0.0	2.9558290741031437	2.7637037337106167	1.5835095875765368	0.9896592271301057	1.2642991863059128	1.6493996630617243	2.680455080286598	2.108459360249737	2.9714500450019137	4.568235065705403	1.2509049561603782	2.8523646357146477	2.6243163932459037	2.844373396447982	2.3489684110386118	3.766595612659513	3.650788078613874	1.4724363441105353	2.1826184950046024	1.0916558319109666	2.8830717434432183	2.133059520615092	2.969262871853824	2.718170028716363	2.393119782882873	2.9622148614105854	2.59665541205353	2.401537519083399	1.2491985500385372	2.692546061709162	2.8928823046117316	2.817886086959017	2.162639906530875	2.1260062674668267	1.5828462953275504	2.064907951140766	2.380039818081526	1.2220170631040166	3.120227870040052	2.563330665483257	1.5100982154768148	2.762120796646961	0.6256317275075239	1.5884754071184322	1.4638038561653572	2.1094630152006366	2.4838222564301278	3.3848304440397188	2.9456842098964167	2.350148276276929	3.193870568033533	3.882235762114437	2.75699716362418	2.5669819713924635	4.0878855419383155	2.2822584384374975	2.112449406602483	1.7898291983293122	3.6996434791547506	4.161229611903666	2.942707779820384	4.215963605496931	1.5704101422878798	3.191496319313326	4.061490652398787	2.060889969050026	1.8389196581435854	2.879172222570009	2.305681097495796	2.4495371180195797	2.3110404781023792	3.021909651515547	1.5216691257020831	1.8116499234073868	2.010314335293562	1.8268118070865182	2.215966767730884	2.3188034737519385	2.6891147092590884
