	S101	S102	S103	S104	S105	S106	S107	S108	S109	S110	S111	S112	S113	S114	S115	S116	S117	S118	S119	S120	S121	S122	S123	S124	S125	S126	S127	S128	S129	S130	S131	S132	S133	S134	S135	S136	S137	S138	S139	S140	S141	S142	S143	S144	S145	S146	S147	S148	S149	S150	S151	S152	S153	S154	S155	S156	S157	S158	S159	S160	S161	S162	S163	S164	S165	S166	S167	S168	S169	S170	S171	S172	S173	S174	S175	S176	S177	S178	S179	S180	S181	S182	S183	S184	S185	S186	S187	S188	S189	S190	S191	S192	S193	S194	S195	S196	S197	S198	S199	S200
S101	0.0	2.2238287341392287	3.1659655484155587	2.720882000876465	1.825607869731063	3.8293194574698304	1.2374705405137134	1.2070101015805184	1.576989837197149	3.335319099356094	3.620778582250093	2.5568300000017143	2.177325363187041	0.9726605637177657	2.499588805613493	3.6838097139494255	2.1697789000136045	2.556755025445719	2.160273905515283	2.750308035525357	2.1650681585203917	1.5914596425367082	3.021250138104595	3.79437421078362	0.48180991515640054	2.42634194317947	1.086230114480426	3.2333324540296657	3.431809467092968	1.9695443938193689	2.856113790276195	1.2949852280819243	3.021450351604524	1.5455183601402713	2.2478261521937357	1.9737307047310408	1.0806817594931644	4.204426271433887	2.1142358422274445	4.562681975437683	1.6895622745461298	2.500438174177731	4.428767740770214	2.869441150721599	3.487764870499029	0.9693056671373935	1.066756197971232	3.177916258193754	1.943325913879748	0.8912644085201671	3.236173547753742	2.1454053034810134	2.737532073681028	2.2246362634987453	3.585814109968515	1.9682266507165354	3.1307503112583195	3.339007019103245	2.2721127985889624	3.2797645234598907	3.332018457373568	3.6274380085038493	1.8541878005119659	1.4117825918460014	4.077930491046898	1.3800982303271414	2.9467266605984017	3.078776205772516	2.674625633794809	2.3247187512091587	3.190780525097278	2.7752446588223982	2.6212578117501923	2.868093463784951	3.6743521891718283	1.3428265800161645	2.400381075249103	0.981480812937753	2.816966957257866	1.97381346389833	0.5682690700118017	1.4403784392936358	3.0016996780039125	2.311798646093901	2.1272245829184144	2.9786914157923583	1.8439708085031208	3.0836021276231564	2.376621705544818	2.4184931429401146	3.1556016037446533	3.4978543839265988	2.6022200938671993	2.329500998884002	1.9534582001007998	2.6889013913100914	1.8636135111510106	2.13798656464058	2.6423959744195953	0.9228994061416071
S102	2.2238287341392287	0.0	2.7862496324776598	3.8924014062302645	2.7632453449063	3.524736999870873	2.9816887225649737	3.427286991940149	2.2071045006396983	3.3090967481724736	1.9524321835082352	3.8018476504575256	2.4686132429580074	1.3939543738890552	1.7810856605195613	3.2010023829748926	0.8543582857645797	2.303374469549852	2.9827564952534464	1.5605277681833958	1.3410799429766518	2.713660461071108	2.0251940940382713	3.314393945778089	1.9739652824151666	1.8087890667774924	1.802391485059509	3.0839320365677105	2.8571870442576515	1.6426643099695137	2.325308573930474	1.2006376093155007	3.2007963711636855	2.4407160459385735	3.739917096923067	1.5490231337161542	1.9485938967179663	4.807505241880922	1.4758656636676757	3.1859002887402172	0.5936113409321649	1.3842212720496707	5.292486895133557	3.344138365415586	2.6805410454289396	1.2565600396533028	1.8878893020101004	2.9337501746178862	1.055455295089643	1.933532667128829	2.436700824233493	2.6590255182594467	3.4148143449152197	2.1505791650585544	2.858974746172463	2.328922081196497	2.1982581042274947	3.7462084803669464	0.13103158457835914	3.1216776524371137	2.663244842930049	3.5323885349890403	3.7443455121247013	1.945897865457793	3.232744595306857	2.7427513642457657	3.8692623968530873	2.6125498435169283	1.6028300997952525	2.2157311354414273	2.1286297442103796	3.0960508793636152	0.6748486109636643	1.5343470406431678	3.4741290338303927	2.7904458689361844	1.3390203785927095	1.6940558995384012	1.5718758831719324	1.8095962082063959	1.6608048938416902	1.9768869020787891	2.614523956267891	2.1098463064072948	0.9055416540712614	2.0278686324262516	2.769785495216821	1.882079853911692	3.619800956434974	3.5385946639848114	1.7728886092742027	3.6065281979572985	0.4536134997173154	2.284316836093322	1.17397692768203	2.1810358943567305	2.128439678149804	2.5922079916658256	3.097702001719095	1.9902205366305337
S103	3.1659655484155587	2.7862496324776598	0.0	2.2900561721921653	1.8532323290131067	0.9657967837999011	2.7557621463075037	3.9310046901777267	1.702428092769481	0.9608809729846637	1.937459897070053	2.3170719595955083	1.1812976071243873	3.0129212566262393	1.2021958985307089	0.8438094579600567	1.934608409088126	0.6239270457924307	1.5958289415524782	1.3980275106909774	1.4839306080277204	2.245507644597243	0.9509586220402843	0.819204145598182	2.694208409054258	1.04096765406552	2.150251667191644	0.6437663635670771	0.5515236585257189	1.3912838592275345	0.4694662886745254	2.222493024548907	1.2323870724536414	1.931890946076712	2.6335689782940643	1.408835055277696	2.144070324570668	2.365746187625352	1.472179655643095	1.9738592962696977	2.935880321718194	1.4694315839008638	2.980509499179067	1.3510859217061022	0.712971052036453	2.8126949394909935	2.2493381237432186	0.37720802153103755	1.8837198646558992	2.3326177640217214	0.9198135595843798	1.247119614802245	1.5305757016453718	0.9549038165710024	0.6330285159027662	1.3854961935869363	0.8705916016217445	1.433735499976487	2.7863461722085554	0.7098532879997467	0.5432227309446321	1.204773961336339	3.4112933725973744	2.128837815749491	1.1073867457833515	2.336987657330959	1.9538624283777353	0.4704398414583553	1.2352799660241132	0.9323816545796348	1.0073376530351636	1.0066345081379855	2.4727023384818563	1.5650221421206032	0.9805079286405723	2.355356206821883	1.5937668185624685	2.242243511472497	1.4526582994172346	1.5465367247857582	2.961676483839174	1.8374394341358335	0.36948984688849	1.0764624412928958	1.8867008201257491	1.0686381663107367	1.847680142885075	1.2769276570326984	2.26961141643475	2.1277823563780975	1.4304410283571085	1.0895370548492773	2.716252545931364	0.9059786718242323	1.7228505284877764	0.8577770794274986	1.3567740486012205	1.223940458186744	1.1730991331535212	2.3735162221570856
S104	2.720882000876465	3.8924014062302645	2.2900561721921653	0.0	1.176927937051628	2.395531350465326	1.5665649179636925	2.7071020994050947	1.6955153132862395	1.8656231889128894	3.951484843313538	0.22993754037586223	1.573026882099574	3.181577002146894	2.619397491876013	2.5539443354009164	3.2074544559897364	2.1000182895997797	0.9341009451765925	3.0946141910517464	2.766083465020365	1.4670474733595418	2.944091928056558	2.5923403795374864	2.464733094003297	2.503570731229678	2.20260030326798	1.9790883933995769	2.561876891682885	2.3606617744412945	2.4081929331902505	2.7503374745445757	1.596204830833877	1.5329223611159368	0.644770613212214	2.509308197488829	2.0670992935036954	1.644062390879365	2.6141071394397137	4.1502034337091125	3.680441402409464	2.999636558381054	1.724654309198152	1.1182772522446982	2.8622211220284997	3.1115050147999037	2.186992332273872	2.088623474770562	2.923380772931779	2.1851340344282097	2.7864582800767073	1.3517942961281575	0.8132444058534328	1.9796648570108297	2.8068197199397753	1.6432250182237909	2.894537469443888	1.2846451611922138	3.905811483195227	2.004984572712739	2.6439246775014817	2.0881460393767384	1.6975273215720046	2.161742534582129	3.1833913735041897	1.421543002266652	0.46215458318706487	2.3402070128306405	2.98134816778405	1.9709527984225197	3.0590946685529183	1.3197935440790547	3.8449941024141707	3.274159381058315	2.2022978148754677	1.3863568174516305	2.9711865089279224	2.3459948358185803	3.1662019270004484	2.2682069498697355	2.953039653238757	1.9513247854063958	2.2351922554926986	2.097989190968688	3.142324943029685	2.8880217118605276	1.1752071351524735	3.1820067787750146	0.35102430690004693	0.4167247111625357	3.4143992544333037	1.7284493680643291	4.035607031002631	1.895342617306523	2.804350155285509	2.370725192568118	1.8071705704804162	1.4018321303035433	1.1558661819462706	2.164750935083312
S105	1.825607869731063	2.7632453449063	1.8532323290131067	1.176927937051628	0.0	2.2273699192369416	0.987468239194508	2.2504578880226687	0.5639357690101242	1.6568158153002772	3.065662321496811	1.121913995651854	0.7138513260412829	2.066121154078263	1.6613310026110022	2.1961793673460224	2.131765800666786	1.389826352810631	0.47828224578321804	2.1415969751474893	1.7340697907598026	0.47795798085417585	2.150218144573253	2.2991071421676987	1.4974077700327777	1.582361218647405	1.072951441087427	1.6555709524667153	2.077405290803709	1.3097786688479038	1.7350632161355426	1.6177952283271648	1.2962695314372417	0.3660635025823437	1.0976952991658926	1.5357386678130482	0.95065503573107	2.41702683646768	1.5557002559964626	3.548861881369148	2.5539080140587864	1.9995200953402479	2.718423673339504	1.0682220487292515	2.2870779450677787	2.0236688883887743	1.046620877797615	1.7018080564274645	1.8062514217263497	1.0961301645645243	2.080798185237543	0.7138753801253608	0.9486535354520255	1.130159407850721	2.315849716724326	0.621141674645927	2.143625075495519	1.5393207084228926	2.76803096935102	1.6893386386345712	2.07844957124899	1.936871424504086	1.575120199013571	0.9910824113577168	2.765721178865142	0.5477866302837678	1.2849619581214375	1.7558610264197245	2.075294906361727	1.1171773135480474	2.2874633006719507	1.084843623603962	2.7331026950485118	2.3071983290239526	2.0338980055601286	0.6404765930572346	1.9269703926069948	1.2424863254748675	2.2122685500423587	1.172141078957904	1.9251384262542932	0.7914357842066002	1.6691756196816023	1.1719686629935702	2.0740949223455134	2.050534575811862	0.025445951520971413	2.3164003797829458	0.8942193926358672	0.7876233890264552	2.549942156047115	1.7665250563922172	2.913669357050107	1.075396573372787	1.7149933037111225	1.5538207328410871	0.7834287616474434	0.657557980475557	0.9192536230431754	1.0631529150970638
S106	3.8293194574698304	3.524736999870873	0.9657967837999011	2.395531350465326	2.2273699192369416	0.0	3.208788444916644	4.466195294218709	2.2600734683985575	0.603033308769732	2.3865070882620456	2.5101205462145897	1.6602383513554633	3.67307197934839	1.7706537895116417	0.39230868665912727	2.6851599559775914	1.4158935173182592	1.9716588494308367	2.0195396864958903	2.2241570959876626	2.588603951898054	1.6075110639355683	0.3262334330818958	3.3885060567696077	1.7473039035022484	2.7840729786625316	0.5992441696247538	0.7120051564534354	2.077762072884046	1.2879503733626108	2.941538682693466	1.0533325200680603	2.3865779893095085	2.882102834990097	2.244381295517303	2.759490705809946	1.8744241696763793	2.1298235339391787	1.9753889277067176	3.6960810627830583	2.1468249640163184	2.551152480257223	1.3361959225616675	1.0206710560755112	3.5556390106983504	2.831786169085148	0.713654358021359	2.566316296047158	2.9548994622041707	1.1807132398393312	1.8114622819959139	1.6198525699085533	1.680873661457961	0.8744820824111503	1.8734279230519546	1.423099346518933	1.1642739220706328	3.4985773986343234	0.5530298563676691	0.9268493811507976	0.5182758380270376	3.6987107863992885	2.614244081268795	0.9336401245628508	2.770125273460351	2.0164880155669014	0.920643939394839	1.9997674927810332	1.546977447442981	1.5676600160673018	1.2261645795948282	3.1061825078574232	2.1267273029143796	0.2317274408387157	2.8353875423518815	2.2098808947950106	2.9201902279312018	2.0411731743075316	2.0631818792781242	3.680429906255225	2.4135399519506233	0.9590545382732485	1.611055751049623	2.653127439872597	1.5581082536499873	2.212515354198456	1.8095521643520476	2.470951737304551	2.282433512967344	2.074645507848571	0.6871499605120359	3.3941041389261293	1.5270149519673855	2.4425279339791697	1.37153080388647	1.9717732049832721	1.7546939170960618	1.41030246919655	2.9562942055570183
S107	1.2374705405137134	2.9816887225649737	2.7557621463075037	1.5665649179636925	0.987468239194508	3.208788444916644	0.0	1.2775305950919453	1.1789686409735551	2.639165600757488	3.7935758772815165	1.413947333557312	1.6381106675038914	1.8880359896894487	2.4266397170181238	3.1758068185215027	2.5786246672353488	2.2385186495890657	1.2961331249489836	2.8475881278927297	2.3227844756028717	0.7922481552014247	2.955015794202045	3.275289702515688	1.153896946321241	2.340916384392227	1.2133472521268263	2.6330624261779803	3.0284141238580657	1.9496166617408948	2.5949299486910986	1.7941863267413833	2.2701352395913443	0.9436995901266783	1.041394139633169	2.0779022969923893	1.0764928981749873	3.1364759217249403	2.183758753827166	4.443299371301884	2.5891588394030958	2.6485217145001085	3.2703924301665093	1.9938445443128212	3.204878262337562	1.8939402546440818	1.1440801082554137	2.6566449366773988	2.2613213116008195	1.050444709894581	2.98501625040317	1.5294857075076593	1.7901318444795467	1.930607233303329	3.2475169585374104	1.4852383690060287	2.9924216082436974	2.4266583787630602	3.0066758097466386	2.6711003234606756	3.0042838245057153	2.9160245633106845	0.8482272627029389	1.3172394975443045	3.7187774280281696	0.47210032984626965	1.8822704524220195	2.692184280601007	2.7653400110351027	1.980474569911267	3.1124249769503485	2.027386799614041	3.152966471358663	3.0031067255235557	3.017037154389628	0.40210240958011717	2.555583961396981	1.296102003077731	2.9210595393082324	1.8479515971929439	1.6122566150135285	1.2510888378060971	2.5990841774853415	2.018463830032967	2.521170460728435	2.8771192512045602	1.0046963070469732	3.0955123244807594	1.220255217810136	1.2924524266271638	3.2729268593897896	2.7157500963374046	3.2517339343439993	1.9487344732133447	2.208935560926254	2.4282564590919202	1.5297302421456511	1.536243704764427	1.8486807262019467	1.013107520820115
S108	1.2070101015805184	3.427286991940149	3.9310046901777267	2.7071020994050947	2.2504578880226687	4.466195294218709	1.2775305950919453	0.0	2.299479168969806	3.906217961103208	4.715248917024457	2.5304800686340316	2.8458468767980456	2.1095820258772706	3.4595688383208625	4.407136701899283	3.316595838280183	3.3729653163636364	2.551365775187842	3.799137672093601	3.221848102491793	1.9761594650069034	3.9993899885544817	4.5093473059611275	1.5520382676765783	3.379636538510656	2.0371044439329014	3.8799782210541003	4.223465407793782	2.936335354216955	3.717551021679942	2.432681534931121	3.5374536734790842	2.1226300425328044	2.0815980491835653	2.9847239950017874	1.9587933156344166	4.337150396006031	3.1288061522299233	5.5379813272322265	2.8887101880308035	3.564160443093894	4.374709367035017	3.270486352030961	4.356477155724521	2.1754665749279183	1.9688772179228031	3.8785044087237317	3.049054096944142	1.8143725165796858	4.11935370155571	2.728473060152586	3.0553774273498218	3.046311302542155	4.41962436594732	2.6655172119699366	4.075506135204758	3.6960683161425765	3.47043031649082	3.9213967534917598	4.170308127671929	4.185165747894824	1.3032536963381713	2.237670608845481	4.907083387326237	1.7094824875590495	3.071383433902237	3.8755084846815824	3.7157680533008004	3.1273209931798283	4.1675480863426735	3.287106049754248	3.794221094248269	3.93320821065111	4.280547120556446	1.635239448205611	3.4595094419756203	2.011962463551459	3.86949851114283	2.872105199636982	1.7735395784122852	2.2697335567827213	3.7837624642808674	3.1448889529222526	3.2681851614113313	3.939034866493936	2.2681033487934483	4.102243948338987	2.391599046864154	2.5118439826778713	4.220260944978817	3.988119360989164	3.7959907633664467	3.1078714588885217	3.0406150440574073	3.55465576792025	2.648446759651534	2.7479102097092207	3.1121659987917005	1.7968663885918736
S109	1.576989837197149	2.2071045006396983	1.702428092769481	1.6955153132862395	0.5639357690101242	2.2600734683985575	1.1789686409735551	2.299479168969806	0.0	1.75905170487653	2.6368558505121467	1.6192548220415695	0.6031608846028345	1.6349656535596764	1.258869481131498	2.140139794560043	1.581878479114361	1.1231775907616541	0.8284616021116658	1.6924951467801523	1.2166341729196173	0.7187262014874339	1.7802254363447927	2.2507860376126922	1.165859347691209	1.1655873675709054	0.6080007061686208	1.664735621117197	1.9328401897607292	0.8064024893824636	1.4583592122893951	1.077580209869588	1.4696085371960668	0.32825939417148936	1.5926983418078522	1.0195462143496512	0.5293899463976568	2.8232013514448795	1.0592261255514064	3.2738454424836436	2.0180640769643756	1.5156395514748384	3.1949955908783867	1.371986772020604	2.063806908638232	1.545319396534806	0.6463069706754163	1.6382865982110155	1.2652640599838036	0.7200624333423776	1.8326689528738038	0.711212893055928	1.3313995036495823	0.7958174507263667	2.1313944836408623	0.39605416036560165	1.8176818483065305	1.844369743484764	2.2163045813308675	1.7079954429623516	1.8764485418045629	2.0553676874425393	1.9251542474221752	0.63463258782056	2.611831282497944	0.7543266249929206	1.732911955842308	1.5820268170598963	1.6174904730527877	0.8328493757102051	1.9351162875626284	1.24331636405246	2.2008130207642513	1.8582958200607145	2.0986552977699615	0.823680248995808	1.44325459439032	0.7716861935577903	1.7675362779147636	0.744378405851702	1.5253623663243145	0.27524407051298927	1.5015656156526815	0.8572631271755438	1.5227736736364845	1.7010268221353109	0.5726701567655657	1.9209623253006778	1.4210281537198342	1.3319706197689805	2.114154099187018	1.941129471072277	2.36653426439398	0.8211073873050858	1.1709688914049057	1.2663859960263992	0.366346720617311	0.6292687319962391	1.1383664215292533	0.7266213149881725
S110	3.335319099356094	3.3090967481724736	0.9608809729846637	1.8656231889128894	1.6568158153002772	0.603033308769732	2.639165600757488	3.906217961103208	1.75905170487653	0.0	2.509394138236728	1.9798893420110848	1.1644252413506873	3.2516800915214428	1.5491321340536894	0.7141397445602683	2.477837810157638	1.156800042363369	1.4263100458631681	1.9272196103545773	1.9864507497746922	2.0109930280878325	1.6122229881734267	0.7865414751644707	2.9166209585013796	1.5229646417145326	2.3174558307298945	0.3210166000035811	0.8695247011269722	1.7405547950267757	1.1839347398341042	2.564669385397497	0.4617728668197158	1.8406920608733919	2.318877437825302	1.9660959344645912	2.274824564316101	1.6712631477687747	1.844129919477734	2.376552920906203	3.3956637162753327	1.9908069932312324	2.2952797987836915	0.7630730378986943	1.2176033353198306	3.162196646830525	2.345761213519867	0.5868212271191878	2.2843646739856447	2.4685948252644807	1.2041209864781834	1.337570808356497	1.0717738887337116	1.3272876986073767	1.1381055569137226	1.3731116457629848	1.4555252207655949	0.7262054108203826	3.2854433362563458	0.2681821751620385	1.0379507944758686	0.34381947837687626	3.101635712408871	2.1249753615805096	1.3900898273388904	2.2021721470305535	1.5366753369781565	0.8336379462391051	1.9084913023491197	1.1722556472608459	1.6289267534110414	0.7158030950377976	2.9586039345140636	2.0595570234071183	0.38509263659194454	2.278701139157307	2.01051080323916	2.471088621469691	1.9640107329932417	1.6654133739329655	3.241127386098138	1.933265874354732	0.8267650800529157	1.2396951481968623	2.4388173748130657	1.5098773409853836	1.6402420299433391	1.8173460261290304	1.910616873096056	1.7095938585360402	2.1203175822290414	0.3927488396668506	3.2385864587136215	1.1399551729340893	2.163553325212142	1.1447240547596897	1.5211004886622648	1.2636642882935143	0.876339313341464	2.457445620180174
S111	3.620778582250093	1.9524321835082352	1.937459897070053	3.951484843313538	3.065662321496811	2.3865070882620456	3.7935758772815165	4.715248917024457	2.6368558505121467	2.509394138236728	0.0	3.9533603100155137	2.417875949753029	2.954472194298322	1.41044613532995	2.00737839780869	1.4852950846257422	1.8974279382333488	3.0801333737827745	0.9464394253617437	1.5090755321155895	3.2253271285438627	1.04256545747344	2.0828034618717957	3.2080282224522856	1.5062361281711045	2.6878187413245604	2.262318013464646	1.7231426345816792	1.846677074120994	1.6167099147304633	2.3272691762173143	2.6520704378641615	2.9106755990787305	4.116498736142599	1.852943865000363	2.7858654976326007	4.158368148538374	1.6159088761568907	1.2635111827389822	2.448613650972596	1.1585359636261985	4.791773817930823	2.9832666809063997	1.3948565606627594	2.816166894665629	2.778285472506827	2.101447810984742	1.687997355486342	2.907693885180316	1.3133981728448991	2.6921582219717903	3.202088619705322	2.041729192979589	1.577624416560985	2.4453295911500073	1.1051138177061148	3.181025970846467	1.9012880026159862	2.2742564206361915	1.537842547732759	2.5964553153343637	4.529005336122961	2.624761906286028	1.6885943192252106	3.3783706991536557	3.7248567917061073	1.73149666246005	1.115078527974116	2.0008020277600074	0.942084012249456	2.7084801302590806	1.3594866989561298	0.8017014516838101	2.44976761784522	3.4554161177275597	1.272719498972471	2.704906254437152	0.8737844204489272	1.997795740344718	3.163067825187496	2.5475284171495804	1.8206552838636023	1.9065808717598358	1.5252640212255102	1.0785574070641235	3.060487733964828	0.7700778313462157	3.8173724511940876	3.6588596150634536	0.6388146438848785	2.819913605406674	1.595801531049746	2.072871068360324	1.677621982721321	1.5934517928500935	2.3292455290062906	2.604557513822476	2.8275864792103627	2.9436825425208712
S112	2.5568300000017143	3.8018476504575256	2.3170719595955083	0.22993754037586223	1.121913995651854	2.5101205462145897	1.413947333557312	2.5304800686340316	1.6192548220415695	1.9798893420110848	3.9533603100155137	0.0	1.5613490627101756	3.0627707731715423	2.6127156684801047	2.6489072748618963	3.138823192696166	2.0875366686707824	0.888442610645058	3.078258113698884	2.7139199230294433	1.409664516146075	2.9440699047526326	2.6863832757194555	2.308332820052691	2.481602179699177	2.095244126904108	2.0618085984468806	2.6237002876674373	2.3113170562815726	2.4114494798609982	2.6469314758958262	1.7118871618720057	1.4610147306710641	0.4932000442859938	2.431681601904401	1.956328614016201	1.8435753188091455	2.5740919730451544	4.208925278604059	3.5660722855061886	2.9676162513748925	1.9200257564029772	1.230237661745042	2.908505190460866	2.9782357930553833	2.086914625293327	2.1463333094859127	2.861640934642927	2.0639791311135514	2.832275183480902	1.297788614446385	0.9095165964488661	1.9446534163600215	2.8599473263909228	1.614636340861817	2.9110180869788254	1.4380999172706643	3.8217374562053528	2.095005221163782	2.6894785653380366	2.2260051985383553	1.589253160736249	2.100285303388695	3.26031428779155	1.3081760413273713	0.5905051163106063	2.38358287869329	2.948711153092624	1.960137557625075	3.0699363340238657	1.3778691234284075	3.7917456944217633	3.262588994197728	2.3222116925558214	1.240906342657403	2.9421260649018484	2.2265905286328165	3.153706260999306	2.242019982976375	2.804878831282172	1.8732690954907154	2.2705597275276888	2.0945754502079668	3.070962779850963	2.9033428069273945	1.1251117888535505	3.186063764989745	0.2721511311687867	0.44998891617074954	3.3991307198586242	1.8562398210441051	3.967322972776588	1.883493598535343	2.74079575851181	2.3878212499084337	1.7532509434301669	1.3646243663182551	1.2047229788198937	2.052330163019098
S113	2.177325363187041	2.4686132429580074	1.1812976071243873	1.573026882099574	0.7138513260412829	1.6602383513554633	1.6381106675038914	2.8458468767980456	0.6031608846028345	1.1644252413506873	2.417875949753029	1.5613490627101756	0.0	2.1601221243354587	1.0515711756114652	1.564799512655371	1.7053054381110504	0.7004031499834584	0.683018359511223	1.5289300949972786	1.2310266977147426	1.0657072040563178	1.4596579890514056	1.6679271570839302	1.752299994550803	0.9468887411706388	1.1717553290161185	1.0640019429991414	1.3910107274031422	0.8379905116720623	1.0285786872688145	1.499768036147341	0.9297295528724175	0.7632020919786693	1.706903341743049	1.0832855628031095	1.1206792813123914	2.3672722628094327	1.0660381794242277	2.846963770032266	2.4075939719263033	1.4328069848016036	2.824497982007099	0.8902199761614645	1.5790749128755601	2.0534092665055694	1.216486766271726	1.0565023514312883	1.4355900126418015	1.3153726026275736	1.3940682514040492	0.45220081706653287	0.9530826752153453	0.49472718560283874	1.6156290158068407	0.24161490133539895	1.440952950057913	1.330279740607057	2.4662683028912435	1.107856029689621	1.3729260557829248	1.4723927410171491	2.2872494269344994	1.0808195515867116	2.080891580381797	1.187841307355453	1.4606467156291967	1.0556380845118059	1.451994983822365	0.425683933131146	1.5906246507053543	0.6976915486320567	2.31378078760414	1.7058758666593345	1.4989065647411326	1.254265035336031	1.4047782488102039	1.3232531824533051	1.6001416174052279	0.7857486729473189	2.092145321043997	0.7972435998695054	0.9687692076020359	0.5342711380478775	1.6489359446916119	1.3767914449401302	0.707141573247324	1.653018888215838	1.4028677946436476	1.2522677011146637	1.8946684704632915	1.3564753224051336	2.5334020522652376	0.3752475588630849	1.3082806206830693	0.8683784680484926	0.3895297756508335	0.2884759628391918	0.6506238284016244	1.3193817063539028
S114	0.9726605637177657	1.3939543738890552	3.0129212566262393	3.181577002146894	2.066121154078263	3.67307197934839	1.8880359896894487	2.1095820258772706	1.6349656535596764	3.2516800915214428	2.954472194298322	3.0627707731715423	2.1601221243354587	0.0	2.054901529030725	3.4396358790626596	1.5356141745263507	2.396082779345617	2.429973041375543	2.1924017516536356	1.689542023312778	1.8302881751099611	2.5905098937109585	3.574591601856032	0.9250497512614855	2.063352539125825	1.0359059426170432	3.11689295340638	3.16263857198069	1.6369796415390039	2.606981163114673	0.8104283729440349	2.974433887976243	1.7050710087813874	2.8417687190373164	1.6931076756469505	1.1453287777431183	4.4448230396415624	1.6524519559334012	4.0222390586478	0.8932753430405508	1.9482885421470562	4.783967707513788	2.983919757344518	3.139205639580421	0.43875418823123835	1.0218379349032107	3.0437352234870767	1.3318011546624002	1.0055231583460555	2.830518358583266	2.2945769939227056	2.9572370103981833	2.0941359683971954	3.283066046249873	1.9367572531537556	2.713495364480305	3.4598663459131584	1.4136789040081532	3.154084602547105	3.027929085665397	3.5078912177433828	2.5419008729213477	1.2192540918548134	3.7342739607457838	1.7974183718481158	3.3188438970204146	2.830056474028137	2.2083756323739046	2.1549077361454603	2.7363506554990433	2.8500554102700217	1.7857677362550086	2.25192291670855	3.54211120776042	1.8536809820740425	1.810621259102312	0.9161101957387442	2.2366142138198937	1.626675271299178	0.5326162317270422	1.3820197892657058	2.79408171818411	2.0623098148474273	1.5264361004000155	2.5096590610643705	2.0767850366532814	2.5482346548470227	2.849489571874218	2.8135588394803737	2.608977901004574	3.505005297334541	1.7477490130007007	2.1974849879171203	1.4271975554771215	2.362894379859274	1.8044069765187716	2.2337000082424483	2.765923793161994	1.0178170021078496
S115	2.499588805613493	1.7810856605195613	1.2021958985307089	2.619397491876013	1.6613310026110022	1.7706537895116417	2.4266397170181238	3.4595688383208625	1.258869481131498	1.5491321340536894	1.41044613532995	2.6127156684801047	1.0515711756114652	2.054901529030725	0.0	1.461871843351049	0.973467191510347	0.7833005910092264	1.729778373500869	0.5143939184398124	0.5482882806442472	1.8249295653604716	0.675378302036233	1.5979430371282815	2.064997262728573	0.2936483782191036	1.4406766663408292	1.3373019089295637	1.162351250000185	0.55828386119164	0.7624579580847293	1.3298637670937516	1.5011222366158334	1.513321041871134	2.731773376309307	0.8317032221663071	1.5032172566264914	3.1418647260310513	0.4210766197833887	2.0932293015435683	1.960011719467519	0.484646648658751	3.695497340914833	1.7530746401574937	1.1035517836029973	1.947684191814164	1.5121345263031185	1.2286307780349202	0.8160800116178262	1.6613873808976716	0.7790250967452242	1.3919793364395845	1.9290042582787947	0.7694672344475424	1.264830275732742	1.0448547591900024	0.7100919409137012	2.082652609155614	1.7484826325885954	1.3634189747673378	1.0129290223174623	1.7537205110509952	3.134427249398034	1.3207225124834656	1.6846876955044143	1.9899558284611805	2.4668636878067844	0.8861409099256025	0.6243328317567202	0.6758732551817895	0.786967094291526	1.5116739357833433	1.4161629017017159	0.6633073907828062	1.7025904872478317	2.0821983085790334	0.4615172659427446	1.522379715667719	0.5687459621388554	0.6349230979394542	2.1768440394906055	1.2015471525962809	0.9163940103846332	0.5223474632645013	0.9555194094681693	0.4913423567369092	1.6554150868470507	0.6884820662755019	2.449057076875766	2.29128681127897	0.9717087771503226	1.8768964017982066	1.6907522561187152	0.7654215518864242	0.729520133855371	0.414441482328461	0.959848648813211	1.2736033727516833	1.5750436496067686	1.678581785729817
S116	3.6838097139494255	3.2010023829748926	0.8438094579600567	2.5539443354009164	2.1961793673460224	0.39230868665912727	3.1758068185215027	4.407136701899283	2.140139794560043	0.7141397445602683	2.00737839780869	2.6489072748618963	1.564799512655371	3.4396358790626596	1.461871843351049	0.0	2.374834124884609	1.2411980408278402	2.0007075176771014	1.6705063393401465	1.9362547821154652	2.5248936800317927	1.2731108871603967	0.20679034553626277	3.238058095596465	1.4700667514225734	2.6128527621613507	0.5965052985676194	0.3995012923215544	1.837509399320148	1.050923215791395	2.7051556894654682	1.0949540979103087	2.2972007099903076	2.9778593505968485	2.015510691623735	2.607592695495205	2.223560534203282	1.848469487585643	1.6762543545992503	3.4095293978804264	1.8184554911155664	2.889706715076795	1.4528740639868296	0.6779859445733664	3.3272746150449235	2.6643531481783946	0.6375254623036294	2.2729928022137194	2.800166319057398	0.8053768642942428	1.7826731896624697	1.7471567650101203	1.5147958018708239	0.5773511924109285	1.7547610369477493	1.0748926846747824	1.4037171495594056	3.168680084797001	0.5553643241366625	0.6058616292739498	0.6859548832288975	3.717190960990989	2.434591762819015	0.6874426367257165	2.7207060005443093	2.2097580708960654	0.6613406500947934	1.6851486154602844	1.3678655450325177	1.2145544635132293	1.2946638095108536	2.7507303824144573	1.7619264022154189	0.4716227302748642	2.7985186340217187	1.8818293242353996	2.7407724349238434	1.6836439200175464	1.8297752670059229	3.4859531028587254	2.255590950477949	0.7519898145221627	1.394890580376883	2.3503615874126593	1.1987223319026774	2.18167974409976	1.4414716924104831	2.5780462400881765	2.383858495027384	1.723884728083939	0.9519901203181941	3.0443156880712965	1.3694259662249715	2.160290998322569	1.0899346157924337	1.827792413122475	1.7051442878181828	1.4761613596285708	2.802920930369396
S117	2.1697789000136045	0.8543582857645797	1.934608409088126	3.2074544559897364	2.131765800666786	2.6851599559775914	2.5786246672353488	3.316595838280183	1.581878479114361	2.477837810157638	1.4852950846257422	3.138823192696166	1.7053054381110504	1.5356141745263507	0.973467191510347	2.374834124884609	0.0	1.4579960560484237	2.2757824340747757	0.7984700237225404	0.5011106906473192	2.193046527761529	1.2222516590462924	2.4812546541334184	1.7791016268913784	0.961563853885532	1.3807220991271678	2.2396171819938844	2.0232389749007518	0.8709489855446246	1.4724810191500113	0.890234426784346	2.4065596111772187	1.8643786675083747	3.1586166924248196	0.7814346297582452	1.5071849399418862	3.992867515261344	0.6891961295781025	2.5820629436629368	1.097045965125221	0.5759896249562269	4.505682258871469	2.5567705164491645	1.8717071919129853	1.3388749570194336	1.495998488221054	2.081413865003594	0.4042096807948559	1.5759570035074326	1.6436986304641554	1.911249195937136	2.650170055328795	1.3385467060740979	2.039747754211274	1.6097863129774042	1.3945418831873062	2.9316079490061284	0.8567123718005595	2.2804473280339033	1.8327563545998333	2.7109693030452946	3.370355338991363	1.487995474251028	2.4501760863526743	2.2503876435883416	3.1246690812726063	1.7675371003007567	0.7892234486283943	1.3999270951106046	1.3522724777456656	2.28498122825929	0.7323690548616877	0.8560761692329231	2.6364959329006212	2.2997236141993205	0.581872988463793	1.3341772652527388	0.8424091684994874	1.12010722390449	1.6874944139639916	1.406731949839333	1.7630250535545167	1.3107047583820157	0.0849714963778544	1.240150678013849	2.135869553835902	1.1485546763167218	2.9726178141707575	2.8705951716928078	1.100684164473327	2.7665461944643086	0.8740286817347841	1.4695484792576894	0.42263724701235583	1.3515546768500264	1.4041479612377974	1.8392133992181705	2.3078234297572813	1.6376346488449411
S118	2.556755025445719	2.303374469549852	0.6239270457924307	2.1000182895997797	1.389826352810631	1.4158935173182592	2.2385186495890657	3.3729653163636364	1.1231775907616541	1.156800042363369	1.8974279382333488	2.0875366686707824	0.7004031499834584	2.396082779345617	0.7833005910092264	1.2411980408278402	1.4579960560484237	0.0	1.2445430030347828	1.104020737605897	0.9723646588557571	1.7366634051713485	0.8668604161293106	1.3038233142797007	2.0862549347280406	0.5612168014280439	1.5300369645269303	0.8899536687156994	0.9299623330250018	0.7936118202110146	0.36388248807171353	1.6132369815005154	1.1924993207858412	1.3889028729104678	2.30552504868476	0.8499512656325205	1.5314249012776047	2.5859977302366186	0.9316123539942501	2.289389160939794	2.381422093382023	1.0736292447605167	3.134908031533804	1.2691399051509065	1.026173773259335	2.2048497623843355	1.6338792035406626	0.7125424784063309	1.3419190234950729	1.717705554666455	0.9689834371018663	0.8351163182515544	1.3958480838616902	0.33892929107776115	1.0671882656693075	0.8493726397875374	0.8716498895120803	1.5509097735660713	2.3072927846269424	0.9549524775322057	0.841710835384685	1.4567900092032184	2.949199128077395	1.534890781430896	1.5762047422672931	1.8168321602188795	1.8709193229096106	0.6055025694177159	0.9332563976246459	0.3696392553040386	1.0086100153320627	0.9212623105410421	2.0697268997156444	1.3022702616932336	1.3447593479708453	1.8434954652143356	1.1574451316528243	1.620563131517481	1.181123600705116	0.9817417209539336	2.345140296986294	1.2306148773581715	0.49087735343155486	0.5524469961476355	1.401144402121878	0.9203151337050955	1.387411673805782	1.1512111791128894	1.9874268680768128	1.8542867209393779	1.3253488933550839	1.3614739263361608	2.2973812550574753	0.351699105214985	1.1747067560007796	0.5391933675632736	0.76233098923412	0.7797213939223453	1.0088159890511448	1.7612968395917568
S119	2.160273905515283	2.9827564952534464	1.5958289415524782	0.9341009451765925	0.47828224578321804	1.9716588494308367	1.2961331249489836	2.551365775187842	0.8284616021116658	1.4263100458631681	3.0801333737827745	0.888442610645058	0.683018359511223	2.429973041375543	1.729778373500869	2.0007075176771014	2.2757824340747757	1.2445430030347828	0.0	2.192059338829901	1.8341699878734832	0.9502754926218681	2.0878150593489444	2.0667564713063227	1.7960766081843647	1.5965141622378332	1.39929978211761	1.4163665872934015	1.8942818075649692	1.4328890198199578	1.5873692957108898	1.8835033336969198	1.150012517262949	0.7888541744524535	1.0657665719788256	1.5806497515943285	1.285911191854409	2.0742672510868227	1.6927023792667721	3.4382386070018223	2.817267371857015	2.079676996683939	2.4053506445444115	0.7873037982432649	2.1364681788538484	2.320901379465562	1.4221849559729045	1.453289012587655	2.0045598118671317	1.4453076607482558	2.0191224195303064	0.45519462132550864	0.5938091405345	1.0670926130720926	2.125235927413211	0.7481075275633156	2.06892502026179	1.208212107882413	2.9959970327937913	1.460817383218419	1.9191183740166158	1.7324315513564958	1.846644970500782	1.390951947749555	2.5725462797305596	0.9387594969657918	0.9072647293387699	1.6024711149853248	2.0719352943018414	1.080790226022845	2.221815782935671	0.7513572881276084	2.9234880019599436	2.3764975479304353	1.7903961248981861	0.9308377475426974	2.056915178367049	1.5445538401563745	2.2680346642465015	1.3866492656875422	2.243623427637267	1.101588413772728	1.490613265476404	1.2167808046672675	2.2102488694309703	2.0414171065343547	0.4804802664784821	2.315216836490987	0.7512275370167673	0.6505568546450803	2.5290536100304397	1.4496649639793	3.1127841742997377	1.007564957381503	1.8768957740054493	1.5301933111440424	0.8796049468246845	0.48427486007655396	0.5695214899251138	1.4469592825188882
S120	2.750308035525357	1.5605277681833958	1.3980275106909774	3.0946141910517464	2.1415969751474893	2.0195396864958903	2.8475881278927297	3.799137672093601	1.6924951467801523	1.9272196103545773	0.9464394253617437	3.078258113698884	1.5289300949972786	2.1924017516536356	0.5143939184398124	1.6705063393401465	0.7984700237225404	1.104020737605897	2.192059338829901	0.0	0.6020849932659298	2.296994956076572	0.5232489420570584	1.7810380489924107	2.32016123560631	0.6009943690126032	1.763883874048622	1.6794849615745793	1.330802158629164	0.9008303326356647	0.9515469620463624	1.4831748970449703	1.9573359096695968	1.9709499407040332	3.2022474673937182	0.973096679693957	1.8525752240475324	3.5540059856807193	0.6788995268207278	1.8407559708757333	1.8793481855819762	0.25696278189659877	4.134190938283895	2.2193722518226697	1.1324315328293664	2.0481907497824583	1.856793046420775	1.5240354485848646	0.8613322600448436	1.9862470983017604	0.8935661243390026	1.8131389696621947	2.3969059913484125	1.1559301643175306	1.3224669854012139	1.5262922309326632	0.6541537544454518	2.5096312018203926	1.525797549806309	1.70668213490522	1.1341073006899418	2.105031240971301	3.5901410042829465	1.7131326606342199	1.6833851945210405	2.4344627071472438	2.920405177600224	1.149709124610663	0.36325300835022917	1.1245497043084782	0.6017794373120692	1.9446680252089852	1.1035729428003314	0.2099958154590959	2.0041063906443513	2.5097479153566207	0.40416571600409545	1.7983002403887671	0.09391608100173753	1.0780358949822724	2.3460902940045796	1.6040403970598927	1.1970634863355534	1.018309469236349	0.8071789205241731	0.47947043163869874	2.1380841150800127	0.36141519238396513	2.927199941007854	2.779947761179011	0.5186428467292891	2.245142656448769	1.380502812618118	1.2042008232503008	0.8047815162748915	0.8140304784034783	1.3951872540085433	1.717765329928105	2.0266279980823447	2.0218814535719645
S121	2.1650681585203917	1.3410799429766518	1.4839306080277204	2.766083465020365	1.7340697907598026	2.2241570959876626	2.3227844756028717	3.221848102491793	1.2166341729196173	1.9864507497746922	1.5090755321155895	2.7139199230294433	1.2310266977147426	1.689542023312778	0.5482882806442472	1.9362547821154652	0.5011106906473192	0.9723646588557571	1.8341699878734832	0.6020849932659298	0.0	1.8639060018168	0.9065313249440707	2.0442630653932197	1.725683309158982	0.4782255636036685	1.2014347700230525	1.7514505381505066	1.5929999126813266	0.42691195105137075	1.0233112382640839	0.9207607726749807	1.916987966695415	1.5150564088889478	2.778185173432882	0.44729320130671085	1.2963483201033836	3.492459976988918	0.2689466258266101	2.4123903595478438	1.4830128407558991	0.36028459809507635	4.011337839981073	2.063527077394988	1.4976965662168682	1.5062010015964002	1.3178253407170057	1.6013966092037704	0.4239912410629333	1.419867474290278	1.2640528723015827	1.459841686898499	2.1685576062739536	0.8535359560332958	1.6498409022009088	1.1660421547325275	1.0499911732806653	2.43115771885684	1.337388530008601	1.7941454987961634	1.4190886292010103	2.2323271424265596	3.102933507223291	1.2549184245392808	2.0978724225044383	1.9445635760244981	2.6561822964490354	1.3062140266969844	0.5391989737855893	0.9016419228877924	1.0637835451606015	1.7880676187518247	1.140602697533989	0.7591848033233316	2.162052140845194	1.999498005639507	0.39020927551044593	1.215802734933925	0.6817619460578853	0.7374197410246011	1.7756413346253268	1.098384568521523	1.290426877380489	0.8233318078689463	0.45441801889857886	0.9019640869097229	1.7359216338160843	0.931358044614023	2.554122930790654	2.437710160059797	1.0068789921311407	2.2694523411414758	1.3455915814843182	0.9727067518134609	0.26692705971681213	0.8826829596944584	0.9710742623134856	1.378042155356965	1.818157120598126	1.4732435163177129
