	S001	S002	S003	S004	S005	S006	S007	S008	S009	S010	S011	S012	S013	S014	S015	S016	S017	S018	S019	S020	S021	S022	S023	S024	S025	S026	S027	S028	S029	S030	S031	S032	S033	S034	S035	S036	S037	S038	S039	S040	S041	S042	S043	S044	S045	S046	S047	S048	S049	S050	S051	S052	S053	S054	S055	S056	S057	S058	S059	S060	S061	S062	S063	S064	S065	S066	S067	S068	S069	S070	S071	S072	S073	S074	S075	S076	S077	S078	S079	S080	S081	S082	S083	S084	S085	S086	S087	S088	S089	S090	S091	S092	S093	S094	S095	S096	S097	S098	S099	S100
S001	0.0	2.5623019077526528	1.3543970124932123	3.198595034891233	2.709738502822654	1.9872597213624796	2.3271159902720386	4.198002681602921	2.9502133940236726	4.01661464826203	1.850634425040061	2.7328971729198352	4.041870982995401	4.456079417037436	2.2303870809479056	2.67523346354353	3.0233842208628263	3.0593308514835207	2.906341425254031	2.7210266493531665	3.5844563211756904	2.6615396357688947	2.046760850999113	1.4486807868835383	3.3757993380454736	1.6088202711590789	4.681371170055661	3.353298335412124	2.609573975990951	2.4301974145381546	2.761878887223679	4.3920280349947864	3.706797290098375	3.4888994703521803	4.4269697235631	2.8572550486840593	2.523667361247071	2.8249954074618153	2.251905771279026	3.436842844270957	3.462639608003686	0.7897074452725118	2.6087096415770095	2.5961569898684242	1.3212568078136582	2.4324478784139263	2.530327577380855	3.5922464465296806	1.7875811771574668	2.3323840847146426	2.5293590479558477	1.1173991686361642	2.6262761039933973	2.666834097728094	1.3331495116589562	1.8532519793983528	1.7355049149699968	1.231229361369316	3.1631938672201665	3.2522652513789825	1.7611548554981706	2.327476366659327	3.60297215405581	2.8268465591230627	1.6249829142339836	3.2763444362612426	1.9916228443099597	1.127660393912228	3.491826970655299	3.6745296816514657	3.784099283343549	3.8898032078313634	3.2968631450674524	1.9085007971268324	2.4943799157987665	3.236121151734351	3.2181662492221337	2.5089576903303086	3.655725731633507	1.3314150432722576	2.4338967583766835	2.7234728260882415	2.7861623099894572	2.7500004973247094	3.3657619421175755	3.1547462440543965	2.4445329889579	2.750636035458829	3.0160090956986	2.567402728507655	2.976973782223287	2.791751318588802	0.8059049853823631	3.7462249406348875	3.45656414007662	3.575040283861082	0.3614634977827936	3.6301236427285413	4.1955421850099475	0.9407166002525675
S002	2.5623019077526528	0.0	2.1156287777074354	3.5429615463407513	4.080837473014349	2.7330604995892966	2.13472562824308	3.054827135467685	2.881896013662097	3.0861620085048713	2.3023080299370875	2.2908366745011195	3.532263652126812	4.13006127332007	0.6751579880770938	2.828709179114949	3.9721031287441138	3.761981837172216	2.8078027460309816	4.8997274747394695	1.9911996448131672	2.5555288881456852	1.9402839598040502	2.3710501761603022	3.33908118987798	3.350260495834662	2.548862366557124	2.033568125984758	1.5988336768881968	2.8976071103970336	3.625793480111723	3.2023056431247405	2.5468770556153273	3.211867162984702	3.5867985663506268	2.184014572474955	2.1167802079380675	0.8860836293382937	1.8325492200668878	3.322296152810128	3.72096887161229	2.020016824664509	2.6590650070322424	1.3907623483740066	1.6729226015287126	2.670870976461158	0.5392924790948996	2.1446140088994543	2.5629364277012514	2.508402992882743	2.503645572790625	2.155573805691706	1.204162273525025	2.25793672700537	2.162034290865318	2.5518790953683412	2.8598020051418844	2.507933333329435	2.3734166935816874	2.4763151795919063	2.295691416648196	2.6935854690499204	3.905589330975618	2.0004367866241264	2.4195550113369184	2.625005820858062	1.941341479773251	2.284839806386181	2.867424624702394	3.410085627467652	2.893508343573347	4.412824022161188	2.815921562114387	2.7073293552648283	3.5069605243134796	0.9417397503180854	3.1361543840774546	2.1800959258444594	3.45009983961574	2.878086815562702	3.4558103965305724	1.7501624679241352	0.5689989644285056	1.591535101970779	3.1650684058118186	0.6268188507473867	3.385995987737372	3.544344196226575	2.0868597821234425	1.0110750838351668	2.4635865329503295	1.9396111444914197	3.3369488857055223	4.053171165576796	2.6366115477177785	3.239902098956337	2.315719189508558	1.6257976000494505	3.7623362210675295	3.157099974862893
S003	1.3543970124932123	2.1156287777074354	0.0	3.4957556647842982	2.616951846522556	2.6358185854608402	1.2325206405837572	3.2426692420056242	2.2845119674881116	3.3143108046683474	2.3421145300047574	1.6383546805351952	3.0633122737759506	4.019812862473928	1.5729532517037739	1.7958799687937042	3.044870040220003	2.751247451965778	2.5863732382054883	3.3544661163367855	3.2779523856794155	1.9024611003236986	1.0828826216892362	1.6446427054006778	3.3815675049906053	1.5249146523331851	3.6050183120908033	2.1108322916182973	1.947300097867346	2.9328791226996396	2.6361773806895026	4.524844919746164	2.8235653080498238	3.2960214354032824	3.2769882094580587	1.8620939631710098	1.6079201635232472	1.9365776457402424	1.5517592582400281	2.7636917534980854	2.798865508814738	1.0866463519756628	1.8715612851298962	2.1145572888206976	0.9623210986002849	2.2237063954089997	2.2653373335218636	3.0814071795226137	1.0222876886178158	1.006603640295991	1.534128961301445	1.9491821611150666	1.8438218765027532	2.913078180230484	0.1481455568625825	2.087570371563534	2.3809607291872776	0.9557430032445107	2.3666639200224373	2.604846399210925	1.3564635280202904	1.8358376896425253	3.860838429719012	1.9405880937905624	0.6476554657302563	2.9844283126786117	2.4456493531288155	1.7457079130803699	3.0430000875440997	3.4070816976413467	3.4304812070381705	3.065697948350082	1.9457462493792264	1.0315676247952237	2.3206972928581933	3.002338748351598	2.173979922904228	2.371707707239802	3.824679830804153	2.0866173502523	2.503184623314499	2.214763172512537	2.3021234801805304	1.6443784338763172	2.4873229839653357	2.6046673713278388	1.5185861757419408	2.323640652560257	2.13112446234316	2.147889982871253	1.7626133136549076	3.2214406097491874	2.04688460375927	3.464943729575777	3.5465536413661343	2.7791130145082823	1.4574555913436003	3.1572583924090534	4.253726974389559	1.3960190145745304
S004	3.198595034891233	3.5429615463407513	3.4957556647842982	0.0	2.5773076459476685	1.4195363134155	3.1126537635685114	3.4481028697732437	2.3114906444372507	2.6650168712961935	1.5940475375715653	3.1860014449817298	3.453654484067406	2.277328373487054	3.2285766663264814	2.8416468189018174	1.6445712664422951	2.1028478680826796	1.514459186421307	3.2151557479646904	2.47374373525917	2.471679367356085	2.8855027960118513	1.8934572563443666	0.7331416001739478	3.025196382928236	5.193171666433996	4.410077132459706	2.5086675391082363	0.9698900577496149	1.7949641497636932	2.5350358346924096	3.05158819789542	1.2278978184196938	4.188807563702951	2.9942772507522455	2.7695691929973174	3.7937212270104257	2.4564705800209947	2.4548462441574443	2.717705074444965	3.599576835099305	2.466959878186005	2.4032424252576146	3.8109980897598397	1.4938472738114208	3.844365082268375	2.4831191137393502	2.8592981904473573	4.204548323947314	2.9734789141830364	2.4752673613011074	2.9749164048135195	1.4779151650659885	3.376519844561174	1.4307747576769365	1.50984530579398	2.7027342524261955	2.606161479699257	2.289414892222514	2.230789705988672	2.113863860592102	0.4274287253319885	2.791615523976253	3.159042192533524	1.5633122871863536	1.9963278549063488	2.1187431625948285	1.8569923455776611	1.4499424969400865	1.8662439613086315	3.8115359258146086	4.519844769193573	3.0925701354191126	2.0738967470122858	3.609369873732119	3.373243308309211	1.4765220494424423	0.7804303282661472	1.9417564869235968	1.5749427791210688	2.215693704611314	3.2036533353524668	3.5041019718129465	2.925700135056809	3.71450109719315	3.7843812216222927	2.412460760288585	2.827784137345053	2.6511947251714236	3.603568659306727	2.886308059781655	3.5143832197050844	1.8608794737656764	1.594793907130491	2.745128744054768	3.125437866818939	3.0337119045298713	1.2870155740194453	3.199516258631333
S005	2.709738502822654	4.080837473014349	2.616951846522556	2.5773076459476685	0.0	2.6642134586540025	2.3953817275300087	3.4878726862328766	1.896315247177482	3.1495462208465383	2.7098379791018785	2.5313371201083736	2.810987547014244	2.873364712077125	3.466571476165084	1.8157074933616044	1.062614244763843	0.9919841685037378	2.0805524663476627	1.7705833371066246	3.95637150256471	1.983664616985964	2.3408872327414585	1.9388066714567993	2.54966109732579	1.2994982726162843	5.313677990329361	3.9469419579715415	2.8782056763678705	2.6962457979389596	0.911494333053597	4.818054466564293	3.244320978180931	2.5854202662101735	3.527553442394036	2.640039044749761	2.3770738198856347	3.9212144003544647	2.4129831911757096	2.023517694590041	1.6353729905993628	3.2160414473604666	1.8272796595435021	3.109732455496304	3.4303250539560177	1.8066612675432334	4.383802900478601	3.598369929294936	1.7184003789926134	3.028039059436416	2.100806974626802	2.972074022153909	3.2465359789537818	3.251157653210191	2.4724713926959865	1.97846324384558	2.215979576813289	1.7748030733568303	2.6919202998846266	2.709154820372873	1.787060856453146	1.5483250469282432	2.723721233163825	2.7230192801580775	2.0463764703251037	2.834591157781253	3.233724954172133	2.4056968409150294	2.7225935514231367	2.5487476855193325	3.24181140700818	1.9407861757046374	3.426403732410377	1.755014681678794	0.6907510717352975	4.684913457225477	2.238826022532189	2.5421206544156294	3.206240760861583	2.072442198146862	1.0427734219438995	2.890849080287206	3.9315823758350357	3.2511951498082565	2.17669630722608	4.413788675123129	1.9131835862287314	0.8594188384892562	2.8301897921726358	3.4327684904045666	2.789866583556487	4.3915945171152755	2.8679190730951154	1.8300193344577638	3.696176205646919	2.3272515670358596	2.9277012402681275	4.212278053654769	3.568451902964734	1.9681498806004083
S006	1.9872597213624796	2.7330604995892966	2.6358185854608402	1.4195363134155	2.6642134586540025	0.0	2.7421486707627043	3.7891845729342135	2.5524494558294912	3.225052569394842	0.4371228243441781	2.979392796143473	3.8271201636802763	3.3297764293481333	2.495587231143683	2.7931856165431004	2.2073516341977197	2.5534281282008404	1.94925092373407	2.902751598986737	2.513324560809677	2.4813741134757232	2.419347165810668	1.123654274666559	1.8191209604364875	2.4606999992572653	4.8982016238323665	3.9605697122573367	2.263699609499825	0.4889666199910089	2.157489276901023	2.7685167019048524	3.272862613688075	2.133694331576248	4.425272531554267	2.8725048266981426	2.563662614235456	3.1773578429149847	2.1318600807771166	2.928375694017045	3.1533105637321026	2.394211279817762	2.4711072818893185	2.0747403785539795	2.7031122164185977	1.608099103222693	2.8782397766339	2.6770945643584385	2.3810543562309583	3.5405660312760063	2.780447140894439	1.1101141491406885	2.5613549217518568	1.0977315406845958	2.5467922513609507	0.8764235323568218	0.49323664238963794	1.9807445817293847	2.745821067278088	2.572352374001691	1.778363589030735	2.066802391863025	1.8395974404760365	2.676162275681545	2.5314042854738275	2.0651704257514796	0.9025329316033573	0.929947585877658	2.4539801544327355	2.4042506353509827	2.527973053511785	4.07593072770406	4.1329661776923805	2.630475057028616	2.1925702636615036	2.9218172281270443	3.413654263546515	1.41154502123976	1.8300364391557966	0.9050745631298251	1.74720347532104	2.087764459698518	2.6019225282228313	3.0872932257692307	3.183013836325898	3.10086455398726	3.394694809993171	2.590445160470464	2.790448081010261	2.147453697542382	3.382683750090238	1.9555150178856595	2.311217626262091	2.7807170388254185	1.830638213874306	3.159308870693031	1.8418597833994508	2.894824286765839	2.4135282264981854	2.2983031403874707
S007	2.3271159902720386	2.13472562824308	1.2325206405837572	3.1126537635685114	2.3953817275300087	2.7421486707627043	0.0	2.0312505341895024	1.2704349750264547	2.172901424427967	2.4168505710118735	0.41543502395987264	1.8614472751847435	3.0003737966916226	1.4636788392225621	0.8099063026670269	2.6061939814006823	2.1074022678528364	1.7995391350510648	3.705378781385979	2.6385158977202607	0.8677014028838187	0.34712707524264197	1.7113350723042688	2.755674243312218	1.887421168289653	2.9791508993555276	1.576728988017509	1.1591108225157034	2.8427744941902175	2.1504322381349468	4.090722003633337	1.6593688254920933	2.511498898421847	2.1083531239847915	0.6641232421610129	0.4829355319061182	1.6496268245981682	0.7760518817266202	1.702130978430712	1.8571062455529748	2.162485466577805	0.8964011607407955	1.524611127185	1.9417187814479717	1.640540326287151	2.5323298787929716	2.224397685327178	0.8557812326919629	1.2650725752550585	0.43400972681733263	2.486857825306172	1.1959175810088447	2.689476754225952	1.163480758459987	1.9733092834886028	2.5297489701387406	1.3183115334330902	1.2360004705256937	1.5563683967563124	1.0510797596836263	1.149808929127566	3.399407402710766	0.8438830141082944	0.8855111688644152	2.186811963903925	2.568197859029003	2.115342628347101	2.0871230913868946	2.5473035687849546	2.5416490863475802	2.302851858446231	1.4268815470562455	0.8875889527286683	1.9292761840987656	2.9040092396084884	1.0998636865255602	1.8522033078132356	3.305645724563403	2.421607918387305	2.196260854701156	1.4645788324352436	2.026843691540223	0.8848965757262425	1.3434840903996044	2.3671456281745544	1.457486880637505	1.7384930779454675	1.0130402741304223	1.7508931699557218	0.687769939714286	3.3912051334618263	3.031137638809815	2.652924404348796	3.0898672332181025	1.6254765168790917	2.371525574153731	2.527768094269518	3.6034328327939864	2.191358921866744
S008	4.198002681602921	3.054827135467685	3.2426692420056242	3.4481028697732437	3.4878726862328766	3.7891845729342135	2.0312505341895024	0.0	1.6433901876302648	0.8836672530789248	3.4878201484753593	1.6430078176911365	1.0187054900533934	2.085871004913681	2.6216885952394158	1.909395002775467	3.233652883250393	2.6655789551368376	2.0409237505704163	5.125016574751277	2.349155100586459	1.6983116430438112	2.2039452640603985	3.1205143286384587	2.7677457163481587	3.6378353012816915	2.6026330463988936	2.25071415511099	1.7695077631453182	3.6241462267152404	2.9008734842688737	3.8284777337770937	0.5657406498239933	2.2841757534367804	1.084907793601164	1.385236371446345	1.6944285568503827	2.4794782007430847	1.9643793848743616	1.5381336409395598	2.0133874674902295	4.035602388047524	1.8275705491062868	2.0675694846739145	3.759801563019086	2.3742729824186988	3.590542491200259	1.6675518760892203	2.696701561831887	3.0542770061390456	1.8883578839664543	3.9684030461346453	1.933382453803427	3.227969043361462	3.1809253279733465	3.0861109978090675	3.7317894508721805	3.156858487485258	1.0858205327071184	1.2280215273858879	2.561757282926062	2.220663257225881	3.5434251724347328	1.3839309506361628	2.880264107965371	1.990979219101726	3.5808358609040343	3.5939007642308596	1.6080573184432154	2.164412570220388	1.885523589364117	2.6894995499138243	2.4444748892839554	2.7460563993864833	2.940647697938554	3.376443032870425	1.6819989445440369	2.399058678987077	3.2663411284034494	3.8557232241245636	3.1341973592488013	1.8301137412901547	2.623593287501405	1.8798222792816373	1.3673289588463415	2.8352620170570386	3.1077712173724157	2.6293815385387878	1.2003903843288928	2.378795902072968	1.6974875705180168	4.178484782091706	4.904471346987107	2.5465173602798203	3.09380829708641	1.1974974164983476	4.167483062505161	2.254325344904608	3.216584917276953	4.084825344742701
S009	2.9502133940236726	2.881896013662097	2.2845119674881116	2.3114906444372507	1.896315247177482	2.5524494558294912	1.2704349750264547	1.6433901876302648	0.0	1.349597949289474	2.3446145250988857	1.136897707421388	1.3000206901888482	1.7726023126427561	2.2776179698345373	0.7149649565010318	1.7010934255662962	1.142693987365452	0.8453961179722368	3.484542089153036	2.4259844626982945	0.4113775920575721	1.3038367114589184	1.7448671529932578	1.808622547155074	2.1496611607853233	3.633512357137055	2.582789249841085	1.3335582180141075	2.4470550161359776	1.3046210427828735	3.6811291894553757	1.3522890713904365	1.4927752960240863	2.001872409127733	1.0159034264644384	0.9144622669677042	2.5502376551629795	1.0821388207748315	0.5114208400522097	0.8723707099141459	3.0537207327452665	0.42035284197645534	1.6683003910502217	2.9880947462770733	0.9630954004698451	3.341893462476739	1.8920978953502796	1.4085949910461328	2.4725752386895827	0.93195909748302	2.8267522683493094	1.7556468987671625	2.433882514678696	2.166205488952241	1.7158593937511457	2.3474113693286074	1.7982756160076236	0.8273064125054171	0.887226544530708	1.1939231676129543	0.6579998624110416	2.478116636302455	1.0345479328888185	1.7447612221780697	1.4285150084110212	2.6559284202347677	2.318168975653371	1.1445944901057667	1.425281092145704	1.73244109604558	1.888210317563736	2.4250351022262895	1.5206054663386988	1.3039224834335459	3.385117371796105	1.0840405105646211	1.4493111704843706	2.4945828071371943	2.4133916095864425	1.526239674245628	1.354485884272977	2.5565132897021674	1.8239690562557558	0.6447773335016315	2.9904880264069034	2.0360043973793687	1.062055479737097	1.059440044171785	2.0749313118365835	1.4795828303943843	3.611872075442134	3.534403181867592	1.4215947580744777	2.6259363600705967	0.6580658118519981	2.993794677797115	2.581569637363787	2.6951113399251505	2.6647866467092696
S010	4.01661464826203	3.0861620085048713	3.3143108046683474	2.6650168712961935	3.1495462208465383	3.225052569394842	2.172901424427967	0.8836672530789248	1.349597949289474	0.0	2.9829032419790327	1.875003672215063	1.34373059407954	1.3406697109271601	2.6658482229147764	1.9095877219395396	2.6559143602389392	2.22591033012271	1.4092272047911054	4.715538100560929	1.9247766398566402	1.5470455952618902	2.232568682725132	2.74145276780143	1.953229872309878	3.477744618935272	3.235323879420611	2.8185294563758077	1.6206271308343303	2.976994484483227	2.40460056117001	3.1981590569211065	0.7893420489793356	1.4561842676809948	1.8350470425062675	1.5567174748579273	1.7198840381796563	2.7350971894598053	1.8262163097330104	1.1991280084427445	1.794356219146098	3.984545907569909	1.6683014722324847	1.829941794187993	3.8155381260307704	1.8485433045007305	3.6140043030685884	1.2588750626994014	2.6421410211273835	3.3816803862929143	1.9766249030972889	3.6244538527194066	1.9790460566627501	2.6380011424382435	3.227202930072292	2.586303721648401	3.205746265463664	3.000078570809348	0.9557891299439476	0.7717066571663621	2.316629102507184	1.914859606838161	2.716487001563692	1.4300641229144337	2.9040161724412425	1.2576609809276786	3.1303240924694906	3.223554477684326	0.8213858634225698	1.3243555995429823	1.0870280741018081	2.7826549154400437	3.0125417040452205	2.7573834329772233	2.5458664308611323	3.2900087578476893	1.9304993084265705	1.8474983954864894	2.440053999464457	3.414204762132856	2.6136843281748736	1.5074535226870693	2.5913286199380052	2.1953170382713854	1.3896836897745901	2.9174386985705465	3.2544316140149796	2.337928148023381	1.268812843545179	2.2017590148870947	2.1049119207608413	3.791695173814856	4.672606592353144	1.899200398165231	2.417097808285931	1.0395366568607698	3.968486503952166	2.0787980259086623	2.3565980429285625	3.9166737886750735
S011	1.850634425040061	2.3023080299370875	2.3421145300047574	1.5940475375715653	2.7098379791018785	0.4371228243441781	2.4168505710118735	3.4878201484753593	2.3446145250988857	2.9829032419790327	0.0	2.654324139133169	3.585543177731721	3.256250245488066	2.064450751154823	2.5584852731494037	2.3091197294589856	2.531495899296994	1.7900028382236668	3.1287456486695575	2.1953896678649514	2.2253757490278057	2.086260494601289	0.9364788415983447	1.826544043847871	2.394135528927207	4.472115354360084	3.5569730133456354	1.8838860980667271	0.7055612936424108	2.1761055457170815	2.6548742533814584	2.95290061700909	2.051145580336539	4.129152621433366	2.538155802395733	2.2393239056854766	2.7447925463677287	1.7844819070886477	2.7565507455156317	3.0275984930120194	2.1319187288479635	2.234561070861999	1.6748801473189403	2.3747423662935163	1.4528703011894337	2.470435952790099	2.356563849479761	2.1529808486545625	3.2233989894542567	2.498741958853714	0.924143514034917	2.1474368408255247	0.8913410582750314	2.2622668697653032	0.7660300665511897	0.6909715663040974	1.7871630697747125	2.440653193021679	2.294497141942789	1.5317803778196981	1.8753862410248967	2.0204692570385396	2.329384964808835	2.275022024997174	1.8605867872584954	0.5730225299973527	0.7483296132814229	2.255290700897856	2.325104597112718	2.3337821316402363	3.949295782260694	3.789117586078389	2.406653749663779	2.178538165628832	2.525615896709522	3.163706599241914	1.1370743332530149	1.8844889287250755	0.9946883155864011	1.8048694686815587	1.7282103845115306	2.169985693924289	2.690670744076214	2.9571935336281023	2.670462793784871	3.203843039873467	2.517398460832183	2.4474618162718476	1.7228300747064376	3.051478854318522	1.7220779549857104	2.31668498375116	2.78189690001993	1.6859740650286064	2.9463970366245964	1.6701657152086766	2.520553151002604	2.4370400020244674	2.233128183458441
S012	2.7328971729198352	2.2908366745011195	1.6383546805351952	3.1860014449817298	2.5313371201083736	2.979392796143473	0.41543502395987264	1.6430078176911365	1.136897707421388	1.875003672215063	2.654324139133169	0.0	1.4875167393398698	2.7802910949819064	1.6460712710296992	0.7560796330809536	2.672529958409412	2.106781348327126	1.762815839796827	3.971006105948902	2.576837780231983	0.7881091956082796	0.7031633071310844	1.996364228101152	2.7430887062787317	2.201858681152408	2.7938716339596135	1.493688861533179	1.1510555010477057	3.0203981507228232	2.2208958666827114	4.088099926047387	1.3246448161089253	2.433425598154875	1.7036457463619914	0.36570741466149687	0.43929822082990033	1.7125149579628198	0.8959217152395749	1.490100136061727	1.6995667778194428	2.562561231934046	0.8580793977156135	1.5634386944665948	2.313076034279275	1.7184173190342868	2.7363332181520175	2.078533015640492	1.1860296384952878	1.5104216782176563	0.43461805298338024	2.8223973328453438	1.2170391139366095	2.8159415301174655	1.5748211572094877	2.1905446660946657	2.7897007779403338	1.6891307941263791	0.9843687899329178	1.357519834781855	1.3185054691979272	1.2437274764344592	3.435411999572016	0.6588463640101488	1.274498963988113	2.1078053659743468	2.8006139609849603	2.4386702078207922	1.9282788601690646	2.4303147909883998	2.3946602515981072	2.1679860727677984	1.359756311283886	1.198526219621527	2.0471376002367827	2.997165980249047	0.848624404325841	1.9259251624800893	3.315321503081714	2.7298766230642983	2.3350661018376995	1.445779726091065	2.105199582544872	0.8543624862324287	1.062878768102611	2.4183522011226812	1.6483154804565812	1.7834906348228592	0.7706842557620223	1.8324461503938505	0.42206552872552117	3.5908196889747224	3.433713031071173	2.553664158516467	3.113705056382954	1.3365316412405501	2.7674218426935555	2.451056934534699	3.549872860758525	2.573595420329215
S013	4.041870982995401	3.532263652126812	3.0633122737759506	3.453654484067406	2.810987547014244	3.8271201636802763	1.8614472751847435	1.0187054900533934	1.3000206901888482	1.34373059407954	3.585543177731721	1.4875167393398698	0.0	1.9881918625006911	2.961968264556067	1.4059610979895967	2.754992439079579	2.067698839104633	1.99222215460224	4.545345288946209	3.045234806479296	1.4358440039476625	2.0994201727286357	2.99869235826947	2.826943640583411	3.1189320153351447	3.3057574284454683	2.5023303565553006	2.0956491407586815	3.6958745063249943	2.406961416314897	4.454972105821014	1.2474402319826732	2.386521620419399	0.8555592705905233	1.4072868512117886	1.628801274545907	2.927567587381442	2.0225307417263294	1.049048898513538	1.239595148991609	4.00108742482679	1.4832730822340119	2.4820369407056377	3.7944043433773933	2.2461342928203205	4.039192890449204	2.367283983189712	2.322107568555739	2.8091445051108965	1.5464402086903692	4.020717951162324	2.337025854527057	3.541171300479583	2.9776749480346787	3.0058673359265264	3.6438664762625956	2.86079761030229	1.3045958776111664	1.5096075563157199	2.3641000411675255	1.9016296586259434	3.5324579391230433	1.5694692475393741	2.5613298968393194	2.297247130808722	3.8160705872568172	3.550736791856992	1.8436385166056164	2.202717936186309	2.335069469758804	1.694301886181137	2.237474501410943	2.309438212225047	2.4031362296581524	4.026868511038744	1.0043382584398424	2.5823752191361042	3.482553266949047	3.6914204598903173	2.7377931648246507	2.196534659574323	3.1830822607664473	2.1204266664615163	0.7230601024996404	3.471865920146705	2.4735142437096274	1.9829447282748949	1.4707988643030456	2.850816452492827	1.5042599091791826	4.627351130724608	4.660039333304289	2.1200168007145144	3.552767832996883	0.7132943302125455	4.098672293164208	3.0383597858407474	3.5042946457281596	3.7052079257670325
S014	4.456079417037436	4.13006127332007	4.019812862473928	2.277328373487054	2.873364712077125	3.3297764293481333	3.0003737966916226	2.085871004913681	1.7726023126427561	1.3406697109271601	3.256250245488066	2.7802910949819064	1.9881918625006911	0.0	3.677131964381989	2.440837124667823	2.121655208559006	1.894611274842241	1.5811236983987342	4.370956923848645	2.754178825787958	2.157880649956386	3.016737093292754	3.041914317484095	1.6184390702167848	3.6609488232554566	4.574380003021483	4.016426585986825	2.58815928654305	2.976639780728386	2.095250846012564	3.4933431449724806	2.0816999163634273	1.2572835249176637	2.7319644500635856	2.5426842678914285	2.570313647086482	3.9068319250226318	2.6224682198840243	1.4057234791828563	1.7470137259559184	4.648698268529503	2.190563549224764	2.74932312843235	4.624042792242816	2.03199544595653	4.619598783547168	2.2587828840601554	3.135652660650663	4.224581428188924	2.681363154193261	4.041423681254569	3.061070207941799	2.9685584842299835	3.8994589713563235	2.7557351478791188	3.265158584328536	3.4161821709227316	1.9833756583873643	1.709210605728768	2.7708524624774964	2.2408188975276664	2.1305072611151847	2.453234299477446	3.4945113391516194	1.6520727966281497	3.5678810179988387	3.5603417802275423	1.272288543419439	0.950550236961449	1.4993979346174737	2.7983780301462122	3.990930375390346	3.2599671997038566	2.396684533898323	4.29678716962899	2.5546244152290436	2.2779170981634786	2.1662138142470986	3.528720527959122	2.3791241690911886	2.38773322620504	3.649502580770994	3.3150990739782564	1.9301898739393657	4.058049264461892	3.691997822534506	2.2692920249037036	2.3561229206326506	3.1505988696491283	3.05609151374847	4.382569601660871	4.95362872650138	1.0949887680441424	2.6994568299476165	1.5482793918038904	4.454929567025798	3.1359002421179643	1.9799564570599486	4.193634613736038
S015	2.2303870809479056	0.6751579880770938	1.5729532517037739	3.2285766663264814	3.466571476165084	2.495587231143683	1.4636788392225621	2.6216885952394158	2.2776179698345373	2.6658482229147764	2.064450751154823	1.6460712710296992	2.961968264556067	3.677131964381989	0.0	2.1650350351471572	3.427165657574859	3.1582972345888	2.313218018262978	4.400622213664571	1.982642706195559	1.9249851220161098	1.266644303692433	1.8973578548927452	2.9816613586595175	2.7612066452748976	2.5639642657890183	1.6728998979579317	1.091513779744188	2.6560193863560033	3.0497396225518556	3.3468746690667994	2.1071741648793347	2.8238821519679895	3.0728075709394918	1.5722845971720145	1.4713623010139822	0.701493681180897	1.2138332550305417	2.7359583309027022	3.091672921498193	1.7649811999643332	2.019534085256326	1.0268729039844884	1.4215573327933453	2.1508068016943755	1.1011283408156742	1.9411571583857787	1.91153155687201	1.9618971268232286	1.8353420263618292	1.97507127001813	0.7016938368268091	2.148343095826836	1.5974025070418179	2.1220206822866907	2.521489069811583	1.9279162829529706	1.8436115113037734	1.9999177196888192	1.690958971470078	2.0764703089591756	3.586140582807114	1.421271364016521	1.7857043601504412	2.277647291614802	1.8637504883854878	1.9423222668933233	2.4499100266147376	2.991406947786073	2.602115674048661	3.745827836653399	2.2862527917541007	2.0506542458728223	2.905165183107359	1.512424842292656	2.4873529555618834	1.8012120693342073	3.228832405811259	2.5010148901989835	2.9159108180410636	1.3312171447741823	0.7423025644976329	1.0369854632462172	2.546485519043665	1.0560981904371838	2.7351408665077437	2.9076396645067515	1.5419093916251527	0.8146091192114494	1.8456681451120796	2.243572320244624	3.033454110183723	3.5175793473702583	2.580638220217101	2.6606782248357588	2.0550485491157438	1.7035678230933597	3.557420643339904	2.666609375676646
S016	2.67523346354353	2.828709179114949	1.7958799687937042	2.8416468189018174	1.8157074933616044	2.7931856165431004	0.8099063026670269	1.909395002775467	0.7149649565010318	1.9095877219395396	2.5584852731494037	0.7560796330809536	1.4059610979895967	2.440837124667823	2.1650350351471572	0.0	2.0179116706121705	1.4015694828535767	1.4649313412555467	3.375412008157398	2.8608153161578236	0.5052241044778062	0.9584293735045074	1.7785098983656966	2.4385310552173802	1.7566039123917814	3.528513599571136	2.2287202538842514	1.4999894055467402	2.8066182076212867	1.5603820766577257	4.2116053921548104	1.6500662846640197	2.17506703673649	1.928995668826943	0.894112816153528	0.7491064669730357	2.389552849672519	1.0906973507286641	1.0537082133937226	1.0624221501633755	2.7231943846370132	0.4106862211290769	1.8867657058857825	2.6216604126882386	1.3760159200620579	3.2487583171527086	2.352284042274916	0.9248551296343223	1.8384689932080813	0.3817699933107651	2.8141660341531995	1.7626563446723393	2.8224059690854277	1.683054441605819	1.9271756027868574	2.516318995166695	1.4683763123701665	1.1679375858849679	1.416241528406673	1.0927292240518545	0.7665954032081359	3.0565918022306473	1.0901667187590882	1.214773647907927	2.045760979016922	2.851754926520311	2.3207251618472844	1.8185717079181314	2.1314807213479603	2.3816193498069214	1.6085384275626133	1.8546672282108463	0.9388527137891012	1.3704695150397426	3.498449955210702	0.6368999704873951	1.868382264632232	3.105736491914275	2.4463560014101398	1.7487987175590887	1.6733043064931277	2.624437044061028	1.5787601181497641	0.7356584863334446	3.0168105549407653	1.3561943585428673	1.042730719957694	1.1880810979218903	2.227465022392109	1.0206918172139416	3.813021309064733	3.2641039590855914	1.9796993331098978	3.147722223043159	1.0663421821219399	2.7741606388649975	2.8931751964586305	3.363084028725153	2.3009659307203307
S017	3.0233842208628263	3.9721031287441138	3.044870040220003	1.6445712664422951	1.062614244763843	2.2073516341977197	2.6061939814006823	3.233652883250393	1.7010934255662962	2.6559143602389392	2.3091197294589856	2.672529958409412	2.754992439079579	2.121655208559006	3.427165657574859	2.0179116706121705	0.0	0.7432130230618778	1.4819652441959865	2.252284678590429	3.3683597243845234	1.9268516953582038	2.495650239951308	1.8317383714670765	1.6154691625336859	2.037225514270641	5.276496607303036	4.139623915254265	2.643296853348466	2.057331230142519	0.46456018769529545	4.005639722497703	2.964198217284667	1.734557932789108	3.5695557069466965	2.6339448818411957	2.3921646423062803	3.921456296797014	2.3170107478685997	1.7493131646781062	1.6093448827833443	3.514651802122431	1.8215502428543728	2.7920308849271556	3.721691734024021	1.3423273101783766	4.3161972715728485	3.0612921327157214	2.1233486668407244	3.5609407797626593	2.3064654688170685	2.878720703419202	3.1126589839131915	2.6337696623158067	2.898119490372952	1.6166747195415396	1.881115092503409	2.1374855421465675	2.435995314622161	2.294513955394899	1.8293865845788588	1.477920181695945	1.7105643307843383	2.6065455987771435	2.501305947393319	2.1427308449625766	2.8492815730331413	2.315542001864573	2.079651004831716	1.7065366432070312	2.503013898723841	2.4346876360223324	3.8513071772118432	2.2622554871205285	0.7948696021178989	4.385407329162778	2.4906170429620946	2.010289595404995	2.258983026416708	1.979521378727148	0.6047114244848412	2.5232063640445217	3.707014980841185	3.3237079251780126	2.158964755465442	4.221010706405233	2.6827597224199087	1.1120705645674926	2.6713626141836673	3.1447519024007478	3.019568953581713	3.974452286326415	3.260293749650511	1.0664074010167892	2.9283853847684247	2.1200074099622226	3.1328262962979916	3.7553032923163037	2.5817625126211254	2.546353795054606
S018	3.0593308514835207	3.761981837172216	2.751247451965778	2.1028478680826796	0.9919841685037378	2.5534281282008404	2.1074022678528364	2.6655789551368376	1.142693987365452	2.22591033012271	2.531495899296994	2.106781348327126	2.067698839104633	1.894611274842241	3.1582972345888	1.4015694828535767	0.7432130230618778	0.0	1.297649620177826	2.637848892626573	3.2557678379220465	1.4006277732965675	2.082973198380176	1.8821751005737979	1.8306868271936205	1.8953831710758384	4.765556353594822	3.59996105729479	2.3206960075057497	2.4356185000309445	0.44524678822954894	4.172231901002591	2.4564917017318404	1.7415665475720528	2.873238593600243	2.097519482806847	1.9052405543213868	3.553571598768951	1.9675451509626143	1.1366922636281656	0.8816954320913781	3.4256109565252957	1.2808678414206263	2.569050786783519	3.5317690774844923	1.2378129374340534	4.153766670120801	2.8231783667237025	1.7445887517736072	3.0834796345150375	1.7417943781002931	3.035832435708327	2.7662207217423243	2.8122645957405794	2.606760351026231	1.778553489931741	2.2239966709965597	1.9616948654262605	1.9547578997339634	1.9011869458107638	1.5942503830090795	1.0860967501208063	2.189642914183921	2.135425036367753	2.1410641303076	2.039076469724111	3.013613085259593	2.454293347102201	1.8334165364149462	1.6407677353905432	2.371110490721399	1.7484757660697567	3.2339873013583333	1.8362023934845393	0.6018308316508136	4.25884041024415	1.7914850422054547	1.9806323313808647	2.5667785054202716	2.2599693324000594	0.8961214846100811	2.2724198482180453	3.4881874372700565	2.8505862689168744	1.4760024089488668	3.9701979927711797	2.1781244008859515	0.5159527259717539	2.1887772181674605	2.954944736665566	2.41049659111403	4.1189429092222625	3.413985579445421	0.9166337107625496	3.075074587101764	1.4902973066333116	3.184457822903992	3.546437679072718	2.8221348042825047	2.5307380445216037
S019	2.906341425254031	2.8078027460309816	2.5863732382054883	1.514459186421307	2.0805524663476627	1.94925092373407	1.7995391350510648	2.0409237505704163	0.8453961179722368	1.4092272047911054	1.7900028382236668	1.762815839796827	1.99222215460224	1.5811236983987342	2.313218018262978	1.4649313412555467	1.4819652441959865	1.297649620177826	0.0	3.415200003441649	1.9641566608018932	1.0335929927384466	1.6763696613826131	1.4920925998825656	0.9933614437623911	2.4014900701431285	3.9502213133383797	3.074563030375441	1.328951087133984	1.7324363511773127	1.2364030288373573	2.9587181106687086	1.649279096199628	0.7492374061112046	2.6925993225054503	1.5498556947839628	1.3862776130460872	2.7235929287975336	1.232430792186311	1.064626035493233	1.4841088437047436	3.090609834604938	1.0675100730103106	1.4619078497193436	3.1102674192589497	0.4970523034738879	3.242657170560687	1.5855516050098606	1.8117465260037628	3.0240137815721004	1.5960866482329934	2.488197141663627	1.8454426605276628	1.7337192685812162	2.466662567644013	1.2514923836655043	1.851200579297711	1.9596834982160787	1.1438580453170775	0.891481332225454	1.2769821003308555	0.9105131155564425	1.6978931950180158	1.3890585131474054	2.1408681098689026	0.764410712273979	2.1227482244563656	2.0064245198965303	0.7178884765759125	0.8227570297367889	1.18529195803392	2.6202150659346772	3.1191683396838625	2.0092286483045743	1.4018213798581116	3.1239041366544544	1.9218092610538857	0.8294852099113269	1.654324281912014	2.07093682537246	1.2903336237351613	1.1329536722208722	2.423742427464801	2.2093128427444797	1.4537293346188678	2.914438285880705	2.6718525941019573	1.4462266370398442	1.4067065668476493	1.8612368889560957	2.1626051653749108	3.0801842203125305	3.4571561179373584	1.263024021613319	1.8738687787849082	1.291344685796393	2.8821871551590355	2.30867148212371	1.9050848637894793	2.7780305937931296
S020	2.7210266493531665	4.8997274747394695	3.3544661163367855	3.2151557479646904	1.7705833371066246	2.902751598986737	3.705378781385979	5.125016574751277	3.484542089153036	4.715538100560929	3.1287456486695575	3.971006105948902	4.545345288946209	4.370956923848645	4.400622213664571	3.375412008157398	2.252284678590429	2.637848892626573	3.415200003441649	0.0	5.029513550089054	3.4884760698233213	3.5439949617223045	2.6224192118763416	3.5653570663798324	1.939590570119941	6.647947466315182	5.214706651628394	4.108508752198253	3.087903557874041	2.3485753399383564	5.534173766963942	4.789882446990318	3.809237666439417	5.2284832642956625	4.09563714058302	3.765532242873121	4.983843276816271	3.646771434633825	3.702796385151771	3.392677463505212	3.4688949958910076	3.3464096511707573	4.212600638333437	3.904744974169695	3.0184105732657023	5.036506238414637	4.867681915161905	2.8688711006217864	4.022125862602522	3.5537946556703255	3.1107498180944884	4.418484472205172	3.8870579108099026	3.2386180339158077	2.6887080231453524	2.4535046948974077	2.556070336692136	4.189299479974369	4.168005965645861	2.886718068365303	2.956686965095521	3.3968039470063496	4.1288336259131455	3.040496781716326	4.059509539402694	3.646429062020165	2.732249795548144	4.12227045383149	3.8703936759100954	4.524186837808811	3.6018913123407517	4.742767465654036	2.925891177780603	2.200519143336099	5.465159200994066	3.8745516006646428	3.5655953167677428	3.9839265051508463	2.18939899336026	2.1357300161160175	4.095278773146416	4.882901845112018	4.5126805860812595	3.870001352581533	5.369689326573296	3.070422928765068	2.565918044103998	4.271943194888163	4.423461248984985	4.242063974892327	4.73214650442632	2.361370740014249	3.2970190797241847	4.494477823235114	4.017220569585562	2.9780396384305905	5.332072330495301	4.4662635699720425	2.0513882411641853
S021	3.5844563211756904	1.9911996448131672	3.2779523856794155	2.47374373525917	3.95637150256471	2.513324560809677	2.6385158977202607	2.349155100586459	2.4259844626982945	1.9247766398566402	2.1953896678649514	2.576837780231983	3.045234806479296	2.754178825787958	1.982642706195559	2.8608153161578236	3.3683597243845234	3.2557678379220465	1.9641566608018932	5.029513550089054	0.0	2.373342268793334	2.477453321546388	2.534262942208357	2.0701903966996906	3.8578626573719044	3.1219834565932905	3.019165195599269	1.4803366617111673	2.313583073681372	3.160686016884477	1.6447508034186402	1.8875748156687893	1.8823441606884102	3.338030729231871	2.2457198569629613	2.2515691378910905	2.205122809960416	1.9552388577586268	2.6534356766335336	3.23334884131189	3.428096524289635	2.5107382029623904	1.1758720446236095	3.2803693950921997	2.154907044218161	2.411959418322087	0.6930253351184704	3.0569288572067133	3.6880257742097124	2.7314747333924734	2.788585284954154	1.634663045742146	1.4858379112423166	3.2331988288582654	2.354740199779043	2.768792227813772	3.104746896514306	1.8553532004606883	1.6296137880460664	2.494889180142445	2.523701154111315	2.6815576504178678	1.9278122147351895	3.1823251297209976	1.297921964112816	1.9923355845552346	2.683031106410725	1.6238382577659596	2.082983925717031	1.266591101009562	4.282488268459345	3.67601398405599	3.2629482070506803	3.2668024748240034	1.7027913960391678	3.1634604304173615	1.4727857090479899	2.0034301401822927	3.0692258048396543	3.0756512283266266	1.2195020951161037	1.4472552579286697	2.3154740060811356	2.8062628656749253	1.7518035523055275	4.015179858787963	3.3146604925121683	1.8735385326226914	1.194378945616219	2.88433103113219	2.1335566941741266	4.276299640949388	3.068722866470905	1.1499717249255725	2.6165665483519045	3.3700136259351714	0.6444100555281209	2.0698694580992187	3.935289404771004
