	S101	S102	S103	S104	S105	S106	S107	S108	S109	S110	S111	S112	S113	S114	S115	S116	S117	S118	S119	S120	S121	S122	S123	S124	S125	S126	S127	S128	S129	S130	S131	S132	S133	S134	S135	S136	S137	S138	S139	S140	S141	S142	S143	S144	S145	S146	S147	S148	S149	S150	S151	S152	S153	S154	S155	S156	S157	S158	S159	S160	S161	S162	S163	S164	S165	S166	S167	S168	S169	S170	S171	S172	S173	S174	S175	S176	S177	S178	S179	S180	S181	S182	S183	S184	S185	S186	S187	S188	S189	S190	S191	S192	S193	S194	S195	S196	S197	S198	S199	S200
S101	0.0	1.3638114421610588	0.6059317661735852	2.9599681179313384	2.4488055919014466	2.168708466618685	0.7013848088718233	1.973762753560265	1.789261263936212	2.98765754602984	2.3623020975184796	1.1637101358824484	2.1017348325704353	3.083002531757788	1.5666529187022196	1.6459321076858044	3.200294455437638	3.1205549651155993	2.616688333381768	3.5921635508238903	2.1840532714404013	1.703820721742365	1.1567731728775459	1.433924035035806	2.8745142950015192	2.741823082935629	2.7732519062913163	0.7965340806693132	1.9351472993945742	2.670436743158894	2.730321184705547	3.884231599481942	1.760181109877657	3.035951421170174	1.100244327829223	1.7171965146570893	1.3068333165128696	2.100959995339146	1.4806327130718147	2.047449881371062	2.684859604389728	0.39715614874278826	1.5324360686504441	1.765228885589895	0.9483751859188748	2.1504848216451067	1.9595185612670187	1.929048808700454	0.8309105862750392	1.109077695441628	1.0010645649647787	0.8258508615878769	1.2937254121781199	1.9091361029002238	1.359600752228006	1.6448837474259317	2.049558556284753	2.1412808452880427	1.504170170544861	2.6567077845676916	0.8720206653964955	1.3855914661086288	3.652737813763548	1.2902727907675078	0.9625505070371545	2.5958059255402786	0.8720367235680941	1.2265404934946698	2.2490824583875257	2.7747813586962122	3.259026916754853	1.9750406825919453	0.6431042582340493	0.730317890939119	2.540762728679494	2.0955424387116612	1.260532573896151	2.3625565618936197	3.0399897544927135	1.4187411545981947	2.5007120843812705	1.759060019547737	1.2938516024623319	1.466619866126382	1.5186957386812243	1.3928370284286844	2.021041171432728	1.8019697694397951	2.246078704449586	1.6051685148101775	0.5433961707138719	1.3351014611174028	0.6159426885689567	2.889392372157222	3.2124269667293	2.6993604720523576	0.8867656005991732	2.8208726047784056	3.0810577651867384	1.8057288614198743
S102	1.3638114421610588	0.0	1.5533461733443212	2.665229682628671	2.9254480347563416	1.7319780074214677	1.7396904814308822	1.6202286509081334	1.5146146009737222	1.7675857496348868	1.994612634085612	2.1909841096375255	1.4606494934047618	2.7461315192727866	0.5054950498716848	2.1576550666487577	3.007785578541996	3.339016195370709	1.9622192390157833	4.332969526793867	1.2321456891227613	2.061148691382219	1.806907560871152	0.973538975181586	2.3703272685000663	3.671283410890203	1.7665415011497383	1.9455872726946755	0.9903280137896904	1.6985427274616562	3.192608479577265	3.017899380852927	0.9868572695561003	2.4606139694591165	2.160458686783167	0.9381173391359868	1.3170994441234507	1.4218556300475862	0.9043863828381322	1.8533539033533784	2.965767541015846	1.6046778465730012	1.7482496540268644	1.0404405111807316	2.300314712897598	2.010051222074242	1.494337809608606	1.3524532385376011	1.2859553862760151	2.33509435448373	1.5504168133080518	1.529266849444296	0.9869552995227864	0.9673448720973442	2.6219898555820254	0.9561532182272241	1.7927596639439591	3.1246438312811735	0.9502703529910945	2.0405837028051312	0.7066536251925251	1.13866240259895	3.2149410636145155	1.5495373350340953	2.03152301660343	2.253838280030636	0.8162834238284837	1.5764694711489586	1.988879636129752	1.9444527989847271	2.5111993796711745	2.7331045230791657	1.957808912940658	0.9896660230290156	2.4989756619833576	1.049397941469835	1.4450075548501862	1.9127124528003754	2.6731642875993624	2.33691730992409	2.678252582486678	0.7378183345029017	0.2137545948099759	0.6497998358635498	1.9408240366763663	0.48881272292247	3.2403335576838566	2.422706530686083	1.0590140000694614	0.6363459791185327	1.5350337669595702	0.7618015082130121	1.6969941922917713	2.840392707264328	2.462893914305887	2.9171108429553105	0.9478932221418432	1.5881354030158081	2.2201201753436193	2.53948117388576
S103	0.6059317661735852	1.5533461733443212	0.0	3.3617359714703534	2.6980542810606307	2.5146493665530905	0.9489953709824888	2.180928288158011	1.9613107891052564	3.198244763609099	2.7553283461954816	1.5233169663051132	2.5270473849871924	3.436189746359049	1.8978419280086918	2.1338627946282824	3.662883774651087	3.653191374288403	2.7789266995607655	3.9787799948587566	2.3837431038902053	2.1016475600888502	1.6049967150034934	1.796553592380946	3.0899398612176485	3.00218359285863	2.6186245120677447	0.605619431190038	2.3114602179091785	2.892303709364647	3.180657643856943	4.192583285749118	1.9698090109545545	3.279455817639078	1.5725190050416222	1.6774867729563039	1.5293592545846386	1.8371450019049094	1.8970371164438962	2.4602441673572772	3.1237294772432183	0.32031544827236935	1.9859194891435834	1.8989284366613208	1.1619390461107049	2.531933585441032	2.010637644984686	1.9580943000232052	0.6992371535090194	0.8038349298087143	1.3841358932603993	1.0949006919020463	1.664737250423887	2.181584243531511	1.4347739333783205	1.9568997614241412	2.431911706083473	2.541409905306817	1.798807773695607	2.7811326427075973	1.259756783005715	1.5520173938992772	3.9445922021249897	1.8356701190156135	0.8001783140282501	2.9672317766761136	1.3303647308991076	1.514822826282567	2.477372087972244	3.0814223715233533	3.329835756813522	2.1574641646357002	0.9273685133796699	0.6189612961133824	2.9462067073572586	2.0648441145170753	0.9970710860433506	2.4698813385255467	3.3508708264610227	1.7127219826178859	3.011729654727876	1.9322614290590447	1.4117192235507492	1.4048954689393482	1.9530531324377691	1.3787040035497342	2.3405030306666434	1.8968880486678639	2.3754946704263418	1.9745499808343685	1.0046018635915308	1.5814352937997003	1.0602871159814333	3.242028655353417	3.427171165256431	3.1470593845388986	1.2511348860968305	3.106967735969645	3.4701812973553823	2.3529645435727513
S104	2.9599681179313384	2.665229682628671	3.3617359714703534	0.0	1.7877100827014996	0.974140690851464	2.638107787799519	1.4744558579754177	1.6832737003363643	2.265125007170847	0.6726868950533799	2.502290409834683	1.3281089511723938	0.3433066350924421	2.4908174856580345	1.7069836541452659	0.5747723456668881	1.5898955179629	1.5299043426956649	2.8437493479173686	1.8251540313724322	1.4802940564323823	2.0001202793180886	1.7438683772935781	1.1586000294222256	2.8481019720626146	4.197174067231013	3.739902241427418	1.8982701472015364	1.6789262972216465	1.6478155594154347	1.602493766235292	1.8629425244480864	1.0706245850259177	2.622132463214971	2.6189182741599613	1.903973108566238	3.9201510903885617	1.8363111312034697	0.9170702249437305	1.2021173921975563	3.30474650030674	1.4766721462608603	2.0172281672425574	3.439865136256322	0.8359352152152005	4.044843640932323	2.173066278198294	2.8149428666584577	3.8291282938534295	2.0477871864666235	2.339071830908655	1.8117940345029238	1.8125831309728118	3.2634197250383674	1.725612094428905	0.9452469141064618	2.7120288508898156	1.7842162621932247	1.663543572730299	2.332908670867126	1.995816364225626	1.0021864727267678	1.8229581785523779	3.1273726015013192	0.45128343786085906	2.304978777457635	1.9059537251506835	1.219622415480059	1.2292058094746336	2.0901932636919622	2.3109343877340303	3.3641857073000434	2.9836167393627724	0.5863400784103676	3.6205519721343826	2.9405843241726397	1.701084643829533	0.5922227876979475	2.367165079016808	1.1781838490168328	2.158083995748062	2.733850596501468	3.243957477163815	1.623498363573669	3.001030997866034	3.4324138154202757	2.2903525390251356	2.326411352084213	2.3369267364955033	2.527753848988539	2.0414538254257297	2.5910944214190197	0.6487565624106975	1.410365166884226	1.0794831426106881	3.0490577430632966	2.341233999713069	1.3597342019095147	2.3301561192614644
S105	2.4488055919014466	2.9254480347563416	2.6980542810606307	1.7877100827014996	0.0	1.7689832283627889	1.8034585147891875	1.6599948424382172	1.6634979103013774	3.3848942513157882	1.7463900184805308	1.5201517740710326	2.308418230463322	1.7854149458774622	2.986752758007266	1.3080590354217265	1.9936236451240266	2.0532828250052804	2.1530089794947562	1.931703595124524	2.5107774575280364	1.0048066520676993	1.4239542352315535	2.063630850396005	1.9207224965963785	1.3195933266472732	4.502115353603974	3.0204939201293652	2.7093703010167296	2.681136105958992	1.2256278751031278	3.200178647915074	2.261514119750936	2.098724823445206	1.8720723834360131	2.687385372253693	1.6438888760613628	3.9082951872468987	2.306963377548654	1.5475189910302092	1.1177198576527632	2.644989611010213	1.388620894113691	2.272459302645783	2.556579812162419	1.3655682835579637	4.20499656077882	2.237624166476838	2.245574758295682	2.8337513186818812	1.522135340897696	1.668046891614916	1.992193936763774	2.4696772318883666	1.9963827591682073	2.1957698700821373	1.5684958172839396	1.662910592391367	2.082992819805724	2.150081312569041	2.340605247450372	1.8908586121156206	2.193978948454702	1.8491568986861233	2.0871413991272725	1.6773002964446342	2.3367796867008903	1.3833181496546758	1.435505149004245	2.5061324500720445	2.699032814899321	0.7193108710525234	2.6695132616213164	2.611824745545964	1.2694610694328232	3.9228685303557738	2.3661239598616883	1.8788345433703204	1.7542270047274484	1.1971718124441053	1.5862464063463828	2.5821048219318787	2.88377088860051	3.3001544464379085	1.1920767052106513	3.0731719095402106	2.3361710987290127	0.9324886001283711	2.9665880659422625	2.891135737574257	1.9274644517269353	2.2033617335540443	1.901072267936436	1.212616105432989	2.505629604099438	1.211606257202126	3.037049292628861	3.4938597007768206	2.917420819723443	1.937961797287655
S106	2.168708466618685	1.7319780074214677	2.5146493665530905	0.974140690851464	1.7689832283627889	0.0	1.947327291944373	0.6405112402516966	0.8297218788205699	1.6660411792720555	0.3433672404194678	2.022837046226379	0.6954736949365695	1.0197580562943775	1.6462613443588294	1.4340981326109041	1.434193034381681	2.118062978321667	0.9243074292088126	3.2262181170319	0.9475421307756835	1.1205311912767346	1.4624679832922165	0.8330350206561541	0.9257967079825016	2.8664980121908408	3.265348558987092	2.949536085914515	1.12824002869607	1.0301535093331777	1.9798668016786765	1.8007446636172735	0.8948319804075531	0.9764627745169189	2.152097685265142	1.6577082637431242	1.0499164167857595	2.9482840427522476	0.9991850599741661	0.42748600321573976	1.592465836711162	2.50124563387836	0.9642072215368569	1.0586069495342065	2.8231006551893945	0.47365215470992655	3.1729048252143266	1.2743623136946216	1.9388003713454274	3.087516154037982	1.3646627363111805	1.602651560270752	0.9200403869539169	0.8969831176242725	2.7357155655168532	0.7762776679580256	0.28542260155074184	2.6019653396477103	0.8262642626491904	1.0751148856159276	1.4578901088129352	1.0721776160031868	1.5542095062058154	1.2672171420628735	2.40806930545973	0.532818674280902	1.4737747492932838	1.191479237229035	0.6430482517387192	0.81475023117163	1.6686887753033437	2.027039343299173	2.675950823221876	2.067315219011893	0.9082422405625925	2.6898861952532855	2.0498571102656022	1.0218980655514536	0.9686591839195923	1.9475496656134739	1.463148727534634	1.2017638954099623	1.7803685434291405	2.282308179779508	1.1967459171848862	2.035510382425726	3.150796578974468	1.8352992009689877	1.4492001138923152	1.519454941903037	1.8245204121000336	1.082296209384093	1.9324293274530546	1.1725625934061092	1.216824600266741	1.50975608574373	2.228680931390521	1.745263648794313	1.2575421381852114	2.1435279072998776
S107	0.7013848088718233	1.7396904814308822	0.9489953709824888	2.638107787799519	1.8034585147891875	1.947327291944373	0.0	1.6894749555523403	1.5036287731924203	3.0924351146988167	2.119257549445002	0.6291988938325265	2.090663410947957	2.731529029158785	1.9373660816205616	1.2663095246227296	2.8910821595732066	2.8077730639846403	2.388155171077443	3.0530342850816448	2.1743151028432623	1.2343968150093865	0.7421584935723716	1.4238984523611222	2.553166854789904	2.1222324812647653	3.23471478329435	1.2309412426151034	2.1012532730606015	2.621102330580982	2.2522556226500785	3.7377675217816777	1.7402833662345023	2.7444964599084396	0.8424211757778597	1.8074863158705585	1.0304026720085455	2.5288534688341757	1.58748515602225	1.7814935979200328	2.219475257042768	0.8433932534854929	1.2172749159523186	1.722409442732292	1.0108631062959472	1.8147875858990443	2.6285945921352747	1.7995550723709575	0.8161528474855748	1.1934624632403463	0.6043934038385456	0.36380123207191944	1.2667955818719159	1.9635636831464964	0.9172091926380199	1.6485795689455243	1.7847220823545245	1.6983602160357285	1.474340838117895	2.4053771720644814	1.120590554519004	1.223726901282536	3.2814790742318634	1.2004397836785061	0.6014483449885659	2.296680478888025	1.1316370151299162	0.7910716267878891	1.8786894013758761	2.670741937788577	3.033104178538709	1.2808416838695373	0.9753815855389759	1.0635239114659931	2.1466513009804844	2.5996768197065108	1.189587028187078	2.0651170097197644	2.678005860731974	0.7786548615180843	2.179341343271359	1.8645718540586598	1.653900944748543	1.9198270513773115	1.0946595109057797	1.7771260840709093	1.7375525696566898	1.1280326537882641	2.371750163378631	1.930101773017744	0.35553951202856066	1.3746941109066593	0.3405815475096344	2.4321955545294336	2.991397014342423	2.259208690708302	1.5102990768041227	3.0241064306186796	3.0539009114266484	1.597541497062484
S108	1.973762753560265	1.6202286509081334	2.180928288158011	1.4744558579754177	1.6599948424382172	0.6405112402516966	1.6894749555523403	0.0	0.23895981114707468	1.8012016470339243	0.9496372303879091	1.904203436220517	1.1856168941450045	1.4124064726744958	1.726975483846024	1.5912799096831156	1.9769672586006994	2.5868283645807364	0.7132405123529403	3.3887172075832637	0.8747293881084572	1.1710083650936483	1.4269994534365362	0.8664639953648166	0.9117050582632553	2.8097458727915465	3.0328407656932996	2.691868965365369	1.3920030626149758	1.1250782076222658	2.240273043547361	2.163794694119077	0.6978824777859983	1.103316321284217	2.1306743084942013	1.242292268194268	0.6822622052882311	2.610620835437483	1.166843961045439	0.8887887278412031	1.8911952373728373	2.2362194296481968	1.1093227419641905	0.6999057767976168	2.664217515510667	0.8372315259027975	3.0995825912975796	0.7404787455100853	1.5231618665166056	2.7584590849951063	1.2112715192705314	1.3291959621665201	0.8975447882072098	0.9479552200526618	2.4839927688638026	0.801230501319239	0.738635500359561	2.658078069786184	0.7314678176448867	0.7627005599084606	1.3684825067643736	0.6509858408870927	1.8005617205086422	1.4543760750446206	2.026604429174864	1.0346233689297013	1.4511051890457012	0.9362066692356491	0.38638976788859214	1.1791728854048549	1.4227753744802039	1.7953926751056681	2.52653401509511	1.7322322244382822	1.2896091247408192	2.5281656967933275	1.5334894198846885	0.5135377422062722	1.2522490638226849	1.7923413809679078	1.8973872598738404	1.033006011379233	1.5902286679814848	2.0323077366142193	1.256234620159751	1.7772817955461717	3.126546169273403	1.4646331110975879	1.327312631844897	1.654725341307344	1.6651893683115515	0.8854561065056553	1.7831074280481918	1.4363882715634242	1.3102772733700716	1.8491094715409833	2.191163835816744	1.9974600924938566	1.7806947195141611	2.3513960403041536
S109	1.789261263936212	1.5146146009737222	1.9613107891052564	1.6832737003363643	1.6634979103013774	0.8297218788205699	1.5036287731924203	0.23895981114707468	0.0	1.9109977105695697	1.1393897933874515	1.774414118330651	1.3006411833995382	1.6342605724568704	1.6790448870868078	1.573927513607824	2.1655490490125002	2.6973497004385614	0.8873105895499191	3.4165747491628875	0.9455314793440783	1.161433728320274	1.3322633057276598	0.8334116741013532	1.1295829602328131	2.7590344701027227	2.9246592149963093	2.484763581535332	1.4360639493450211	1.2764726848755237	2.301891534683275	2.390131746940037	0.6757628554448845	1.3327786008726914	2.0144436564148016	1.098560100075139	0.495927289237737	2.449815286354374	1.1553774653133844	1.0187663574683863	1.9860172658066602	2.030709693354991	1.1023244032722788	0.6231582325017347	2.4888946004511356	0.9815534898651893	2.971846116457283	0.625787137754042	1.2936670058915307	2.5396525394755556	1.0763160799225004	1.1456764303531224	0.8307302896448494	0.9862111457673416	2.3077078346487325	0.8036839397132401	0.884425965205193	2.5971083483982165	0.6840137417308735	0.9054659164368868	1.2412826191061572	0.4529577382504876	2.026866370165386	1.4192033703110853	1.8089168383274543	1.24557928824936	1.3403845594778845	0.7915839817172539	0.5709315044822283	1.3824572042681917	1.5490117824336977	1.7031591435319913	2.34957408561652	1.5233651492398377	1.442989773741957	2.4181922344869355	1.2979079160614257	0.5972696984853045	1.4776840071262016	1.6733069525638515	1.9949793298749097	0.9860973718775354	1.4592398385583132	1.880205667409973	1.2224941255038988	1.6278123638689674	3.01337417014038	1.3345074578446383	1.3349010290634815	1.6253998807437349	1.5022192965278518	0.7747348772061853	1.623686931375477	1.6046543452524908	1.5232303718716662	1.9568734509420063	2.059765386710206	2.08819507843349	1.9722114031268134	2.3177152727299406
S110	2.98765754602984	1.7675857496348868	3.198244763609099	2.265125007170847	3.3848942513157882	1.6660411792720555	3.0924351146988167	1.8012016470339243	1.9109977105695697	0.0	1.8425731458696808	3.392844018000049	1.4673127888583004	2.2332860830754764	1.6620041322779502	2.9491848195042905	2.6759329900856317	3.5176645309906704	1.4515984001127593	4.87136381483644	0.9780804922207412	2.7100651698298734	2.845963262849571	1.7293400038112268	1.7996143031824217	4.497237732942344	2.4215361505580915	3.6657941105779273	1.2692642939971384	0.7394943595827314	3.6012076897398893	1.6072364955822638	1.378154618985369	1.7139099946107472	3.441715442607442	1.7271438636360703	2.1696834775589733	2.5653619830473056	1.6942020373594497	2.0311021229551067	3.210280618155624	3.271356530366036	2.449179393368917	1.481249642121719	3.8775485863203523	2.136221702823628	2.9230808069063503	1.7003993618059956	2.684246276055377	3.964768832930747	2.6411153181831937	2.757462678420957	1.8788467788585885	1.1386151565196865	4.001179753803378	1.4725478000460477	1.9249559582636437	4.135181642623473	1.6319017289868487	1.5800594854628904	2.137578581811566	1.9584335584419161	2.4002204066983635	2.4910775824532028	3.4416989772792874	1.9671899094734797	2.2071420802923933	2.501630501435561	1.9942635810729594	1.0442018602289769	1.6555860212824072	3.558029681361566	3.593227903991494	2.58874456372131	2.5015390923022496	2.117506349266819	2.660900618491067	1.8083744849444912	2.140525669534219	3.4029497640470607	2.957082232729792	1.2811244542848677	1.861500848770454	2.1629211360739538	2.7186132430994294	2.0012096284221794	4.538768870570023	3.2392659391827614	0.8717762425177229	1.6215742576016878	2.9234866310956167	1.7240144764150216	3.0793639356502807	2.6861135207470825	1.4338233788958425	3.106394268784882	2.6201595223007903	0.624484082424387	1.2254219257392076	3.5166799372127757
S111	2.3623020975184796	1.994612634085612	2.7553283461954816	0.6726868950533799	1.7463900184805308	0.3433672404194678	2.119257549445002	0.9496372303879091	1.1393897933874515	1.8425731458696808	0.0	2.098426777556098	0.7435079814635412	0.8031096229005015	1.8440846411979988	1.3869164012758155	1.0944992794844581	1.8237263002041313	1.171935915453445	3.0401837805011067	1.248016000781849	1.1302902628845706	1.5404998106372523	1.0751935111942466	1.031896795869096	2.8087790842206077	3.560875444466506	3.1514586900460357	1.2855211638963584	1.244081878598884	1.775319467189112	1.7296487474539062	1.2221277792453693	1.024551791037065	2.20197868056207	1.995231471803286	1.3166939603811767	3.262906269300453	1.1800488458699785	0.36136196683057975	1.3691863185838244	2.7112151882648603	0.9988427929797519	1.3983031706948263	2.945955663446771	0.4043914444144263	3.3895695384626796	1.6152017347798797	2.2119700214208504	3.287388106314782	1.5182594197818962	1.7964705314768472	1.1534898009749543	1.1730983323788564	2.854110828754601	1.0560924850891509	0.3386019588413083	2.538919536402912	1.1176672318928302	1.3266355620528787	1.6791315135672962	1.3806992361944368	1.422057834732306	1.3053910460333407	2.6150575774076383	0.2940376949131672	1.6635505468240543	1.3808072898042023	0.8464168343375486	0.8942550708633615	1.8762894738927394	2.0854790196120296	2.820869094027287	2.3412762753486214	0.6695748254310028	2.9637963293048517	2.3532221339555344	1.3032090161100103	0.8435282762393899	2.0165604541236672	1.210062121091362	1.51258943579566	2.061970256396145	2.5736274280561577	1.2213329222795393	2.332320459831609	3.1482815847784336	1.9722603448785356	1.7414701708001723	1.6983856161887414	1.9809115575563305	1.3769899731525144	2.070569341222622	0.9758667840995398	1.3081821666978273	1.2673208484482605	2.4113009879357326	1.8766953162794153	1.1791292714501709	2.0619020230070886
S112	1.1637101358824484	2.1909841096375255	1.5233169663051132	2.502290409834683	1.5201517740710326	2.022837046226379	0.6291988938325265	1.904203436220517	1.774414118330651	3.392844018000049	2.098426777556098	0.0	2.18369128953612	2.637761681316124	2.272974773819182	0.9017965122015518	2.6493407185478377	2.3650653992495396	2.6152114868476195	2.4594755860083075	2.490321665798985	1.031089796146281	0.5838453667022495	1.6716922397981768	2.659986376449946	1.5871899634573867	3.7993162779284764	1.6410863363514085	2.3288155209757404	2.8736254549294187	1.756012799168425	3.810148058229085	2.0821171433172223	2.8326862038797715	0.44875714785796506	2.3248645539419632	1.3505292615931372	3.1304142776833683	1.8056734821072822	1.7402555416259036	1.8235031360598046	1.3413420297129595	1.1172852716948534	2.112869616326077	1.0583439970321797	1.755059910195323	3.0719263499773763	2.2163661224917544	1.4321234894386397	1.5534123158994586	0.7621288958639174	0.79445678940913	1.5244770701597177	2.26066629825887	0.8175403843931797	1.9221639114434268	1.7924459249438942	1.070707647084518	1.7725766073133944	2.6498147230074482	1.4991413915023317	1.6090018903861711	3.2294447798740684	1.1370125944104585	1.067257057723102	2.2475497460911065	1.446820019529321	0.9856772393404523	1.9875384684731228	2.8119987780771267	3.3008411602627525	1.0112642403766068	1.1820072827977748	1.6642971557901247	1.9521574419513261	3.122405827829749	1.7840540594572463	2.3210047172899557	2.635409654217521	0.3483717851572917	1.81871239891727	2.2635795593461596	2.147895739860402	2.4734525992336565	0.8895113694088128	2.320476248794959	1.2466652780757246	1.131247259094004	2.771793617372661	2.224755665815138	0.6917182681855357	1.755153589925975	0.5602145396611455	2.2408455077897202	3.1422547900380855	1.8872395443119738	1.8715249342196214	3.293273029851457	3.1239226962742093	1.1113462316981069
S113	2.1017348325704353	1.4606494934047618	2.5270473849871924	1.3281089511723938	2.308418230463322	0.6954736949365695	2.090663410947957	1.1856168941450045	1.3006411833995382	1.4673127888583004	0.7435079814635412	2.18369128953612	0.0	1.4895791850442976	1.1895326450560744	1.5675740336336648	1.6089070115263964	2.157756636660569	1.4158495399864963	3.5176326114246543	1.007867141533786	1.4530532342238403	1.6032443323866066	0.7588060931545801	1.5268014599615216	3.2278591164453343	3.025900349895803	2.88843281899069	0.5843576573659458	1.1172314598820674	2.2440083428799897	1.9018764248137745	0.9847173654740146	1.5022668655176912	2.1734814131162628	1.7455315973043444	1.3427953161102835	2.818784315469579	0.6583611761270526	0.7743248126752792	1.914373790519811	2.473440681605391	1.1360583934253923	1.2315984310065784	2.807638426430544	0.98230551156441	2.758965814287664	1.5895710357023063	2.0719075762132886	3.1529649160451942	1.5325931851114556	1.7824854658865166	0.888460314437002	0.7466320498028036	2.924093322804493	0.7063402971776868	0.7640070870839775	2.7533441315657843	0.8583550148378526	1.5900231724262879	1.2933594873927228	1.3207902326633756	2.0430215952543542	1.144571469153393	2.6061923838578496	1.01932528684584	1.2615593666436837	1.4877564116885875	1.318243684724791	0.9055637133139621	2.112806873269902	2.4705442710997514	2.5939187443727696	2.0549610909918856	1.339642657977658	2.3824706618494367	2.259205546596795	1.5826696855159226	1.5219228194530852	2.2158932704835426	1.5586457743413424	1.1343534019805774	1.5867336115919195	2.0946918674821555	1.426507577303586	1.8817065550315575	3.2183715484088085	2.3132805586529273	1.3545727036751964	1.0286352979905045	1.860730317789804	1.0834856021645052	1.9803221832139413	1.7101845123214239	1.6111632910473392	1.8147058523824122	1.8966748638873914	1.2985554958270489	0.9934651415897234	2.0847761257374726
S114	3.083002531757788	2.7461315192727866	3.436189746359049	0.3433066350924421	1.7854149458774622	1.0197580562943775	2.731529029158785	1.4124064726744958	1.6342605724568704	2.2332860830754764	0.8031096229005015	2.637761681316124	1.4895791850442976	0.0	2.6201050813321234	1.9077260691660936	0.8615413778978256	1.8874314313510945	1.3544367934424792	2.993652717345411	1.792538392792871	1.6070975495951458	2.1466803434260053	1.8422270960490252	0.9096844667497556	2.943216304767195	4.202794372153653	3.8537397850618573	2.0259733957574624	1.604229957101382	1.846371094414711	1.4800906567999628	1.866474415789593	0.8147428915437467	2.8039010983266635	2.583199727102068	1.9307180353276714	3.9250689447211156	1.9762767758821078	1.070419576039425	1.3917567797084032	3.40871600820274	1.639950860423557	1.9885749926699448	3.59160581502305	0.9410271619576003	4.174583130193984	2.087817708758546	2.845811938314625	3.914898905824458	2.1547868893128133	2.4173264739768894	1.9133752192403324	1.8531861352227703	3.3620711479426215	1.7919712946684978	1.0503258558282527	2.901186631907694	1.8422005316909895	1.4673072181595388	2.450355892446969	2.001189410971784	0.6890736734958606	2.030479767642379	3.177809516461178	0.5157572341490351	2.4461077020905373	1.9675445023079203	1.1121412430732547	1.1930942801678397	1.83700381890909	2.3413704592084112	3.5177902455223733	3.0404290731685504	0.7540533408043033	3.6733750544532473	2.921233023256192	1.538315930844075	0.2793997216703553	2.4723740319877985	1.47141286459731	2.171181163855184	2.7965282164580527	3.2923879393206583	1.774048263875934	3.0431953375286995	3.620530629275238	2.275562787339846	2.300889086111986	2.477400971340647	2.6554360805115884	2.0928800509206753	2.7251663251454086	0.6225785271283053	1.1816234919484714	1.2881979006325472	3.20659994652293	2.400365916761437	1.4474804848032239	2.585428381094312
S115	1.5666529187022196	0.5054950498716848	1.8978419280086918	2.4908174856580345	2.986752758007266	1.6462613443588294	1.9373660816205616	1.726975483846024	1.6790448870868078	1.6620041322779502	1.8440846411979988	2.272974773819182	1.1895326450560744	2.6201050813321234	0.0	2.0728146611585863	2.7666975166960426	3.0756645857908933	2.042583609071531	4.24321502049087	1.2788739871477646	2.0460067066300702	1.8301565895203264	0.9492179417210036	2.3890587530267893	3.7130248695446033	2.048187925982532	2.205740313712235	0.6652571089468488	1.6588032011216929	3.0631928000318864	2.8364126953472057	1.1076278136202127	2.4325651064218192	2.1732903978536657	1.348949454901926	1.499160691495351	1.853005525210337	0.7207670002918765	1.7285258143433955	2.834843232820367	1.8750314639431525	1.6836887803807221	1.259768504277388	2.4356093844919906	1.9250248415149604	1.5769913086139853	1.6414271252341925	1.6639972222392205	2.6304311959124065	1.6482581606694238	1.7223711514480995	1.0013909570722006	0.928538667067533	2.810459906096074	0.9404257550218262	1.6973066610133027	3.0895442285129717	1.0103863902598598	2.1608707516154038	0.819615859934458	1.3695886963982902	3.1283263237586456	1.4116400902783048	2.3334198119273943	2.1244867269553995	0.8307468339811033	1.71055392951311	2.052833688394126	1.8015201824066587	2.6405985728274515	2.865453536101617	2.095576119678888	1.3949578901765838	2.375203228980055	1.3012455282856363	1.8802121056186634	2.078730169613794	2.593653922347734	2.4357876568095937	2.4620211084959474	0.9133480491655144	0.7160598025630027	1.1034302207581455	1.915850944732788	0.9855103332130726	3.256174574123038	2.6215332427565623	1.176127167615881	0.1759890019642005	1.6657867077552275	0.9373894789760009	1.8159551397589966	2.7574458761764533	2.4385944473097676	2.7696699536898555	0.9822708104333637	1.3283196910846085	1.9249164861973878	2.388891667509871
S116	1.6459321076858044	2.1576550666487577	2.1338627946282824	1.7069836541452659	1.3080590354217265	1.4340981326109041	1.2663095246227296	1.5912799096831156	1.573927513607824	2.9491848195042905	1.3869164012758155	0.9017965122015518	1.5675740336336648	1.9077260691660936	2.0728146611585863	0.0	1.7767139348902459	1.5422664873100813	2.2276511910203194	2.1815581348990287	2.1474245869689623	0.4913953093074068	0.5399541495428865	1.355001386137147	2.1619230556949343	1.7373250992153162	3.906330013063839	2.3285448645964784	1.8940287603003378	2.4122598048371633	1.1087228339798163	3.109891515194967	1.8298015517045434	2.2710821887370387	0.9398863363617217	2.3605213302009043	1.2950679897704105	3.3836519255505513	1.4420171141355471	1.0455224377986034	1.0702859017849364	1.965607615068333	0.522340298633244	1.9482396062711376	1.8185430465055332	1.0836242396583065	3.2435700523663233	2.138752545458808	1.8524693162847514	2.3792443643497694	0.845805555512923	1.1536403232514527	1.2651492940605646	1.9059802372443622	1.713127070653051	1.5859849839362141	1.1571549133638728	1.1954635108776166	1.5051792615503516	2.3128704013378902	1.489954513402791	1.5517772427263095	2.560005861180573	0.682256358677223	1.827551275906324	1.530368918246534	1.3967247989229379	0.9825370068127539	1.5819293965052317	2.2107266802483108	2.964819251972242	1.2657064856023779	1.8282246836589227	2.030460903963483	1.1795449208704425	3.193830390559611	2.1745737709208828	2.0675726281222	1.9743106251045957	0.8988324569315631	0.9313161915605294	2.0706110735846757	2.1850295737114616	2.6367012720347693	0.36196976312959483	2.4410286709646196	1.7664361493395324	1.4150549675934583	2.527805825926398	1.9609848501441935	1.1349207685560698	1.6184388655708482	1.1128160949375347	1.551928087491255	2.6058674294141695	1.0931896979470166	2.0189955818991434	2.8255188727385074	2.412557171690102	0.8005468673717483
S117	3.200294455437638	3.007785578541996	3.662883774651087	0.5747723456668881	1.9936236451240266	1.434193034381681	2.8910821595732066	1.9769672586006994	2.1655490490125002	2.6759329900856317	1.0944992794844581	2.6493407185478377	1.6089070115263964	0.8615413778978256	2.7666975166960426	1.7767139348902459	0.0	1.1470156070528992	2.0951302209714853	2.610665248473534	2.3027864402532097	1.6943250048994885	2.185487443208458	2.092158611708801	1.732169264233635	2.844011124278862	4.604272212940818	3.9721445440325356	2.1903133639668915	2.1673677523768236	1.4723502012214305	1.9201817078465562	2.314088910699341	1.632037595654122	2.7059495972600605	3.0888166353929267	2.301520888090391	4.3359816388314165	2.124287707601975	1.2498675889137645	1.0980494923399051	3.560964854234541	1.6914349611630375	2.492181920423019	3.5774744213634055	1.217432692993519	4.291942792478141	2.6852791426585965	3.1833920901171995	4.074460120473702	2.3132529263112245	2.6340537379071782	2.148013327101327	2.2249233331042424	3.4368315457205725	2.116728236804393	1.3385882702497067	2.6498743071353683	2.180049776746646	2.2338444135843063	2.625722266820895	2.426398286975352	1.3941684389700082	1.9608902559756745	3.420316665336153	0.9695938193164604	2.5621064998980514	2.2363584728067223	1.7409768860257437	1.6851297984942886	2.656962280721066	2.5253229102488675	3.5260585071493193	3.3330975084623296	0.8359118213650809	3.9800784032794874	3.3638893083445036	2.255003027719371	1.1362134182387449	2.5376085892911675	0.9812476656805309	2.591118567687957	3.0979772040053075	3.616749683564106	1.8102447583414059	3.385010914444978	3.4068896299028735	2.6083103905546894	2.7828903722051845	2.599768468802897	2.7512862180374857	2.4340920869766305	2.7914107317957058	0.9457352257825581	1.9455771681793064	0.960526886529497	3.262015731077956	2.6528421555302173	1.604284016122718	2.239308181040174
S118	3.1205549651155993	3.339016195370709	3.653191374288403	1.5898955179629	2.0532828250052804	2.118062978321667	2.8077730639846403	2.5868283645807364	2.6973497004385614	3.5176645309906704	1.8237263002041313	2.3650653992495396	2.157756636660569	1.8874314313510945	3.0756645857908933	1.5422664873100813	1.1470156070528992	0.0	2.9521644395258613	1.8346488569683845	3.015721757591302	1.7519632550076893	2.078127584508451	2.468474433799048	2.6590321898465206	2.3232726841414286	5.074939848555043	3.800347462492965	2.6685888587801747	3.036033035241197	0.9242475037968678	3.0332801987586184	2.881475272924353	2.631976430601615	2.3101970923866144	3.600096895339868	2.6261310776704208	4.708738348039032	2.454701616999993	1.744371249950992	0.9559168811214602	3.4659081593777024	1.7898161722201473	3.0626141483323206	3.206875295036354	1.755617550439641	4.39901409792702	3.285555437326823	3.349928793219969	3.880713412367796	2.3497056869212107	2.6770595957403303	2.463087534201663	2.817271156608565	3.113773708341695	2.607473571384719	1.8954830581873627	1.955522563605226	2.6253277086543476	3.0788922145465376	2.7978535053873625	2.8320876008055995	2.4663731901044703	1.9102198802692814	3.35927458935664	1.8209958985721229	2.6801650256867804	2.407671542307951	2.4093769647362038	2.608313193430982	3.6123506972579045	2.424821508966677	3.2385225627958634	3.491675537145317	1.394632928704326	4.354649073176144	3.637892011239791	2.9833889449437496	2.1234060132665644	2.3118949387785177	0.7137332393924732	3.138849631290589	3.4302856527510475	3.93004797688312	1.7898540344502463	3.726922470436135	2.7078052616440202	2.6971328109084185	3.459989330283978	2.9139776909239856	2.651968676198184	2.8311536489929887	2.6291884317692724	1.6242815595690974	2.979691469638581	0.9063465358858281	3.261444947406502	3.352791172575594	2.4888813349529673	1.594020389620066
S119	2.616688333381768	1.9622192390157833	2.7789266995607655	1.5299043426956649	2.1530089794947562	0.9243074292088126	2.388155171077443	0.7132405123529403	0.8873105895499191	1.4515984001127593	1.171935915453445	2.6152114868476195	1.4158495399864963	1.3544367934424792	2.042583609071531	2.2276511910203194	2.0951302209714853	2.9521644395258613	0.0	3.879732622465906	0.8149540093440889	1.810807061225368	2.1265522190365784	1.3779376487231942	0.533273283763618	3.403081988084673	3.0804620472412507	3.319546766597542	1.6020203706164469	0.7394122549669913	2.717351436507018	1.6597726057759132	0.9929512159044239	0.6686477942920755	2.833754059353439	1.4587760563173593	1.365238127682565	2.8118084397401395	1.603734358741523	1.3222414331631709	2.3082993462115438	2.8691443016863145	1.7454946168445198	0.978008002497854	3.361578387896106	1.261051984915457	3.444536677739411	0.9341374976506003	2.1040512057342475	3.4053707640243545	1.9194281098937167	2.027444195477227	1.4669439221643	1.1216508100843754	3.18321613007738	1.19146014620792	1.1637999779147854	3.3195620941670962	1.2175646456995002	0.1927869571224523	1.9245909950179494	1.243638903157108	1.4901551361383443	2.0692967300122773	2.6813481849241962	1.1546800050490915	2.017535974090215	1.648955320958741	0.7372673104647984	0.8878363084874061	0.7593777916879485	2.4143618355964387	3.2007258765697864	2.265625411721359	1.6038308638529082	2.7030484681136855	2.0161862094735463	0.4672626248586085	1.1284006007948097	2.4896244178558757	2.324322342589614	1.2367649836988637	1.9485383884475087	2.345621672185665	1.9193309620103196	2.0999672341806837	3.829642568498045	2.0737625061123874	1.2430471688258466	1.973558357094492	2.3583471157385225	1.3706573543725504	2.484524254926876	1.6228369719714135	0.687317030704041	2.2418806279987984	2.707355054465472	1.8412548428060542	1.586648982665754	2.98626829160629
S120	3.5921635508238903	4.332969526793867	3.9787799948587566	2.8437493479173686	1.931703595124524	3.2262181170319	3.0530342850816448	3.3887172075832637	3.4165747491628875	4.87136381483644	3.0401837805011067	2.4594755860083075	3.5176326114246543	2.993652717345411	4.24321502049087	2.1815581348990287	2.610665248473534	1.8346488569683845	3.879732622465906	0.0	4.117117762934055	2.3381577883949833	2.5737096939806596	3.4799552171141066	3.563344149775435	1.2318437207071407	6.062315774824791	4.042146086346386	3.97902416250222	4.244746360651519	1.2824993780137743	4.430689829944878	3.8668546040365315	3.647790865073732	2.553850754579616	4.394261210847412	3.2746816342240215	5.480554095463248	3.5883878015200565	2.849432966400718	1.6831229576455533	3.7945830065220685	2.6176761617212154	3.95389898548642	3.266971818304729	2.7537442248190036	5.350551356145302	4.031511938510002	3.77281861812579	3.8622557606735235	2.873332052314578	3.075560545509507	3.404670122784293	3.9639121902407894	2.8316538303473777	3.6714032104385024	2.963389881939299	1.5693092499337236	3.5961637563653928	3.9273389156566254	3.6564576937172224	3.55192884628744	3.4372463056280695	2.8426891465770523	3.388536257539197	2.9839439374049137	3.567993507093047	2.927073155345149	3.169814644968693	3.919848269567777	4.474989788568873	2.1409904459921445	3.503461406012457	4.0547987918639725	2.4150694913885853	5.367080966481696	4.028154492142151	3.707797612315475	3.125449403702444	2.2926715860124305	2.0370008994883695	4.161015335482512	4.344706365274311	4.776536626543305	2.407044305710497	4.580216582215621	2.2688930763618935	2.627795869408028	4.575985741406279	4.1196154936731055	3.085100176749646	3.733135180247643	2.9822086500834497	2.425426109122087	4.070909973584886	1.8036513293873464	4.113183000040292	4.813069707032266	4.048613287080576	2.1230414017936368
S121	2.1840532714404013	1.2321456891227613	2.3837431038902053	1.8251540313724322	2.5107774575280364	0.9475421307756835	2.1743151028432623	0.8747293881084572	0.9455314793440783	0.9780804922207412	1.248016000781849	2.490321665798985	1.007867141533786	1.792538392792871	1.2788739871477646	2.1474245869689623	2.3027864402532097	3.015721757591302	0.8149540093440889	4.117117762934055	0.0	1.8490824136015354	1.9693232847350972	0.9076276821408682	1.252297755943292	3.604329491462375	2.4159301628897287	2.889901832206426	0.9101230843287631	0.5143107978458588	2.8899996845407854	1.900936172720369	0.43760922823960846	1.3044082515421953	2.603123361085859	0.9960341992618997	1.2061371854169647	2.2158009154575886	1.030113276846737	1.315411339328432	2.5258754367810106	2.4607816734623076	1.6257901053676502	0.541329980443509	3.041696132028751	1.3940590007009648	2.6814358463212216	0.8123802591355848	1.7968287491985722	3.1071226099655083	1.7298471717504216	1.8256573256161057	1.035268159369328	0.39810378633043925	3.0689894609680928	0.6433379641515633	1.1808150218574804	3.2970441146091303	0.7452270384496721	0.9358134974304783	1.3772342436770426	0.9950344404799744	2.1075147894104824	1.749231606551606	2.5114096065398472	1.4076128318142873	1.474940171522386	1.5542540459069505	1.1580298122538781	0.8601980508755719	1.3664919565116864	2.611197331228856	2.8003837012686246	1.8001970986446216	1.8527530460158181	1.9575431612582888	1.7864797380336161	0.989181338179601	1.6604471796385503	2.4744312558255537	2.357209422479207	0.5178156874447999	1.2628536225908082	1.6763480428590916	1.862837973603975	1.4433859819686925	3.6885022195948154	2.270765633053503	0.5201153574055932	1.2295127297869433	2.0528889484263617	0.8508725222402592	2.2057652102853615	2.059389726163342	1.2392223783789984	2.4500766961247016	2.056946672855068	1.1973643816862332	1.3992509371389203	2.7931064628527635
