	S001	S002	S003	S004	S005	S006	S007	S008	S009	S010	S011	S012	S013	S014	S015	S016	S017	S018	S019	S020	S021	S022	S023	S024	S025	S026	S027	S028	S029	S030	S031	S032	S033	S034	S035	S036	S037	S038	S039	S040	S041	S042	S043	S044	S045	S046	S047	S048	S049	S050	S051	S052	S053	S054	S055	S056	S057	S058	S059	S060	S061	S062	S063	S064	S065	S066	S067	S068	S069	S070	S071	S072	S073	S074	S075	S076	S077	S078	S079	S080	S081	S082	S083	S084	S085	S086	S087	S088	S089	S090	S091	S092	S093	S094	S095	S096	S097	S098	S099	S100
S001	0	0.112843	0.120288	0.132842	0.117779	0.117584	0.113825	0.108319	0.137184	0.156685	0.124556	0.111776	0.116318	0.144541	0.118424	0.120583	0.122123	0.126821	0.117017	0.119429	0.118274	0.122286	0.130403	0.119779	0.115959	0.120473	0.134355	0.123555	0.117888	0.111807	0.119516	0.119964	0.126557	0.120362	0.103778	0.12292	0.12702	0.136916	0.13508	0.111651	0.109771	0.11613	0.118743	0.115862	0.124589	0.132945	0.119502	0.131838	0.122214	0.128158	0.117494	0.114434	0.110841	0.123442	0.135141	0.115771	0.119475	0.135841	0.112609	0.117117	0.116208	0.120159	0.136401	0.115359	0.114637	0.126924	0.120693	0.124911	0.126767	0.12285	0.111771	0.118632	0.145204	0.112387	0.119533	0.129926	0.118883	0.118301	0.114634	0.135531	0.119332	0.110372	0.128808	0.122777	0.12314	0.107686	0.123111	0.114254	0.116764	0.114138	0.116187	0.123531	0.110853	0.158735	0.105419	0.11649	0.120786	0.117028	0.114951	0.123689
S002	0.112843	0	0.112416	0.133238	0.11097	0.106515	0.114477	0.103321	0.129626	0.144094	0.111507	0.106612	0.107468	0.136056	0.103346	0.109189	0.11067	0.118067	0.101288	0.111595	0.106448	0.10974	0.118066	0.106973	0.107494	0.109624	0.12866	0.108192	0.109046	0.103137	0.101789	0.107042	0.110636	0.11037	0.101089	0.115942	0.115258	0.132476	0.123964	0.102791	0.106976	0.105154	0.110592	0.103433	0.110193	0.124945	0.106551	0.126927	0.10292	0.121269	0.104265	0.107218	0.0984268	0.11704	0.127242	0.103899	0.111861	0.124497	0.101777	0.104961	0.0996581	0.109062	0.125143	0.10335	0.104243	0.120667	0.115286	0.117503	0.109169	0.112155	0.0994955	0.103502	0.137581	0.101494	0.105198	0.120264	0.115179	0.1146	0.108136	0.116887	0.106448	0.0987798	0.119198	0.105533	0.112494	0.0975475	0.109902	0.102782	0.104501	0.107325	0.109331	0.119598	0.100784	0.149234	0.102263	0.107203	0.108624	0.101109	0.102614	0.107991
S003	0.120288	0.112416	0	0.14146	0.122681	0.118993	0.124696	0.10912	0.138864	0.15353	0.12672	0.113815	0.120297	0.14784	0.112958	0.109747	0.124105	0.124844	0.11252	0.118202	0.123506	0.122566	0.131663	0.123061	0.120831	0.122715	0.13694	0.123856	0.125021	0.109907	0.122864	0.117615	0.121151	0.119567	0.107255	0.121546	0.128059	0.132366	0.138218	0.116762	0.1182	0.118917	0.119887	0.114842	0.116418	0.137781	0.117595	0.134195	0.11909	0.130873	0.110256	0.124765	0.11298	0.123313	0.129931	0.114136	0.106678	0.132353	0.118584	0.119007	0.113145	0.114296	0.134686	0.118775	0.11799	0.130077	0.124837	0.132386	0.122872	0.12826	0.111656	0.113745	0.145013	0.115556	0.118551	0.130941	0.123104	0.119311	0.115865	0.135136	0.125523	0.108403	0.131592	0.122192	0.127793	0.112604	0.12625	0.112021	0.109818	0.11779	0.119124	0.123431	0.119214	0.15569	0.109633	0.107223	0.121792	0.116842	0.109174	0.118508
S004	0.132842	0.133238	0.14146	0	0.136695	0.136289	0.135559	0.134524	0.150265	0.166017	0.136319	0.130601	0.137443	0.161046	0.135241	0.137853	0.139546	0.142091	0.129705	0.139433	0.143	0.138815	0.152217	0.142625	0.138446	0.142472	0.150529	0.140511	0.128755	0.135033	0.130282	0.138551	0.140996	0.132215	0.128734	0.134879	0.143166	0.150403	0.153128	0.135476	0.131611	0.138032	0.132663	0.126523	0.138164	0.153236	0.138808	0.14476	0.138629	0.15261	0.128995	0.129981	0.131012	0.146483	0.15319	0.135863	0.135386	0.152594	0.135507	0.127343	0.134712	0.138124	0.150246	0.127269	0.134511	0.146263	0.139674	0.144166	0.146887	0.143422	0.134738	0.136739	0.16672	0.130774	0.136213	0.149391	0.145952	0.142367	0.132436	0.150064	0.13656	0.127369	0.147342	0.138329	0.144596	0.130606	0.145449	0.134219	0.132944	0.136242	0.137022	0.138597	0.138478	0.175669	0.128261	0.132282	0.137234	0.134699	0.131772	0.134352
S005	0.117779	0.11097	0.122681	0.136695	0	0.115332	0.113779	0.109253	0.138353	0.148901	0.124471	0.110831	0.115045	0.137773	0.117287	0.118178	0.116412	0.130259	0.115447	0.122425	0.121885	0.125114	0.133046	0.121974	0.116302	0.116034	0.130572	0.123299	0.118766	0.112894	0.120174	0.114083	0.123478	0.116578	0.108175	0.121105	0.122132	0.137508	0.136062	0.114309	0.120305	0.120299	0.111165	0.108802	0.123071	0.133673	0.1206	0.134611	0.118041	0.13456	0.111547	0.116518	0.111721	0.128244	0.133646	0.118715	0.119193	0.135223	0.109354	0.11721	0.107661	0.118043	0.134062	0.113182	0.11329	0.129934	0.125868	0.124164	0.124557	0.123023	0.111945	0.116451	0.148696	0.11561	0.121009	0.12203	0.122136	0.113542	0.114582	0.136285	0.118409	0.107131	0.124632	0.115538	0.122886	0.111295	0.120225	0.112402	0.118522	0.111293	0.11739	0.126551	0.117864	0.153733	0.109134	0.115046	0.117522	0.112783	0.105029	0.122775
S006	0.117584	0.106515	0.118993	0.136289	0.115332	0	0.111496	0.111454	0.135785	0.152331	0.114478	0.107818	0.107847	0.14232	0.112114	0.114624	0.115068	0.121026	0.11076	0.110758	0.118422	0.122745	0.126466	0.118716	0.112599	0.116274	0.128982	0.119662	0.118128	0.106129	0.115958	0.111629	0.114852	0.113556	0.102147	0.118988	0.1215	0.126344	0.126583	0.106645	0.111215	0.109266	0.107704	0.103245	0.120163	0.127515	0.116863	0.130253	0.115065	0.12712	0.111272	0.11816	0.099188	0.12579	0.124916	0.1071	0.113049	0.130225	0.112378	0.110522	0.105244	0.104538	0.126293	0.108988	0.107051	0.121994	0.102316	0.11892	0.121169	0.117803	0.103844	0.111147	0.148828	0.109275	0.109743	0.123117	0.118318	0.116329	0.111734	0.126321	0.11832	0.107262	0.126146	0.116546	0.115297	0.103822	0.112279	0.105605	0.10897	0.112564	0.108168	0.124729	0.113197	0.154257	0.101246	0.109504	0.11394	0.106629	0.106018	0.118135
S007	0.113825	0.114477	0.124696	0.135559	0.113779	0.111496	0	0.105048	0.139647	0.155466	0.118583	0.111438	0.116124	0.144604	0.112589	0.122825	0.11163	0.130926	0.113158	0.123135	0.124064	0.123928	0.128355	0.123028	0.117298	0.122525	0.134795	0.123947	0.119387	0.107917	0.121318	0.116005	0.122415	0.107774	0.107938	0.119211	0.126837	0.139531	0.13407	0.117891	0.115521	0.120589	0.113943	0.11262	0.123069	0.130512	0.119329	0.135512	0.119497	0.132677	0.117207	0.121388	0.108947	0.13019	0.1327	0.114385	0.118786	0.136118	0.115683	0.120164	0.116312	0.12045	0.13365	0.112433	0.113711	0.124405	0.124035	0.127691	0.128898	0.122803	0.114077	0.111824	0.142442	0.11365	0.112213	0.129769	0.126637	0.117163	0.116418	0.136436	0.1152	0.105667	0.130253	0.121526	0.123984	0.106908	0.11757	0.115973	0.113448	0.118468	0.119043	0.107737	0.11248	0.145533	0.110149	0.115994	0.118975	0.114657	0.115241	0.123813
S008	0.108319	0.103321	0.10912	0.134524	0.109253	0.111454	0.105048	0	0.129426	0.147927	0.119232	0.0973136	0.105328	0.139577	0.106515	0.112295	0.112635	0.118929	0.101813	0.112816	0.113909	0.114591	0.123345	0.111542	0.109993	0.11114	0.124059	0.111575	0.112774	0.104388	0.106631	0.11139	0.114845	0.106686	0.0931962	0.111576	0.107427	0.129387	0.122725	0.108091	0.102212	0.106923	0.108675	0.0981019	0.114605	0.125154	0.108931	0.126679	0.114779	0.12069	0.109574	0.107219	0.0912834	0.122323	0.124983	0.0994688	0.114929	0.127689	0.108624	0.111682	0.109411	0.11114	0.118583	0.103538	0.104963	0.117362	0.109217	0.1156	0.10537	0.108506	0.104564	0.107368	0.139679	0.108582	0.109497	0.120256	0.117726	0.110139	0.109037	0.122723	0.109875	0.0979867	0.122163	0.111876	0.111575	0.101845	0.113108	0.103695	0.107432	0.109249	0.10683	0.114964	0.107178	0.143125	0.0988098	0.107016	0.108098	0.109284	0.10377	0.106966
S009	0.137184	0.129626	0.138864	0.150265	0.138353	0.135785	0.139647	0.129426	0	0.166194	0.136292	0.127944	0.137094	0.155176	0.131592	0.133141	0.127004	0.143507	0.129721	0.139192	0.140773	0.142541	0.147051	0.13422	0.135768	0.139733	0.148235	0.136581	0.13527	0.126895	0.134788	0.135622	0.141773	0.133282	0.127666	0.140569	0.144501	0.149689	0.148121	0.127993	0.135251	0.135803	0.135315	0.13039	0.140958	0.152917	0.131036	0.144889	0.138352	0.146937	0.127329	0.133829	0.128656	0.142655	0.147472	0.124457	0.137512	0.146569	0.126626	0.129583	0.1314	0.13496	0.147852	0.129417	0.13341	0.141123	0.141547	0.141345	0.143947	0.134032	0.128771	0.137277	0.163042	0.134585	0.130073	0.126162	0.139092	0.136879	0.133166	0.145019	0.134821	0.127079	0.139478	0.143628	0.14163	0.129663	0.138529	0.131001	0.129891	0.134096	0.128465	0.142936	0.135066	0.170818	0.127405	0.131824	0.13686	0.13664	0.122727	0.138921
S010	0.156685	0.144094	0.15353	0.166017	0.148901	0.152331	0.155466	0.147927	0.166194	0	0.155629	0.148496	0.15115	0.173152	0.147755	0.151149	0.154907	0.144887	0.138241	0.153586	0.153697	0.155424	0.157512	0.147841	0.15094	0.142682	0.166513	0.150732	0.152281	0.144887	0.153088	0.152597	0.154532	0.153221	0.143988	0.152297	0.151438	0.167468	0.160379	0.145164	0.152055	0.154649	0.152465	0.147221	0.155438	0.160028	0.150803	0.162393	0.150568	0.162678	0.149509	0.151448	0.146215	0.160697	0.165538	0.147937	0.150883	0.156312	0.151572	0.150067	0.152965	0.150005	0.159301	0.149003	0.139362	0.158849	0.157779	0.150405	0.159562	0.152324	0.147034	0.150253	0.173176	0.144715	0.14881	0.149228	0.157785	0.155618	0.145411	0.158787	0.152862	0.148043	0.161469	0.149791	0.155822	0.144701	0.155981	0.145491	0.149958	0.151936	0.148168	0.15019	0.151771	0.18294	0.147236	0.150986	0.145291	0.15076	0.146893	0.154271
S011	0.124556	0.111507	0.12672	0.136319	0.124471	0.114478	0.118583	0.119232	0.136292	0.155629	0	0.112604	0.117708	0.143169	0.114946	0.120641	0.113614	0.130553	0.111669	0.125899	0.120647	0.120621	0.126555	0.116898	0.117711	0.120233	0.139992	0.121983	0.117238	0.110852	0.113895	0.115252	0.120442	0.116709	0.112353	0.126238	0.12967	0.13544	0.135322	0.109572	0.119278	0.119148	0.119468	0.110452	0.120527	0.132759	0.122549	0.129559	0.121466	0.135482	0.11576	0.118631	0.111044	0.132433	0.129538	0.116993	0.12742	0.134904	0.114251	0.11705	0.116803	0.116582	0.136266	0.109124	0.110776	0.125401	0.12242	0.130194	0.127809	0.123283	0.108864	0.117539	0.142216	0.111718	0.117008	0.128547	0.127607	0.121179	0.119039	0.133713	0.124016	0.116335	0.130608	0.123786	0.120891	0.108054	0.124183	0.113712	0.118791	0.118381	0.111258	0.117058	0.115323	0.156189	0.112313	0.115888	0.118931	0.112302	0.115753	0.125107
S012	0.111776	0.106612	0.113815	0.130601	0.110831	0.107818	0.111438	0.0973136	0.127944	0.148496	0.112604	0	0.108121	0.133816	0.109145	0.112838	0.114974	0.121561	0.10271	0.115592	0.113004	0.118306	0.121447	0.111876	0.111338	0.112007	0.130254	0.110937	0.109779	0.100521	0.109667	0.109779	0.115186	0.112137	0.103553	0.114066	0.114891	0.124104	0.130568	0.101757	0.109525	0.101889	0.106003	0.104156	0.115364	0.129758	0.109226	0.128261	0.111717	0.12301	0.111039	0.109855	0.10043	0.123533	0.121498	0.100894	0.110215	0.124022	0.107839	0.107255	0.103993	0.111733	0.125773	0.102537	0.108771	0.11173	0.111825	0.118325	0.118148	0.110526	0.105619	0.104647	0.139733	0.100976	0.103236	0.119327	0.11875	0.113546	0.111979	0.127353	0.113908	0.0980984	0.11648	0.108773	0.111444	0.0985708	0.1143	0.106047	0.102003	0.110689	0.109175	0.115216	0.10736	0.148232	0.103852	0.105773	0.107266	0.106232	0.100117	0.11192
S013	0.116318	0.107468	0.120297	0.137443	0.115045	0.107847	0.116124	0.105328	0.137094	0.15115	0.117708	0.108121	0	0.146682	0.111126	0.115875	0.113129	0.126302	0.106226	0.12004	0.113997	0.121246	0.121248	0.115254	0.113995	0.114924	0.131343	0.115067	0.111729	0.114206	0.112066	0.113865	0.116625	0.11348	0.10442	0.116146	0.120925	0.130429	0.128217	0.10857	0.100735	0.11278	0.110176	0.10758	0.113196	0.129887	0.110157	0.127116	0.117438	0.123922	0.113427	0.114549	0.10582	0.127728	0.127403	0.108179	0.116728	0.128368	0.114482	0.10769	0.111099	0.113434	0.125776	0.10473	0.107185	0.117818	0.112951	0.110922	0.116086	0.118226	0.0993378	0.10235	0.146712	0.102279	0.113717	0.125261	0.116617	0.112676	0.109603	0.125139	0.115536	0.109801	0.11661	0.121417	0.113815	0.102304	0.119962	0.106954	0.107567	0.108902	0.106244	0.119807	0.110532	0.154053	0.102806	0.111983	0.106071	0.105622	0.107748	0.117805
S014	0.144541	0.136056	0.14784	0.161046	0.137773	0.14232	0.144604	0.139577	0.155176	0.173152	0.143169	0.133816	0.146682	0	0.139268	0.136455	0.134529	0.154918	0.139383	0.14316	0.142202	0.147118	0.147488	0.143195	0.138262	0.140513	0.15802	0.147648	0.1459	0.133565	0.144887	0.144132	0.146627	0.137441	0.135824	0.142963	0.153012	0.156331	0.149735	0.136457	0.144805	0.141703	0.142805	0.136793	0.15135	0.159151	0.143132	0.156448	0.145147	0.152233	0.139205	0.147303	0.130686	0.149332	0.150002	0.136048	0.142122	0.148546	0.139529	0.144185	0.139109	0.146686	0.152782	0.13023	0.144021	0.147752	0.144861	0.151225	0.143676	0.147984	0.137626	0.139397	0.166191	0.141028	0.139753	0.153392	0.147636	0.136851	0.141407	0.157707	0.147051	0.136891	0.154881	0.14522	0.148796	0.138767	0.142896	0.13505	0.132674	0.144195	0.144527	0.148071	0.140331	0.173134	0.136937	0.140893	0.134862	0.144798	0.138173	0.140961
S015	0.118424	0.103346	0.112958	0.135241	0.117287	0.112114	0.112589	0.106515	0.131592	0.147755	0.114946	0.109145	0.111126	0.139268	0	0.114745	0.115448	0.11919	0.107876	0.116322	0.115937	0.118682	0.124278	0.110459	0.112724	0.115878	0.128715	0.11465	0.120208	0.109557	0.112927	0.115448	0.116637	0.114403	0.100764	0.117431	0.123527	0.131705	0.127071	0.105945	0.11162	0.113283	0.11168	0.10698	0.117483	0.130438	0.113257	0.128747	0.111491	0.118187	0.109581	0.112158	0.100893	0.126319	0.128715	0.110962	0.115345	0.127088	0.104791	0.112547	0.10628	0.108824	0.130382	0.110701	0.107066	0.122142	0.119987	0.119569	0.119162	0.114447	0.106314	0.112608	0.14329	0.107445	0.111557	0.12566	0.116046	0.115019	0.108719	0.13034	0.113332	0.10906	0.122498	0.1183	0.116798	0.105086	0.122801	0.100164	0.110533	0.107972	0.115596	0.113001	0.111734	0.149265	0.103858	0.106268	0.113642	0.113579	0.109466	0.113833
S016	0.120583	0.109189	0.109747	0.137853	0.118178	0.114624	0.122825	0.112295	0.133141	0.151149	0.120641	0.112838	0.115875	0.136455	0.114745	0	0.120838	0.122019	0.109964	0.112967	0.119374	0.124768	0.123542	0.109382	0.116697	0.122322	0.133594	0.117658	0.120081	0.104563	0.115739	0.118773	0.124503	0.117556	0.104328	0.119277	0.118584	0.133242	0.126957	0.109507	0.107869	0.107851	0.11519	0.107015	0.119527	0.131879	0.114477	0.127017	0.118218	0.125933	0.0983479	0.114457	0.105813	0.125131	0.129086	0.112565	0.114481	0.1294	0.113662	0.111266	0.111957	0.105257	0.133125	0.108964	0.111523	0.128855	0.121664	0.129968	0.118819	0.116316	0.106519	0.11362	0.146307	0.110049	0.107498	0.127475	0.119918	0.116526	0.111396	0.134915	0.121121	0.108972	0.129386	0.114216	0.119731	0.10405	0.116956	0.108959	0.114335	0.116882	0.116242	0.118044	0.116369	0.156464	0.108179	0.10765	0.112297	0.114095	0.109911	0.118572
S017	0.122123	0.11067	0.124105	0.139546	0.116412	0.115068	0.11163	0.112635	0.127004	0.154907	0.113614	0.114974	0.113129	0.134529	0.115448	0.120838	0	0.130781	0.113451	0.116546	0.121186	0.121439	0.13272	0.122387	0.114831	0.117783	0.126645	0.116451	0.107255	0.108177	0.115269	0.116079	0.126297	0.119331	0.106469	0.121102	0.127673	0.137015	0.135563	0.10915	0.113691	0.117254	0.119026	0.112025	0.120866	0.13158	0.120306	0.134615	0.119045	0.131928	0.111617	0.116162	0.108225	0.131376	0.125261	0.116892	0.122742	0.132302	0.111031	0.115253	0.112472	0.1191	0.133022	0.108543	0.113975	0.126836	0.122062	0.125845	0.121364	0.124694	0.109456	0.118017	0.145003	0.109747	0.117892	0.12942	0.125058	0.122934	0.114496	0.133859	0.119805	0.109553	0.121346	0.122749	0.126551	0.110623	0.117511	0.112278	0.112393	0.117804	0.108777	0.108367	0.114675	0.152678	0.112384	0.109678	0.113537	0.115172	0.111693	0.121489
S018	0.126821	0.118067	0.124844	0.142091	0.130259	0.121026	0.130926	0.118929	0.143507	0.144887	0.130553	0.121561	0.126302	0.154918	0.11919	0.122019	0.130781	0	0.12229	0.128707	0.131819	0.132707	0.140203	0.130251	0.126968	0.126634	0.142634	0.126186	0.130475	0.115172	0.122792	0.129769	0.133559	0.133134	0.111837	0.127835	0.131989	0.143758	0.138336	0.122106	0.122569	0.126062	0.128759	0.121766	0.132157	0.141991	0.128887	0.133248	0.128596	0.1366	0.119368	0.122954	0.118544	0.134777	0.140405	0.119937	0.128129	0.140507	0.119553	0.12676	0.121198	0.120427	0.14132	0.12417	0.118246	0.136171	0.127996	0.133223	0.134108	0.128899	0.119126	0.127033	0.15519	0.122815	0.114314	0.132323	0.130549	0.126554	0.126431	0.130232	0.128448	0.119465	0.1405	0.129989	0.131972	0.116861	0.132468	0.110449	0.119325	0.126722	0.119975	0.133026	0.12217	0.162108	0.117233	0.126044	0.127549	0.121817	0.124202	0.131633
S019	0.117017	0.101288	0.11252	0.129705	0.115447	0.11076	0.113158	0.101813	0.129721	0.138241	0.111669	0.10271	0.106226	0.139383	0.107876	0.109964	0.113451	0.12229	0	0.114297	0.10476	0.0995983	0.112073	0.108129	0.111025	0.105435	0.126842	0.112656	0.109897	0.105584	0.10879	0.109945	0.11175	0.109046	0.0994325	0.113432	0.114997	0.127559	0.124297	0.106687	0.110965	0.10759	0.109625	0.103221	0.114058	0.127621	0.110202	0.121268	0.110588	0.120878	0.102376	0.107112	0.101472	0.117459	0.125384	0.105936	0.114611	0.124668	0.10258	0.102139	0.109505	0.105783	0.127515	0.107422	0.103233	0.119189	0.112474	0.117788	0.120008	0.11745	0.101861	0.101848	0.13011	0.103968	0.111882	0.121455	0.116976	0.10981	0.106086	0.122266	0.11337	0.100182	0.121267	0.1129	0.112831	0.103645	0.110583	0.102957	0.10941	0.105807	0.109053	0.115005	0.109288	0.147835	0.0976088	0.109914	0.105223	0.106416	0.100162	0.11061
S020	0.119429	0.111595	0.118202	0.139433	0.122425	0.110758	0.123135	0.112816	0.139192	0.153586	0.125899	0.115592	0.12004	0.14316	0.116322	0.112967	0.116546	0.128707	0.114297	0	0.113784	0.122129	0.131234	0.124351	0.113555	0.122911	0.136181	0.124239	0.121027	0.110256	0.115089	0.117231	0.120388	0.12183	0.110673	0.116531	0.128251	0.13462	0.132895	0.114282	0.11822	0.117108	0.120538	0.114295	0.121721	0.134751	0.119683	0.131297	0.11443	0.119962	0.116022	0.104611	0.113197	0.130499	0.127682	0.112579	0.114827	0.135416	0.113088	0.118888	0.115883	0.120369	0.134594	0.116857	0.113238	0.120773	0.122301	0.122989	0.126438	0.120952	0.114771	0.115938	0.146181	0.115119	0.118459	0.133563	0.12214	0.11782	0.116754	0.135135	0.122357	0.111533	0.133913	0.120933	0.120232	0.109207	0.117602	0.110847	0.115388	0.117774	0.11401	0.123084	0.116463	0.152824	0.107713	0.115624	0.11989	0.118382	0.116726	0.123735
S021	0.118274	0.106448	0.123506	0.143	0.121885	0.118422	0.124064	0.113909	0.140773	0.153697	0.120647	0.113004	0.113997	0.142202	0.115937	0.119374	0.121186	0.131819	0.10476	0.113784	0	0.116125	0.117654	0.114212	0.120676	0.117784	0.133203	0.118695	0.115769	0.112198	0.116577	0.119833	0.121379	0.119057	0.10326	0.124132	0.123223	0.133593	0.1349	0.111653	0.115454	0.115762	0.120584	0.110577	0.118584	0.133277	0.116552	0.137264	0.120614	0.130917	0.115613	0.120003	0.109069	0.123768	0.128458	0.110091	0.122911	0.126378	0.114008	0.113222	0.117425	0.114831	0.131885	0.106619	0.107699	0.125196	0.119054	0.123841	0.123313	0.112267	0.10906	0.117228	0.149606	0.112341	0.111911	0.130511	0.124517	0.118779	0.108732	0.12251	0.122016	0.11375	0.131283	0.122385	0.121116	0.105809	0.119076	0.111758	0.116444	0.111418	0.110808	0.126094	0.110938	0.15885	0.106457	0.114946	0.120238	0.112444	0.113649	0.120662
S022	0.122286	0.10974	0.122566	0.138815	0.125114	0.122745	0.123928	0.114591	0.142541	0.155424	0.120621	0.118306	0.121246	0.147118	0.118682	0.124768	0.121439	0.132707	0.0995983	0.122129	0.116125	0	0.115779	0.124989	0.121137	0.124464	0.135705	0.127738	0.122224	0.11628	0.119076	0.124434	0.122716	0.123259	0.114194	0.125491	0.127831	0.136794	0.135219	0.118931	0.118838	0.119801	0.119485	0.115228	0.124857	0.129034	0.122788	0.137183	0.123077	0.121458	0.120055	0.124007	0.11164	0.132204	0.135965	0.115271	0.121736	0.134177	0.115574	0.119027	0.123367	0.117001	0.131136	0.113023	0.117189	0.130919	0.128623	0.131039	0.1289	0.128795	0.113853	0.114806	0.147527	0.11933	0.121222	0.131657	0.125497	0.125774	0.114277	0.130239	0.120288	0.111591	0.135274	0.126859	0.125175	0.110784	0.124638	0.116045	0.116264	0.114225	0.122559	0.125488	0.120512	0.150891	0.114596	0.118011	0.12096	0.11579	0.11713	0.123381
S023	0.130403	0.118066	0.131663	0.152217	0.133046	0.126466	0.128355	0.123345	0.147051	0.157512	0.126555	0.121447	0.121248	0.147488	0.124278	0.123542	0.13272	0.140203	0.112073	0.131234	0.117654	0.115779	0	0.127069	0.127829	0.12479	0.144879	0.130971	0.135434	0.121268	0.118432	0.123541	0.127873	0.126512	0.117362	0.128263	0.135622	0.144121	0.142634	0.122136	0.127143	0.125584	0.127322	0.11962	0.132768	0.145962	0.128058	0.140971	0.130784	0.132105	0.128427	0.13185	0.117733	0.139904	0.134665	0.124103	0.1287	0.141181	0.124967	0.128533	0.124172	0.126048	0.142575	0.117216	0.123248	0.128253	0.126699	0.134573	0.136965	0.136075	0.112169	0.123031	0.153639	0.119865	0.125357	0.137679	0.135551	0.12975	0.123269	0.139729	0.129068	0.1156	0.136836	0.124029	0.130642	0.116493	0.136988	0.115685	0.120878	0.119999	0.123966	0.126723	0.122561	0.161673	0.122085	0.127198	0.121473	0.123879	0.122723	0.130543
S024	0.119779	0.106973	0.123061	0.142625	0.121974	0.118716	0.123028	0.111542	0.13422	0.147841	0.116898	0.111876	0.115254	0.143195	0.110459	0.109382	0.122387	0.130251	0.108129	0.124351	0.114212	0.124989	0.127069	0	0.120291	0.119684	0.137244	0.118871	0.119785	0.114912	0.116693	0.124078	0.120296	0.120198	0.109034	0.123833	0.118378	0.140161	0.127379	0.109177	0.114326	0.114877	0.117488	0.112308	0.119628	0.133269	0.125301	0.134827	0.123489	0.130338	0.114675	0.117813	0.110445	0.122147	0.135153	0.113959	0.11856	0.133352	0.118719	0.112622	0.114823	0.109223	0.134286	0.108171	0.112682	0.126816	0.124883	0.127983	0.115626	0.125925	0.109237	0.112893	0.144341	0.114914	0.109262	0.117902	0.121699	0.120449	0.11359	0.134623	0.123362	0.10942	0.128844	0.120728	0.124808	0.1073	0.122989	0.108612	0.108305	0.118707	0.120779	0.120359	0.114718	0.157057	0.107366	0.116806	0.117254	0.116334	0.111661	0.118592
S025	0.115959	0.107494	0.120831	0.138446	0.116302	0.112599	0.117298	0.109993	0.135768	0.15094	0.117711	0.111338	0.113995	0.138262	0.112724	0.116697	0.114831	0.126968	0.111025	0.113555	0.120676	0.121137	0.127829	0.120291	0	0.118894	0.129253	0.115455	0.118701	0.109418	0.116244	0.11879	0.116757	0.116417	0.10474	0.116126	0.12077	0.132075	0.125832	0.111349	0.114186	0.117226	0.113921	0.11045	0.118154	0.131961	0.114578	0.131688	0.117495	0.128784	0.109928	0.119744	0.109551	0.12708	0.129725	0.110593	0.117241	0.132849	0.109909	0.115517	0.109182	0.117608	0.127077	0.110965	0.109997	0.120845	0.123724	0.121232	0.124772	0.126214	0.106087	0.114402	0.142364	0.109754	0.113926	0.130931	0.11417	0.119495	0.113044	0.133554	0.114026	0.10557	0.12737	0.119914	0.117325	0.10775	0.121854	0.108598	0.104442	0.114136	0.113531	0.120441	0.109658	0.153323	0.105153	0.113479	0.114826	0.111398	0.106552	0.112168
S026	0.120473	0.109624	0.122715	0.142472	0.116034	0.116274	0.122525	0.11114	0.139733	0.142682	0.120233	0.112007	0.114924	0.140513	0.115878	0.122322	0.117783	0.126634	0.105435	0.122911	0.117784	0.124464	0.12479	0.119684	0.118894	0	0.133046	0.118441	0.118026	0.113864	0.116207	0.111044	0.115847	0.120253	0.109892	0.113271	0.121571	0.13201	0.133214	0.115439	0.116512	0.118945	0.119981	0.107468	0.125478	0.131082	0.118003	0.133941	0.120316	0.126538	0.117609	0.118965	0.110751	0.12229	0.133292	0.114627	0.123661	0.130498	0.117405	0.119368	0.115718	0.118823	0.129777	0.11435	0.114656	0.120979	0.12119	0.123456	0.124427	0.124325	0.110375	0.113409	0.14808	0.107015	0.110413	0.1296	0.124646	0.121082	0.118704	0.127888	0.119804	0.109016	0.121139	0.119067	0.121685	0.107845	0.122202	0.107495	0.109615	0.117322	0.112659	0.12275	0.118015	0.153586	0.108721	0.113467	0.110945	0.114765	0.112523	0.122378
S027	0.134355	0.12866	0.13694	0.150529	0.130572	0.128982	0.134795	0.124059	0.148235	0.166513	0.139992	0.130254	0.131343	0.15802	0.128715	0.133594	0.126645	0.142634	0.126842	0.136181	0.133203	0.135705	0.144879	0.137244	0.129253	0.133046	0	0.14	0.135051	0.12852	0.129642	0.131846	0.134315	0.133478	0.11838	0.132213	0.141826	0.148022	0.146307	0.124843	0.130569	0.126588	0.126889	0.123715	0.135164	0.14315	0.131317	0.147666	0.136007	0.141237	0.127991	0.134608	0.123258	0.145255	0.145134	0.130081	0.133535	0.148422	0.126218	0.132534	0.132273	0.130192	0.142287	0.128824	0.12396	0.143308	0.13391	0.137211	0.138221	0.135177	0.114263	0.131707	0.151976	0.130187	0.129421	0.139872	0.137532	0.13114	0.128144	0.146828	0.134385	0.121547	0.134087	0.132139	0.138433	0.124643	0.139258	0.124072	0.126342	0.130188	0.127453	0.135522	0.13306	0.166059	0.123727	0.130505	0.129488	0.127093	0.125688	0.138392
S028	0.123555	0.108192	0.123856	0.140511	0.123299	0.119662	0.123947	0.111575	0.136581	0.150732	0.121983	0.110937	0.115067	0.147648	0.11465	0.117658	0.116451	0.126186	0.112656	0.124239	0.118695	0.127738	0.130971	0.118871	0.115455	0.118441	0.14	0	0.114149	0.11189	0.119498	0.119221	0.119202	0.116977	0.109859	0.124392	0.128672	0.132785	0.127572	0.116062	0.1187	0.112167	0.119427	0.110976	0.123492	0.136548	0.117066	0.136599	0.122213	0.133106	0.115795	0.116039	0.108359	0.123401	0.131698	0.112195	0.121812	0.126634	0.114632	0.11955	0.114435	0.121822	0.132061	0.112667	0.112399	0.123155	0.125312	0.128309	0.12797	0.122504	0.108063	0.116354	0.154474	0.109817	0.111716	0.129101	0.127112	0.122032	0.108692	0.126561	0.120388	0.113231	0.1296	0.125548	0.122829	0.109175	0.123771	0.112711	0.115626	0.116532	0.111985	0.124669	0.116067	0.159364	0.113318	0.113784	0.118663	0.112141	0.11357	0.117911
S029	0.117888	0.109046	0.125021	0.128755	0.118766	0.118128	0.119387	0.112774	0.13527	0.152281	0.117238	0.109779	0.111729	0.1459	0.120208	0.120081	0.107255	0.130475	0.109897	0.121027	0.115769	0.122224	0.135434	0.119785	0.118701	0.118026	0.135051	0.114149	0	0.114071	0.108461	0.119079	0.122445	0.120668	0.107476	0.12146	0.111148	0.1335	0.129153	0.110334	0.113445	0.112975	0.118737	0.111762	0.122214	0.128566	0.120055	0.134275	0.121178	0.132151	0.112671	0.112125	0.111922	0.130158	0.136583	0.112517	0.118002	0.129616	0.116238	0.114965	0.113739	0.119491	0.134461	0.111461	0.114176	0.128298	0.119644	0.128509	0.127183	0.122411	0.113437	0.11792	0.152289	0.104145	0.118271	0.133729	0.127052	0.117402	0.117247	0.132307	0.121333	0.1084	0.122819	0.119662	0.116258	0.108227	0.125105	0.110872	0.117771	0.114792	0.108578	0.12125	0.1136	0.154678	0.107008	0.115655	0.118831	0.113943	0.110271	0.122195
S030	0.111807	0.103137	0.109907	0.135033	0.112894	0.106129	0.107917	0.104388	0.126895	0.144887	0.110852	0.100521	0.114206	0.133565	0.109557	0.104563	0.108177	0.115172	0.105584	0.110256	0.112198	0.11628	0.121268	0.114912	0.109418	0.113864	0.12852	0.11189	0.114071	0	0.107289	0.109929	0.115144	0.109851	0.100502	0.114112	0.118769	0.129089	0.125995	0.0966141	0.107089	0.10525	0.110832	0.100648	0.114764	0.126875	0.106761	0.123943	0.113642	0.122635	0.104919	0.110773	0.0958312	0.118974	0.127193	0.10439	0.112499	0.124059	0.102526	0.106151	0.103558	0.112498	0.124945	0.106032	0.0999768	0.118241	0.114399	0.119552	0.116813	0.111957	0.103382	0.106831	0.139765	0.104794	0.100853	0.126674	0.116631	0.108496	0.108587	0.126631	0.113326	0.09831	0.124839	0.108336	0.114715	0.0983286	0.109538	0.105193	0.102714	0.105682	0.104753	0.115672	0.103951	0.134318	0.101779	0.0947086	0.108833	0.10792	0.103832	0.109876
S031	0.119516	0.101789	0.122864	0.130282	0.120174	0.115958	0.121318	0.106631	0.134788	0.153088	0.113895	0.109667	0.112066	0.144887	0.112927	0.115739	0.115269	0.122792	0.10879	0.115089	0.116577	0.119076	0.118432	0.116693	0.116244	0.116207	0.129642	0.119498	0.108461	0.107289	0	0.117065	0.115334	0.115581	0.109037	0.110747	0.117124	0.133066	0.132898	0.109777	0.111515	0.105541	0.114109	0.104377	0.118269	0.131506	0.117922	0.125488	0.11308	0.128641	0.11317	0.106261	0.105371	0.117301	0.130898	0.109315	0.11858	0.130481	0.113408	0.109246	0.115494	0.117071	0.128045	0.108548	0.107785	0.115853	0.11772	0.124503	0.118845	0.124091	0.103029	0.111007	0.140674	0.108358	0.11581	0.12775	0.122715	0.114656	0.115262	0.129069	0.119906	0.108021	0.124877	0.11321	0.117907	0.107586	0.120409	0.102365	0.108888	0.115777	0.110295	0.116604	0.110584	0.157545	0.107189	0.109427	0.110363	0.109397	0.112475	0.118656
S032	0.119964	0.107042	0.117615	0.138551	0.114083	0.111629	0.116005	0.11139	0.135622	0.152597	0.115252	0.109779	0.113865	0.144132	0.115448	0.118773	0.116079	0.129769	0.109945	0.117231	0.119833	0.124434	0.123541	0.124078	0.11879	0.111044	0.131846	0.119221	0.119079	0.109929	0.117065	0	0.121048	0.111965	0.103004	0.118758	0.124999	0.135195	0.128973	0.111249	0.113258	0.119046	0.117055	0.103729	0.117253	0.128423	0.113039	0.131881	0.114683	0.132271	0.116915	0.11565	0.110432	0.128966	0.13141	0.109075	0.121424	0.134295	0.109967	0.110995	0.110985	0.118764	0.130368	0.112637	0.114116	0.121367	0.122634	0.124047	0.120525	0.117888	0.104271	0.116881	0.149585	0.108675	0.115677	0.130317	0.119033	0.117193	0.116812	0.128638	0.114671	0.107423	0.129727	0.121236	0.122853	0.108737	0.121765	0.111108	0.111843	0.116051	0.108946	0.122933	0.112817	0.153436	0.10535	0.106448	0.109573	0.113712	0.107924	0.1196
S033	0.126557	0.110636	0.121151	0.140996	0.123478	0.114852	0.122415	0.114845	0.141773	0.154532	0.120442	0.115186	0.116625	0.146627	0.116637	0.124503	0.126297	0.133559	0.11175	0.120388	0.121379	0.122716	0.127873	0.120296	0.116757	0.115847	0.134315	0.119202	0.122445	0.115144	0.115334	0.121048	0	0.119824	0.107984	0.114851	0.123959	0.136224	0.133809	0.116318	0.119605	0.115778	0.117598	0.109165	0.119203	0.138085	0.120369	0.131571	0.126067	0.133712	0.121052	0.122817	0.106917	0.129064	0.127896	0.113449	0.120256	0.136205	0.118756	0.11294	0.117865	0.121883	0.133524	0.115622	0.114039	0.11311	0.126193	0.132886	0.12371	0.126802	0.11251	0.115371	0.149849	0.116596	0.116029	0.136723	0.129407	0.119374	0.116747	0.134867	0.119838	0.108236	0.126794	0.125534	0.126371	0.111467	0.124804	0.108773	0.115632	0.117436	0.119363	0.126413	0.122011	0.155268	0.11211	0.1174	0.119076	0.103389	0.115736	0.125564
S034	0.120362	0.11037	0.119567	0.132215	0.116578	0.113556	0.107774	0.106686	0.133282	0.153221	0.116709	0.112137	0.11348	0.137441	0.114403	0.117556	0.119331	0.133134	0.109046	0.12183	0.119057	0.123259	0.126512	0.120198	0.116417	0.120253	0.133478	0.116977	0.120668	0.109851	0.115581	0.111965	0.119824	0	0.109583	0.119446	0.120991	0.138225	0.129131	0.11161	0.116288	0.11628	0.11467	0.101345	0.121198	0.13103	0.114213	0.132897	0.118013	0.132395	0.114598	0.118381	0.105928	0.126687	0.13359	0.109649	0.118795	0.128168	0.112947	0.112851	0.113672	0.119025	0.128004	0.107464	0.114127	0.123183	0.124046	0.121591	0.123986	0.12347	0.108935	0.111828	0.142506	0.10887	0.114527	0.127105	0.125903	0.110778	0.112011	0.130685	0.120335	0.10628	0.132453	0.124738	0.121695	0.10902	0.120844	0.109677	0.106721	0.115764	0.115793	0.123119	0.114076	0.153773	0.104533	0.113206	0.115387	0.116914	0.113739	0.111346
S035	0.103778	0.101089	0.107255	0.128734	0.108175	0.102147	0.107938	0.0931962	0.127666	0.143988	0.112353	0.103553	0.10442	0.135824	0.100764	0.104328	0.106469	0.111837	0.0994325	0.110673	0.10326	0.114194	0.117362	0.109034	0.10474	0.109892	0.11838	0.109859	0.107476	0.100502	0.109037	0.103004	0.107984	0.109583	0	0.111015	0.110874	0.125511	0.123955	0.100269	0.102262	0.105541	0.106421	0.093966	0.108942	0.120518	0.109467	0.121301	0.107826	0.122773	0.103889	0.105492	0.0951025	0.117688	0.115493	0.0990036	0.111733	0.122152	0.106151	0.101065	0.100768	0.103353	0.116889	0.10024	0.100428	0.114846	0.111185	0.118398	0.114078	0.109917	0.0967365	0.10752	0.13694	0.0980126	0.105098	0.121123	0.115674	0.107609	0.10057	0.118136	0.109397	0.0907586	0.114935	0.113007	0.111883	0.0956497	0.10989	0.0942647	0.100211	0.102087	0.105396	0.111618	0.101427	0.149213	0.095822	0.106494	0.103332	0.0966975	0.0986523	0.110412
S036	0.12292	0.115942	0.121546	0.134879	0.121105	0.118988	0.119211	0.111576	0.140569	0.152297	0.126238	0.114066	0.116146	0.142963	0.117431	0.119277	0.121102	0.127835	0.113432	0.116531	0.124132	0.125491	0.128263	0.123833	0.116126	0.113271	0.132213	0.124392	0.12146	0.114112	0.110747	0.118758	0.114851	0.119446	0.111015	0	0.12515	0.136039	0.132958	0.111329	0.115967	0.118568	0.12163	0.110321	0.11612	0.131091	0.119266	0.133913	0.121913	0.126922	0.119077	0.121181	0.110951	0.127988	0.134808	0.116019	0.120271	0.128155	0.121121	0.117779	0.114947	0.12146	0.134133	0.119093	0.113053	0.122029	0.125335	0.127687	0.126798	0.121312	0.108589	0.112029	0.142442	0.115699	0.115662	0.130388	0.128462	0.118186	0.120295	0.136652	0.114217	0.10304	0.125727	0.12224	0.121956	0.108081	0.126853	0.108356	0.116651	0.121066	0.11632	0.126023	0.115241	0.157604	0.105878	0.117006	0.11403	0.116767	0.112947	0.116017
S037	0.12702	0.115258	0.128059	0.143166	0.122132	0.1215	0.126837	0.107427	0.144501	0.151438	0.12967	0.114891	0.120925	0.153012	0.123527	0.118584	0.127673	0.131989	0.114997	0.128251	0.123223	0.127831	0.135622	0.118378	0.12077	0.121571	0.141826	0.128672	0.111148	0.118769	0.117124	0.124999	0.123959	0.120991	0.110874	0.12515	0	0.139269	0.136624	0.11522	0.115525	0.123534	0.112634	0.110167	0.127997	0.138821	0.123793	0.139637	0.129213	0.141897	0.117857	0.110557	0.113811	0.134318	0.137457	0.118033	0.124682	0.13483	0.124111	0.119057	0.117409	0.121555	0.136281	0.116971	0.115875	0.130493	0.127519	0.1296	0.122499	0.127091	0.117288	0.114849	0.153021	0.111928	0.121875	0.136006	0.13069	0.127835	0.117838	0.134054	0.122824	0.111882	0.140728	0.127627	0.12766	0.115824	0.121384	0.119682	0.124334	0.121502	0.122136	0.127898	0.119642	0.156452	0.113593	0.119049	0.122024	0.121414	0.11475	0.128774
S038	0.136916	0.132476	0.132366	0.150403	0.137508	0.126344	0.139531	0.129387	0.149689	0.167468	0.13544	0.124104	0.130429	0.156331	0.131705	0.133242	0.137015	0.143758	0.127559	0.13462	0.133593	0.136794	0.144121	0.140161	0.132075	0.13201	0.148022	0.132785	0.1335	0.129089	0.133066	0.135195	0.136224	0.138225	0.125511	0.136039	0.139269	0	0.152336	0.129511	0.132184	0.128361	0.125478	0.124835	0.133649	0.151569	0.126104	0.140004	0.134647	0.141706	0.12932	0.131677	0.125318	0.139612	0.144923	0.129124	0.131407	0.1381	0.130335	0.128547	0.133408	0.131697	0.146254	0.129547	0.126635	0.141827	0.132327	0.139912	0.138907	0.135028	0.124007	0.124732	0.163396	0.128841	0.130667	0.140849	0.136646	0.135432	0.134972	0.144232	0.134224	0.127152	0.145043	0.133787	0.135734	0.125678	0.135445	0.125435	0.12398	0.130844	0.134002	0.137583	0.134378	0.158957	0.126037	0.121664	0.136257	0.126013	0.128045	0.132736
S039	0.13508	0.123964	0.138218	0.153128	0.136062	0.126583	0.13407	0.122725	0.148121	0.160379	0.135322	0.130568	0.128217	0.149735	0.127071	0.126957	0.135563	0.138336	0.124297	0.132895	0.1349	0.135219	0.142634	0.127379	0.125832	0.133214	0.146307	0.127572	0.129153	0.125995	0.132898	0.128973	0.133809	0.129131	0.123955	0.132958	0.136624	0.152336	0	0.12673	0.12828	0.129578	0.133531	0.128472	0.133679	0.146405	0.134974	0.135934	0.135978	0.144497	0.129575	0.127144	0.120235	0.137533	0.150512	0.128092	0.13115	0.145841	0.127513	0.129371	0.132868	0.125271	0.13179	0.124132	0.130644	0.140431	0.12374	0.139388	0.133589	0.13687	0.125048	0.130836	0.156691	0.114485	0.129411	0.146609	0.136217	0.1293	0.130559	0.145782	0.135623	0.125949	0.144663	0.135601	0.127209	0.125354	0.134937	0.123127	0.127209	0.131276	0.129089	0.136797	0.125677	0.166404	0.122087	0.130005	0.126367	0.124355	0.125392	0.133523
S040	0.111651	0.102791	0.116762	0.135476	0.114309	0.106645	0.117891	0.108091	0.127993	0.145164	0.109572	0.101757	0.10857	0.136457	0.105945	0.109507	0.10915	0.122106	0.106687	0.114282	0.111653	0.118931	0.122136	0.109177	0.111349	0.115439	0.124843	0.116062	0.110334	0.0966141	0.109777	0.111249	0.116318	0.11161	0.100269	0.111329	0.11522	0.129511	0.12673	0	0.106193	0.10387	0.105793	0.0990141	0.110447	0.12858	0.115669	0.120943	0.113219	0.125806	0.105038	0.106658	0.100548	0.124446	0.127784	0.0969435	0.11357	0.129404	0.107568	0.108486	0.107651	0.110187	0.123932	0.105338	0.102664	0.121736	0.114777	0.108064	0.113008	0.117151	0.0975556	0.110797	0.13929	0.0971107	0.105226	0.124141	0.117933	0.110975	0.109793	0.126799	0.11611	0.10144	0.124081	0.114716	0.11623	0.0979894	0.117411	0.0971453	0.107713	0.109833	0.104213	0.112466	0.107987	0.146255	0.0995529	0.103534	0.111947	0.109025	0.105771	0.118579
S041	0.109771	0.106976	0.1182	0.131611	0.120305	0.111215	0.115521	0.102212	0.135251	0.152055	0.119278	0.109525	0.100735	0.144805	0.11162	0.107869	0.113691	0.122569	0.110965	0.11822	0.115454	0.118838	0.127143	0.114326	0.114186	0.116512	0.130569	0.1187	0.113445	0.107089	0.111515	0.113258	0.119605	0.116288	0.102262	0.115967	0.115525	0.132184	0.12828	0.106193	0	0.109512	0.115549	0.102681	0.11818	0.129673	0.113711	0.131438	0.118096	0.129149	0.111019	0.115496	0.105832	0.128543	0.130621	0.111498	0.115929	0.129706	0.109125	0.111626	0.110232	0.109209	0.132851	0.102628	0.109241	0.12183	0.119843	0.119913	0.116305	0.119525	0.106325	0.117057	0.14602	0.100704	0.111377	0.126413	0.121696	0.115654	0.11258	0.124038	0.116567	0.106489	0.128358	0.120333	0.115759	0.0991575	0.114162	0.110162	0.114901	0.115386	0.110513	0.119368	0.10849	0.155816	0.106156	0.11019	0.114352	0.105251	0.111639	0.122211
S042	0.11613	0.105154	0.118917	0.138032	0.120299	0.109266	0.120589	0.106923	0.135803	0.154649	0.119148	0.101889	0.11278	0.141703	0.113283	0.107851	0.117254	0.126062	0.10759	0.117108	0.115762	0.119801	0.125584	0.114877	0.117226	0.118945	0.126588	0.112167	0.112975	0.10525	0.105541	0.119046	0.115778	0.11628	0.105541	0.118568	0.123534	0.128361	0.129578	0.10387	0.109512	0	0.111611	0.0987927	0.110492	0.131956	0.112638	0.127015	0.11514	0.115447	0.108859	0.10856	0.0998977	0.113654	0.119348	0.105429	0.114444	0.128895	0.11088	0.112924	0.109371	0.115278	0.127126	0.112282	0.104156	0.117938	0.116453	0.119615	0.123456	0.114099	0.104091	0.110268	0.141573	0.108304	0.109276	0.130148	0.118808	0.112693	0.111545	0.128982	0.118826	0.10508	0.119245	0.113986	0.116325	0.102405	0.120589	0.103627	0.109357	0.112666	0.112247	0.116568	0.114145	0.150559	0.101778	0.107072	0.115776	0.111952	0.105751	0.118083
S043	0.118743	0.110592	0.119887	0.132663	0.111165	0.107704	0.113943	0.108675	0.135315	0.152465	0.119468	0.106003	0.110176	0.142805	0.11168	0.11519	0.119026	0.128759	0.109625	0.120538	0.120584	0.119485	0.127322	0.117488	0.113921	0.119981	0.126889	0.119427	0.118737	0.110832	0.114109	0.117055	0.117598	0.11467	0.106421	0.12163	0.112634	0.125478	0.133531	0.105793	0.115549	0.111611	0	0.105831	0.11202	0.136378	0.118215	0.128861	0.118061	0.131363	0.106682	0.114328	0.10587	0.126749	0.129175	0.114073	0.112708	0.128205	0.113606	0.11201	0.106727	0.115308	0.120655	0.108235	0.111082	0.123599	0.120261	0.119717	0.121811	0.123742	0.108501	0.111122	0.144462	0.1142	0.111632	0.128834	0.118266	0.118392	0.114774	0.129545	0.115537	0.101382	0.129136	0.121886	0.120893	0.103688	0.112006	0.104515	0.109677	0.10979	0.117103	0.109959	0.11559	0.152615	0.105383	0.107289	0.115198	0.109137	0.105615	0.120706
S044	0.115862	0.103433	0.114842	0.126523	0.108802	0.103245	0.11262	0.0981019	0.13039	0.147221	0.110452	0.104156	0.10758	0.136793	0.10698	0.107015	0.112025	0.121766	0.103221	0.114295	0.110577	0.115228	0.11962	0.112308	0.11045	0.107468	0.123715	0.110976	0.111762	0.100648	0.104377	0.103729	0.109165	0.101345	0.093966	0.110321	0.110167	0.124835	0.128472	0.0990141	0.102681	0.0987927	0.105831	0	0.108884	0.127877	0.110797	0.124556	0.10897	0.12274	0.109479	0.106968	0.0974966	0.11755	0.124325	0.0970979	0.10986	0.126715	0.103919	0.104862	0.104164	0.10911	0.120509	0.10237	0.102821	0.111224	0.115817	0.11809	0.113119	0.102178	0.0936804	0.108771	0.141564	0.100547	0.101297	0.123716	0.11551	0.112301	0.104574	0.123224	0.112124	0.100049	0.125813	0.114586	0.113009	0.0952685	0.113319	0.0997334	0.104323	0.104103	0.102138	0.11305	0.108047	0.144896	0.0952908	0.104178	0.103863	0.106205	0.104991	0.109595
