	S001	S002	S003	S004	S005	S006	S007	S008	S009	S010	S011	S012	S013	S014	S015	S016	S017	S018	S019	S020	S021	S022	S023	S024	S025	S026	S027	S028	S029	S030	S031	S032	S033	S034	S035	S036	S037	S038	S039	S040	S041	S042	S043	S044	S045	S046	S047	S048	S049	S050	S051	S052	S053	S054	S055	S056	S057	S058	S059	S060	S061	S062	S063	S064	S065	S066	S067	S068	S069	S070	S071	S072	S073	S074	S075	S076	S077	S078	S079	S080	S081	S082	S083	S084	S085	S086	S087	S088	S089	S090	S091	S092	S093	S094	S095	S096	S097	S098	S099	S100
S001	0	0.210505	0.215776	0.186533	0.177305	0.191271	0.175728	0.165874	0.146644	0.190834	0.208536	0.185739	0.19291	0.186217	0.173902	0.168102	0.178748	0.20894	0.217544	0.166062	0.162155	0.168991	0.182912	0.156586	0.172885	0.176461	0.15827	0.162261	0.175542	0.205548	0.186042	0.170766	0.190753	0.163243	0.180095	0.165423	0.141647	0.184518	0.156268	0.184473	0.16649	0.172948	0.187329	0.198666	0.216432	0.18957	0.154582	0.182457	0.17882	0.165728	0.156852	0.211654	0.191985	0.146393	0.177305	0.189631	0.179728	0.175283	0.17246	0.189754	0.16818	0.171229	0.165509	0.163113	0.168656	0.197494	0.179921	0.191395	0.198511	0.193076	0.193844	0.174965	0.158587	0.166654	0.158443	0.168013	0.16739	0.168529	0.180646	0.15754	0.173355	0.208249	0.177721	0.191156	0.164966	0.185746	0.186739	0.155651	0.159979	0.206974	0.181932	0.169009	0.210654	0.185379	0.229517	0.161052	0.185154	0.175604	0.187951	0.185376
S002	0.210505	0	0.251364	0.233444	0.220723	0.237864	0.225654	0.210147	0.208399	0.218868	0.238292	0.2108	0.235768	0.225047	0.219134	0.216841	0.226574	0.249156	0.262398	0.209415	0.210609	0.216882	0.221268	0.204178	0.207951	0.227884	0.209221	0.214148	0.227384	0.242652	0.203679	0.216623	0.234299	0.226198	0.229206	0.208676	0.200439	0.222746	0.208341	0.226518	0.199265	0.218148	0.229465	0.231994	0.251473	0.231179	0.211935	0.221018	0.221963	0.215941	0.204071	0.241262	0.203514	0.205864	0.225715	0.226778	0.207638	0.225928	0.21857	0.231406	0.221391	0.210937	0.19846	0.207578	0.21373	0.235954	0.224103	0.238544	0.242836	0.235527	0.216541	0.222659	0.206417	0.206444	0.213595	0.214695	0.217501	0.212644	0.228413	0.205132	0.212513	0.246145	0.214448	0.228254	0.213215	0.219704	0.230201	0.208888	0.204786	0.246358	0.220778	0.215702	0.255764	0.228533	0.258738	0.204951	0.226454	0.223214	0.229111	0.228758
S003	0.215776	0.251364	0	0.241083	0.232836	0.238919	0.232823	0.221436	0.216247	0.242012	0.25734	0.23606	0.243321	0.233397	0.208756	0.226141	0.23125	0.25854	0.262778	0.218008	0.214742	0.225585	0.231865	0.213615	0.222636	0.235482	0.222289	0.219434	0.223395	0.247358	0.235622	0.230562	0.245546	0.23293	0.238423	0.230936	0.214235	0.236716	0.220858	0.239102	0.216792	0.232446	0.240791	0.24616	0.25644	0.240844	0.21464	0.232449	0.232181	0.225236	0.21633	0.25665	0.241231	0.212658	0.229414	0.229705	0.236207	0.213718	0.227847	0.232395	0.223108	0.224609	0.219355	0.21417	0.222349	0.244592	0.228573	0.243269	0.242648	0.22819	0.244322	0.234715	0.221749	0.221539	0.221479	0.223292	0.224715	0.219903	0.237901	0.21336	0.220219	0.25691	0.228293	0.24348	0.219023	0.219662	0.233527	0.221426	0.218177	0.255763	0.236377	0.2285	0.256701	0.238588	0.275838	0.218473	0.237613	0.226644	0.231147	0.220509
S004	0.186533	0.233444	0.241083	0	0.204989	0.211023	0.185621	0.182302	0.176594	0.213355	0.219695	0.207089	0.215827	0.199683	0.201699	0.192831	0.199311	0.22764	0.243953	0.183096	0.182677	0.191724	0.199428	0.18441	0.189481	0.204144	0.197824	0.183776	0.201189	0.216184	0.202295	0.199133	0.217758	0.195949	0.208279	0.196143	0.178871	0.194723	0.176502	0.206504	0.184046	0.18794	0.210023	0.211919	0.231427	0.210566	0.182594	0.187249	0.197653	0.178057	0.17998	0.227103	0.208713	0.185009	0.197054	0.192641	0.203704	0.206838	0.190018	0.210631	0.195883	0.191613	0.184177	0.172962	0.200012	0.21015	0.202387	0.217248	0.220533	0.216658	0.208788	0.1977	0.186855	0.186892	0.187588	0.189247	0.195853	0.1941	0.201994	0.178358	0.199116	0.227262	0.198025	0.216339	0.183406	0.208201	0.209123	0.183027	0.17815	0.225671	0.199342	0.194039	0.234247	0.208256	0.243466	0.176541	0.204786	0.186324	0.205457	0.204335
S005	0.177305	0.220723	0.232836	0.204989	0	0.205172	0.191859	0.176781	0.177794	0.208702	0.217925	0.203794	0.202454	0.204025	0.177111	0.175755	0.195969	0.222776	0.227647	0.174566	0.181613	0.186617	0.194805	0.174438	0.187924	0.195243	0.186869	0.185063	0.198315	0.222014	0.206323	0.194876	0.21101	0.198042	0.186575	0.175947	0.171914	0.197742	0.185676	0.194606	0.181969	0.181325	0.196035	0.21174	0.232087	0.196675	0.182032	0.197834	0.188689	0.185893	0.173397	0.219769	0.199505	0.181328	0.198523	0.206166	0.191457	0.195259	0.191066	0.202106	0.182128	0.18298	0.177806	0.176443	0.1914	0.214207	0.189477	0.211151	0.209104	0.203227	0.202332	0.198466	0.186386	0.185202	0.185446	0.175906	0.173003	0.187007	0.202173	0.174074	0.192988	0.22377	0.192962	0.19433	0.186073	0.20176	0.199268	0.173066	0.175998	0.222276	0.196868	0.189968	0.215659	0.201182	0.240519	0.177257	0.203215	0.195903	0.208535	0.19242
S006	0.191271	0.237864	0.238919	0.211023	0.205172	0	0.203806	0.191562	0.185131	0.220566	0.229419	0.212071	0.212001	0.210796	0.207595	0.196936	0.205332	0.229193	0.240914	0.188031	0.190685	0.205168	0.204674	0.180449	0.194575	0.202286	0.19492	0.199628	0.208357	0.228061	0.213298	0.206503	0.213225	0.200059	0.209511	0.203109	0.186039	0.207073	0.194255	0.211458	0.190726	0.199851	0.207531	0.217906	0.236257	0.199413	0.189717	0.209592	0.197723	0.194274	0.186733	0.228547	0.212648	0.17433	0.205807	0.208407	0.206174	0.21132	0.199037	0.213589	0.200033	0.188356	0.189158	0.18586	0.199311	0.21835	0.208489	0.215144	0.217539	0.214744	0.215644	0.208317	0.19154	0.191075	0.185675	0.178398	0.201123	0.185068	0.207296	0.186889	0.202309	0.231201	0.194893	0.210951	0.194552	0.210622	0.208615	0.182211	0.192912	0.227849	0.20709	0.200297	0.233702	0.207039	0.257563	0.175162	0.213499	0.206638	0.209233	0.190769
S007	0.175728	0.225654	0.232823	0.185621	0.191859	0.203806	0	0.178313	0.169836	0.203166	0.215423	0.195852	0.205128	0.194294	0.192403	0.184803	0.193549	0.222519	0.226345	0.176025	0.174826	0.190079	0.193173	0.171713	0.182335	0.185828	0.18669	0.184907	0.188955	0.211251	0.204733	0.18962	0.20047	0.183355	0.193349	0.18875	0.171249	0.188929	0.183192	0.195864	0.183325	0.188741	0.193469	0.208309	0.222447	0.201611	0.178496	0.196284	0.192739	0.174077	0.172698	0.220984	0.201424	0.170868	0.168291	0.203557	0.188959	0.197767	0.180682	0.2013	0.183605	0.182944	0.176576	0.163505	0.186636	0.206023	0.186068	0.200022	0.214564	0.186511	0.203209	0.194882	0.179686	0.180688	0.179316	0.183294	0.176523	0.178929	0.191357	0.175136	0.187928	0.219064	0.183286	0.20888	0.177925	0.20153	0.203028	0.177195	0.174932	0.209152	0.185271	0.183918	0.223169	0.195931	0.245489	0.172415	0.194151	0.191725	0.199908	0.186757
S008	0.165874	0.210147	0.221436	0.182302	0.176781	0.191562	0.178313	0	0.158278	0.191656	0.194303	0.174902	0.194535	0.17466	0.174882	0.166237	0.181163	0.209458	0.224266	0.164978	0.163114	0.176424	0.183398	0.160926	0.171106	0.181344	0.179648	0.165738	0.183414	0.201703	0.183159	0.183334	0.197403	0.175337	0.186508	0.176938	0.160933	0.183197	0.171172	0.189218	0.158569	0.1839	0.19307	0.20128	0.215137	0.18984	0.164829	0.183625	0.174653	0.17175	0.161993	0.214809	0.195357	0.16646	0.177879	0.18783	0.181562	0.182663	0.168505	0.190882	0.171061	0.168321	0.152825	0.157928	0.167197	0.194589	0.17039	0.199453	0.200836	0.196123	0.19693	0.179208	0.168656	0.164143	0.165702	0.169441	0.174758	0.166298	0.19153	0.164801	0.175877	0.20651	0.174593	0.193539	0.167465	0.187545	0.186665	0.159544	0.164862	0.204248	0.179569	0.16891	0.21876	0.18484	0.238606	0.153093	0.18313	0.176223	0.188019	0.182552
S009	0.146644	0.208399	0.216247	0.176594	0.177794	0.185131	0.169836	0.158278	0	0.180599	0.194637	0.178738	0.18172	0.171196	0.173735	0.152706	0.168378	0.199089	0.211846	0.158463	0.154603	0.160999	0.163029	0.148951	0.16316	0.172328	0.172792	0.167238	0.166867	0.196647	0.181442	0.162826	0.19166	0.165835	0.179659	0.161414	0.145035	0.179107	0.160623	0.178848	0.165512	0.173704	0.183509	0.188737	0.213428	0.179158	0.143827	0.176086	0.171436	0.155468	0.152535	0.20872	0.187863	0.149095	0.170545	0.180063	0.177944	0.167861	0.172289	0.181488	0.166691	0.15789	0.152579	0.156584	0.168218	0.18108	0.168924	0.191679	0.191481	0.185943	0.187607	0.160818	0.161959	0.159864	0.156142	0.163735	0.15769	0.158688	0.17923	0.15051	0.166311	0.195352	0.164205	0.189684	0.156282	0.181367	0.182568	0.151806	0.156153	0.197996	0.171651	0.161143	0.211852	0.174309	0.227605	0.148716	0.175326	0.160633	0.183186	0.178332
S010	0.190834	0.218868	0.242012	0.213355	0.208702	0.220566	0.203166	0.191656	0.180599	0	0.225957	0.210487	0.206526	0.21166	0.201784	0.194493	0.201464	0.237085	0.244212	0.17623	0.187263	0.200338	0.206435	0.178978	0.194902	0.201383	0.201358	0.197585	0.204098	0.228172	0.213026	0.194649	0.219116	0.2023	0.21079	0.195724	0.18205	0.20511	0.199809	0.212074	0.190864	0.2036	0.212593	0.212558	0.233541	0.20882	0.184145	0.206691	0.203609	0.184257	0.184746	0.230213	0.21797	0.188771	0.201789	0.21123	0.208852	0.199252	0.202083	0.21141	0.197556	0.195134	0.187831	0.191558	0.18593	0.218833	0.202374	0.215104	0.213072	0.215217	0.205818	0.205987	0.191689	0.196586	0.196428	0.198946	0.196395	0.19637	0.207457	0.188482	0.18649	0.215598	0.195049	0.220563	0.188829	0.202218	0.213473	0.183662	0.184231	0.225818	0.204697	0.197251	0.234658	0.204595	0.255551	0.18375	0.203718	0.206039	0.207868	0.206739
S011	0.208536	0.238292	0.25734	0.219695	0.217925	0.229419	0.215423	0.194303	0.194637	0.225957	0	0.21709	0.228413	0.215671	0.212889	0.209205	0.213243	0.243065	0.249157	0.199534	0.202167	0.216466	0.214358	0.188812	0.210409	0.221138	0.207251	0.204788	0.215982	0.240329	0.224632	0.20652	0.230964	0.213335	0.216488	0.216187	0.189749	0.214709	0.202511	0.219891	0.198505	0.214083	0.221677	0.228144	0.248978	0.226168	0.201566	0.222419	0.215667	0.209607	0.191546	0.245227	0.220355	0.199696	0.215409	0.222444	0.220612	0.221342	0.209835	0.225994	0.210177	0.206704	0.201193	0.199193	0.212017	0.218253	0.212998	0.233213	0.227663	0.226739	0.217448	0.21686	0.197856	0.186244	0.203949	0.20458	0.199414	0.20658	0.212078	0.19913	0.207059	0.230082	0.211288	0.232123	0.20141	0.215336	0.217511	0.199826	0.202193	0.229345	0.208607	0.205416	0.249234	0.21575	0.255145	0.201089	0.225556	0.219957	0.220151	0.216905
S012	0.185739	0.2108	0.23606	0.207089	0.203794	0.212071	0.195852	0.174902	0.178738	0.210487	0.21709	0	0.215775	0.194587	0.197518	0.192038	0.195504	0.222264	0.236	0.180645	0.188839	0.200157	0.197851	0.180587	0.189824	0.202364	0.192204	0.184565	0.203029	0.224834	0.182041	0.201927	0.21612	0.197646	0.205096	0.196824	0.180316	0.197748	0.187815	0.202836	0.192321	0.190412	0.18944	0.210962	0.231981	0.210332	0.184598	0.197413	0.192791	0.187701	0.18022	0.230446	0.208403	0.182788	0.203573	0.207528	0.19536	0.203074	0.187495	0.208699	0.198422	0.187475	0.182174	0.177785	0.192915	0.202927	0.191287	0.216186	0.219067	0.209687	0.21496	0.20051	0.189228	0.181615	0.189167	0.193454	0.190336	0.191031	0.203844	0.177468	0.194411	0.224263	0.193464	0.214418	0.183397	0.208234	0.205719	0.178419	0.181364	0.223518	0.195777	0.193695	0.232469	0.19744	0.249917	0.174323	0.201909	0.195517	0.20524	0.201837
S013	0.19291	0.235768	0.243321	0.215827	0.202454	0.212001	0.205128	0.194535	0.18172	0.206526	0.228413	0.215775	0	0.20624	0.204645	0.194893	0.20477	0.22513	0.237663	0.190422	0.188475	0.205754	0.194875	0.187193	0.195333	0.196622	0.199074	0.200678	0.199171	0.224824	0.210905	0.203356	0.21359	0.197642	0.211135	0.201591	0.18272	0.198489	0.190819	0.206917	0.191466	0.205611	0.214989	0.224899	0.227783	0.212937	0.189355	0.203953	0.198425	0.193809	0.185495	0.232103	0.215407	0.185956	0.201137	0.215963	0.196862	0.20882	0.201375	0.206643	0.195606	0.193852	0.162424	0.188556	0.201442	0.220751	0.208542	0.216666	0.225984	0.218827	0.214558	0.204191	0.190107	0.198216	0.18466	0.19124	0.1856	0.195539	0.209329	0.18725	0.198626	0.231449	0.200663	0.221639	0.193809	0.212536	0.209085	0.184187	0.192164	0.233031	0.205167	0.194418	0.235824	0.204545	0.254764	0.184096	0.212536	0.205087	0.21409	0.209609
S014	0.186217	0.225047	0.233397	0.199683	0.204025	0.210796	0.194294	0.17466	0.171196	0.21166	0.215671	0.194587	0.20624	0	0.189434	0.186467	0.186623	0.225996	0.235741	0.180427	0.182367	0.186423	0.192751	0.179202	0.185521	0.188193	0.189181	0.188188	0.196853	0.206391	0.203725	0.195827	0.199031	0.193542	0.205799	0.197665	0.175007	0.196738	0.176204	0.196001	0.186629	0.193269	0.206711	0.209576	0.23203	0.200803	0.184216	0.202086	0.193024	0.190527	0.17763	0.214499	0.210298	0.176912	0.196431	0.203869	0.184185	0.196651	0.166426	0.204561	0.191218	0.179332	0.187417	0.173256	0.189696	0.197709	0.193016	0.21443	0.21646	0.200703	0.207083	0.192823	0.185856	0.175409	0.179936	0.173986	0.18701	0.189986	0.201007	0.174706	0.188667	0.219991	0.191672	0.208879	0.188576	0.191364	0.202969	0.179315	0.180624	0.22247	0.184381	0.188135	0.229178	0.197963	0.247668	0.166875	0.183017	0.183526	0.200759	0.19974
S015	0.173902	0.219134	0.208756	0.201699	0.177111	0.207595	0.192403	0.174882	0.173735	0.201784	0.212889	0.197518	0.204645	0.189434	0	0.182608	0.183017	0.221185	0.224386	0.168433	0.173098	0.189946	0.184772	0.163433	0.183386	0.189148	0.17784	0.163732	0.191605	0.214408	0.20163	0.191998	0.203525	0.188666	0.193705	0.179166	0.159838	0.182822	0.179115	0.197512	0.181618	0.184618	0.197697	0.204433	0.226381	0.200596	0.174594	0.189888	0.174186	0.174675	0.173831	0.208136	0.194132	0.173013	0.193291	0.198402	0.190574	0.19506	0.172718	0.191468	0.184004	0.172294	0.175965	0.1666	0.188285	0.202623	0.180624	0.20662	0.206444	0.197187	0.205983	0.194696	0.183321	0.171244	0.177572	0.175429	0.185138	0.180722	0.197808	0.167126	0.181852	0.21772	0.181231	0.208839	0.183634	0.194025	0.181798	0.170891	0.160764	0.214424	0.184116	0.182884	0.223895	0.188948	0.242321	0.159669	0.195712	0.192791	0.196287	0.191433
S016	0.168102	0.216841	0.226141	0.192831	0.175755	0.196936	0.184803	0.166237	0.152706	0.194493	0.209205	0.192038	0.194893	0.186467	0.182608	0	0.184123	0.210592	0.222934	0.163596	0.164698	0.178852	0.18699	0.161979	0.163117	0.185617	0.173544	0.177329	0.179952	0.210429	0.189801	0.181222	0.195606	0.176045	0.18919	0.182724	0.16099	0.182991	0.168428	0.183503	0.169989	0.184735	0.173011	0.194134	0.222045	0.196253	0.154554	0.189198	0.17637	0.174462	0.156427	0.211608	0.195295	0.166031	0.176921	0.189396	0.183074	0.175543	0.176394	0.189715	0.177691	0.168733	0.166168	0.150474	0.17599	0.203082	0.175952	0.19749	0.203192	0.191233	0.192525	0.176325	0.168957	0.171139	0.170469	0.16812	0.172032	0.173019	0.181769	0.158736	0.174395	0.202995	0.180343	0.195183	0.165662	0.18639	0.191948	0.154492	0.161727	0.21042	0.183724	0.166622	0.206597	0.184813	0.236825	0.161546	0.187409	0.177577	0.187315	0.184497
S017	0.178748	0.226574	0.23125	0.199311	0.195969	0.205332	0.193549	0.181163	0.168378	0.201464	0.213243	0.195504	0.20477	0.186623	0.183017	0.184123	0	0.207386	0.234916	0.162536	0.179411	0.186997	0.19367	0.170886	0.183207	0.18901	0.190336	0.186897	0.190166	0.218896	0.203164	0.193407	0.206465	0.19304	0.200651	0.192015	0.16839	0.195149	0.17871	0.1912	0.178163	0.192231	0.203014	0.206359	0.225594	0.199089	0.176176	0.193619	0.186495	0.181895	0.176617	0.222375	0.200346	0.163968	0.190065	0.197749	0.190845	0.188905	0.179575	0.192926	0.178221	0.171734	0.179701	0.174696	0.18401	0.204854	0.175611	0.206605	0.18522	0.203945	0.208913	0.187501	0.178847	0.179929	0.170126	0.177904	0.183135	0.176107	0.199368	0.174037	0.183709	0.2164	0.186456	0.202385	0.167933	0.197751	0.196639	0.174274	0.177874	0.218274	0.189237	0.184027	0.220478	0.19166	0.23871	0.168614	0.201422	0.19081	0.194015	0.186814
S018	0.20894	0.249156	0.25854	0.22764	0.222776	0.229193	0.222519	0.209458	0.199089	0.237085	0.243065	0.222264	0.22513	0.225996	0.221185	0.210592	0.207386	0	0.25691	0.204657	0.207401	0.208652	0.223021	0.204229	0.211718	0.224248	0.213115	0.210892	0.224171	0.241445	0.227192	0.218181	0.227675	0.219581	0.227734	0.21808	0.20533	0.224604	0.208418	0.229744	0.210005	0.209063	0.231708	0.235487	0.25481	0.227022	0.210124	0.217747	0.221403	0.214846	0.208101	0.242536	0.229399	0.202463	0.214331	0.228179	0.22435	0.221642	0.217294	0.222189	0.213283	0.211754	0.209365	0.20715	0.218	0.232405	0.215983	0.237403	0.237437	0.232075	0.234747	0.216403	0.21162	0.210467	0.209668	0.212982	0.208212	0.207586	0.222916	0.193707	0.215407	0.242233	0.221053	0.227695	0.202649	0.225141	0.225969	0.206273	0.19745	0.246832	0.218253	0.206303	0.244987	0.220734	0.268815	0.204852	0.227331	0.22175	0.23019	0.222116
S019	0.217544	0.262398	0.262778	0.243953	0.227647	0.240914	0.226345	0.224266	0.211846	0.244212	0.249157	0.236	0.237663	0.235741	0.224386	0.222934	0.234916	0.25691	0	0.218806	0.221353	0.226211	0.233266	0.211579	0.222647	0.224459	0.219561	0.22452	0.231533	0.251027	0.234668	0.227773	0.24558	0.226694	0.230916	0.230208	0.209269	0.231856	0.222051	0.235564	0.224491	0.223836	0.233599	0.246116	0.263949	0.235386	0.217306	0.235713	0.228569	0.221485	0.212463	0.257682	0.242257	0.211372	0.231782	0.239181	0.230092	0.216678	0.22853	0.234969	0.229746	0.223732	0.220943	0.202637	0.230527	0.240919	0.232716	0.173003	0.248641	0.238513	0.245494	0.2252	0.219206	0.220847	0.214708	0.224612	0.215954	0.22256	0.239135	0.216592	0.228271	0.251197	0.227554	0.245349	0.222933	0.236527	0.226521	0.20131	0.214481	0.252481	0.234429	0.224029	0.256244	0.234001	0.27435	0.215063	0.236933	0.227496	0.238151	0.23108
S020	0.166062	0.209415	0.218008	0.183096	0.174566	0.188031	0.176025	0.164978	0.158463	0.17623	0.199534	0.180645	0.190422	0.180427	0.168433	0.163596	0.162536	0.204657	0.218806	0	0.157573	0.170266	0.173307	0.151492	0.165688	0.177188	0.174466	0.162222	0.178117	0.20572	0.187519	0.172515	0.193129	0.172379	0.174237	0.174714	0.150803	0.176049	0.165075	0.176513	0.163127	0.170536	0.184631	0.183895	0.205373	0.186635	0.162163	0.183064	0.175527	0.163629	0.157509	0.210372	0.183824	0.154724	0.172752	0.184996	0.174629	0.180769	0.170686	0.185142	0.174432	0.156002	0.155967	0.155297	0.171794	0.192618	0.179065	0.192007	0.190825	0.186661	0.190784	0.177755	0.16383	0.163298	0.156834	0.167081	0.168579	0.169607	0.181416	0.14352	0.172407	0.20181	0.172196	0.194031	0.156354	0.18192	0.178378	0.157741	0.157248	0.204484	0.174703	0.168584	0.209103	0.180033	0.235177	0.159219	0.184161	0.177594	0.17619	0.16294
S021	0.162155	0.210609	0.214742	0.182677	0.181613	0.190685	0.174826	0.163114	0.154603	0.187263	0.202167	0.188839	0.188475	0.182367	0.173098	0.164698	0.179411	0.207401	0.221353	0.157573	0	0.162856	0.176127	0.1585	0.166697	0.178117	0.174154	0.167396	0.170779	0.194634	0.186025	0.177834	0.19318	0.177194	0.180956	0.170068	0.148669	0.173181	0.166006	0.17823	0.167112	0.172829	0.183636	0.189731	0.215938	0.19099	0.151262	0.172238	0.166183	0.159802	0.147485	0.206844	0.182017	0.155046	0.169769	0.182205	0.177	0.17559	0.167056	0.183371	0.172468	0.165773	0.156935	0.159142	0.157479	0.195905	0.170625	0.191304	0.195608	0.187303	0.179493	0.176323	0.167827	0.163825	0.15866	0.170922	0.170593	0.166702	0.184454	0.150876	0.171756	0.203701	0.180038	0.187706	0.162541	0.180204	0.18668	0.154075	0.158663	0.199942	0.176541	0.170126	0.218638	0.18339	0.229468	0.154512	0.188907	0.166861	0.183387	0.181996
S022	0.168991	0.216882	0.225585	0.191724	0.186617	0.205168	0.190079	0.176424	0.160999	0.200338	0.216466	0.200157	0.205754	0.186423	0.189946	0.178852	0.186997	0.208652	0.226211	0.170266	0.162856	0	0.186889	0.174927	0.169913	0.187213	0.189993	0.184135	0.184376	0.217452	0.195251	0.183365	0.201692	0.19206	0.195218	0.189048	0.16861	0.193886	0.167639	0.198638	0.181044	0.188265	0.197918	0.20477	0.224463	0.195177	0.170806	0.193539	0.183249	0.176609	0.16431	0.221412	0.187087	0.170821	0.188223	0.189509	0.19018	0.189584	0.187771	0.200799	0.186206	0.179518	0.176083	0.175945	0.185554	0.205116	0.189298	0.205104	0.207521	0.196275	0.201625	0.189257	0.179047	0.170655	0.172848	0.176448	0.182474	0.182115	0.194076	0.155872	0.183531	0.205519	0.18777	0.200219	0.178661	0.194948	0.19449	0.173569	0.16591	0.214829	0.183293	0.181576	0.220536	0.187354	0.241571	0.17005	0.189602	0.18616	0.192881	0.194723
S023	0.182912	0.221268	0.231865	0.199428	0.194805	0.204674	0.193173	0.183398	0.163029	0.206435	0.214358	0.197851	0.194875	0.192751	0.184772	0.18699	0.19367	0.223021	0.233266	0.173307	0.176127	0.186889	0	0.17223	0.182684	0.192899	0.188365	0.177772	0.189523	0.212922	0.191578	0.190919	0.2064	0.190386	0.202576	0.185801	0.171454	0.196018	0.176089	0.202769	0.179254	0.189425	0.201269	0.198838	0.215321	0.195946	0.171166	0.186708	0.193612	0.184046	0.173431	0.217003	0.19925	0.170386	0.190948	0.194833	0.191843	0.193348	0.187433	0.195766	0.189042	0.179037	0.178855	0.177434	0.188291	0.207521	0.189715	0.206055	0.215884	0.201525	0.209966	0.188272	0.179521	0.178887	0.176725	0.18347	0.168897	0.18027	0.185983	0.167129	0.190123	0.219044	0.19082	0.200951	0.178256	0.199649	0.202534	0.174618	0.170785	0.219064	0.185617	0.183748	0.226098	0.191032	0.24754	0.17627	0.188494	0.192423	0.200754	0.195108
S024	0.156586	0.204178	0.213615	0.18441	0.174438	0.180449	0.171713	0.160926	0.148951	0.178978	0.188812	0.180587	0.187193	0.179202	0.163433	0.161979	0.170886	0.204229	0.211579	0.151492	0.1585	0.174927	0.17223	0	0.162638	0.165868	0.172002	0.167179	0.169299	0.196303	0.181867	0.165326	0.189868	0.171751	0.178906	0.160656	0.134369	0.17369	0.157324	0.175716	0.161739	0.164113	0.180144	0.189303	0.212694	0.18111	0.146564	0.174366	0.17429	0.162412	0.146567	0.204103	0.187292	0.146197	0.173525	0.186533	0.166691	0.1774	0.168992	0.184851	0.165566	0.156733	0.153593	0.147471	0.168714	0.186344	0.172336	0.187406	0.192566	0.182727	0.186363	0.172234	0.156012	0.159201	0.151346	0.155515	0.161753	0.156107	0.180229	0.146958	0.165379	0.200662	0.17136	0.186398	0.158763	0.178038	0.170244	0.152077	0.154671	0.202923	0.170041	0.156317	0.21074	0.176276	0.232506	0.142815	0.184014	0.174392	0.181725	0.165011
S025	0.172885	0.207951	0.222636	0.189481	0.187924	0.194575	0.182335	0.171106	0.16316	0.194902	0.210409	0.189824	0.195333	0.185521	0.183386	0.163117	0.183207	0.211718	0.222647	0.165688	0.166697	0.169913	0.182684	0.162638	0	0.188704	0.173842	0.174644	0.182277	0.200811	0.190704	0.175336	0.193242	0.171393	0.184171	0.182575	0.158376	0.180436	0.17257	0.194616	0.164043	0.18081	0.18961	0.202755	0.218491	0.18914	0.163008	0.182845	0.176097	0.171516	0.157508	0.213095	0.191606	0.157688	0.186487	0.189114	0.181612	0.185726	0.177535	0.189679	0.178201	0.171657	0.162265	0.1563	0.170646	0.195106	0.177853	0.199532	0.203185	0.194786	0.198803	0.186664	0.169377	0.171185	0.168787	0.172116	0.172047	0.168167	0.185966	0.160801	0.167067	0.196074	0.173533	0.189377	0.166952	0.188838	0.183675	0.160816	0.16703	0.211248	0.178084	0.166828	0.210111	0.183641	0.238885	0.162677	0.194374	0.179248	0.190401	0.189199
S026	0.176461	0.227884	0.235482	0.204144	0.195243	0.202286	0.185828	0.181344	0.172328	0.201383	0.221138	0.202364	0.196622	0.188193	0.189148	0.185617	0.18901	0.224248	0.224459	0.177188	0.178117	0.187213	0.192899	0.165868	0.188704	0	0.194573	0.182871	0.1964	0.216304	0.204783	0.190931	0.214874	0.19018	0.192925	0.187855	0.170583	0.193486	0.184128	0.199083	0.185698	0.177275	0.207579	0.20734	0.223585	0.203765	0.178744	0.19847	0.184637	0.185249	0.173339	0.224488	0.206244	0.175375	0.192281	0.202889	0.19032	0.181056	0.190131	0.20487	0.191664	0.182729	0.181338	0.1794	0.186069	0.210204	0.192818	0.205098	0.214317	0.203971	0.208876	0.193477	0.171638	0.183049	0.180804	0.187196	0.185385	0.181408	0.202226	0.180493	0.192952	0.22493	0.188024	0.213298	0.173677	0.199871	0.198538	0.178938	0.181648	0.221973	0.191825	0.189628	0.230268	0.185667	0.249362	0.174163	0.205741	0.187465	0.201988	0.193115
S027	0.15827	0.209221	0.222289	0.197824	0.186869	0.19492	0.18669	0.179648	0.172792	0.201358	0.207251	0.192204	0.199074	0.189181	0.17784	0.173544	0.190336	0.213115	0.219561	0.174466	0.174154	0.189993	0.188365	0.172002	0.173842	0.194573	0	0.17711	0.182201	0.212293	0.198138	0.185129	0.198098	0.190628	0.188759	0.184817	0.15317	0.179184	0.165084	0.198381	0.170881	0.184192	0.193447	0.200473	0.218854	0.200405	0.167894	0.188904	0.182665	0.17607	0.164051	0.209699	0.197762	0.17122	0.186822	0.187529	0.188214	0.189388	0.177996	0.194712	0.175667	0.176912	0.172699	0.158161	0.178183	0.202645	0.187316	0.20235	0.207418	0.198468	0.199642	0.185049	0.172001	0.175969	0.175017	0.172696	0.175537	0.179135	0.191629	0.165339	0.187759	0.212787	0.178779	0.20282	0.174181	0.193891	0.179501	0.170085	0.168705	0.210933	0.182247	0.175031	0.213286	0.192488	0.233354	0.166826	0.194415	0.190456	0.193323	0.193358
S028	0.162261	0.214148	0.219434	0.183776	0.185063	0.199628	0.184907	0.165738	0.167238	0.197585	0.204788	0.184565	0.200678	0.188188	0.163732	0.177329	0.186897	0.210892	0.22452	0.162222	0.167396	0.184135	0.177772	0.167179	0.174644	0.182871	0.17711	0	0.183654	0.206241	0.196	0.182751	0.201616	0.181475	0.189607	0.179779	0.16148	0.184283	0.167159	0.194622	0.177092	0.182029	0.19216	0.191484	0.210088	0.194045	0.162082	0.187605	0.178793	0.170189	0.162648	0.215593	0.181954	0.161874	0.174927	0.186212	0.187352	0.189435	0.175533	0.193563	0.17769	0.172414	0.16525	0.157344	0.178791	0.195793	0.175317	0.202846	0.204134	0.19751	0.199947	0.183039	0.165564	0.168729	0.17277	0.175634	0.171292	0.169605	0.178076	0.156745	0.180333	0.211566	0.165677	0.202283	0.171186	0.191575	0.190764	0.163839	0.161543	0.20637	0.177661	0.16503	0.220856	0.185888	0.240176	0.165179	0.197191	0.184306	0.1926	0.182886
S029	0.175542	0.227384	0.223395	0.201189	0.198315	0.208357	0.188955	0.183414	0.166867	0.204098	0.215982	0.203029	0.199171	0.196853	0.191605	0.179952	0.190166	0.224171	0.231533	0.178117	0.170779	0.184376	0.189523	0.169299	0.182277	0.1964	0.182201	0.183654	0	0.210718	0.197077	0.191492	0.20808	0.194149	0.198774	0.188509	0.164189	0.192889	0.178151	0.200341	0.183341	0.194595	0.20389	0.21145	0.220115	0.196982	0.159762	0.186203	0.187036	0.180192	0.174976	0.221171	0.204145	0.1707	0.18888	0.183325	0.193519	0.19309	0.183708	0.195561	0.186398	0.185101	0.169217	0.178337	0.183192	0.198497	0.19017	0.211851	0.210243	0.205814	0.207966	0.188033	0.178692	0.178219	0.179859	0.17885	0.178299	0.179101	0.197264	0.173868	0.186236	0.220948	0.189838	0.21223	0.180732	0.198208	0.202248	0.176369	0.176408	0.218353	0.187904	0.186271	0.222939	0.19592	0.24825	0.173909	0.204216	0.194045	0.202629	0.200504
S030	0.205548	0.242652	0.247358	0.216184	0.222014	0.228061	0.211251	0.201703	0.196647	0.228172	0.240329	0.224834	0.224824	0.206391	0.214408	0.210429	0.218896	0.241445	0.251027	0.20572	0.194634	0.217452	0.212922	0.196303	0.200811	0.216304	0.212293	0.206241	0.210718	0	0.219356	0.218328	0.227153	0.211473	0.221863	0.215749	0.190378	0.21632	0.207722	0.220259	0.210273	0.215352	0.223378	0.230247	0.240792	0.223795	0.19773	0.211056	0.20914	0.204844	0.201153	0.236267	0.224257	0.181637	0.217222	0.208434	0.216668	0.219659	0.210382	0.21867	0.202614	0.206325	0.204784	0.194514	0.212569	0.221555	0.22052	0.230053	0.231542	0.22841	0.228837	0.212703	0.206405	0.204392	0.202701	0.205258	0.210712	0.207815	0.222563	0.200375	0.212057	0.241372	0.214458	0.22529	0.211651	0.223609	0.221631	0.197476	0.205646	0.241979	0.20698	0.20749	0.240518	0.214149	0.264377	0.196247	0.221544	0.179245	0.222308	0.215679
S031	0.186042	0.203679	0.235622	0.202295	0.206323	0.213298	0.204733	0.183159	0.181442	0.213026	0.224632	0.182041	0.210905	0.203725	0.20163	0.189801	0.203164	0.227192	0.234668	0.187519	0.186025	0.195251	0.191578	0.181867	0.190704	0.204783	0.198138	0.196	0.197077	0.219356	0	0.199282	0.215849	0.189495	0.212735	0.19468	0.174984	0.198486	0.174539	0.208295	0.187833	0.198554	0.212444	0.218277	0.231358	0.208773	0.185278	0.187364	0.195661	0.196757	0.183775	0.229018	0.208168	0.181328	0.195071	0.205455	0.203645	0.200639	0.200088	0.215424	0.19989	0.175162	0.182201	0.180307	0.193311	0.217149	0.196018	0.209755	0.223129	0.210245	0.212493	0.190511	0.183204	0.180366	0.189574	0.19694	0.194072	0.190205	0.202516	0.184994	0.183829	0.226016	0.195289	0.215319	0.188952	0.205697	0.206856	0.181802	0.186784	0.226209	0.199345	0.195254	0.234075	0.197328	0.251506	0.180366	0.210271	0.192573	0.208059	0.204353
S032	0.170766	0.216623	0.230562	0.199133	0.194876	0.206503	0.18962	0.183334	0.162826	0.194649	0.20652	0.201927	0.203356	0.195827	0.191998	0.181222	0.193407	0.218181	0.227773	0.172515	0.177834	0.183365	0.190919	0.165326	0.175336	0.190931	0.185129	0.182751	0.191492	0.218328	0.199282	0	0.206578	0.188675	0.1926	0.181644	0.159021	0.192885	0.162478	0.198497	0.174111	0.178551	0.203771	0.210728	0.218838	0.195174	0.17497	0.197411	0.18433	0.185325	0.162856	0.222644	0.201771	0.174688	0.188244	0.19403	0.194405	0.193756	0.185114	0.193546	0.18274	0.184124	0.176649	0.176248	0.185074	0.194026	0.179741	0.205082	0.206498	0.201203	0.196622	0.186164	0.176519	0.173549	0.182008	0.183624	0.174081	0.181243	0.19312	0.172668	0.18837	0.219791	0.191501	0.210023	0.17999	0.19887	0.193198	0.172141	0.16872	0.215744	0.183524	0.18114	0.203325	0.199225	0.246793	0.171493	0.193944	0.193278	0.19632	0.194887
S033	0.190753	0.234299	0.245546	0.217758	0.21101	0.213225	0.20047	0.197403	0.19166	0.219116	0.230964	0.21612	0.21359	0.199031	0.203525	0.195606	0.206465	0.227675	0.24558	0.193129	0.19318	0.201692	0.2064	0.189868	0.193242	0.214874	0.198098	0.201616	0.20808	0.227153	0.215849	0.206578	0	0.209217	0.194629	0.198751	0.187777	0.210944	0.196114	0.212019	0.201124	0.206363	0.214206	0.22416	0.236082	0.213616	0.195233	0.206943	0.204647	0.191413	0.187635	0.231208	0.207588	0.185674	0.205759	0.21021	0.204551	0.201215	0.205462	0.210369	0.19511	0.199435	0.193428	0.186482	0.200556	0.216182	0.208239	0.218818	0.22866	0.209999	0.217661	0.199203	0.195947	0.198256	0.197417	0.1655	0.197884	0.198155	0.205379	0.185575	0.2018	0.225352	0.20227	0.220437	0.198407	0.178027	0.214966	0.194343	0.194227	0.229948	0.202714	0.200305	0.224534	0.209265	0.25757	0.188149	0.208596	0.209677	0.209678	0.213222
S034	0.163243	0.226198	0.23293	0.195949	0.198042	0.200059	0.183355	0.175337	0.165835	0.2023	0.213335	0.197646	0.197642	0.193542	0.188666	0.176045	0.19304	0.219581	0.226694	0.172379	0.177194	0.19206	0.190386	0.171751	0.171393	0.19018	0.190628	0.181475	0.194149	0.211473	0.189495	0.188675	0.209217	0	0.197657	0.181911	0.169946	0.196509	0.179573	0.189557	0.176493	0.191495	0.195259	0.204422	0.22383	0.201011	0.180055	0.191503	0.18968	0.182304	0.176986	0.208623	0.204812	0.165277	0.187317	0.198224	0.195251	0.186683	0.183222	0.197264	0.189821	0.182215	0.173596	0.166124	0.182523	0.201512	0.184123	0.206796	0.21201	0.193952	0.200769	0.194955	0.162953	0.182197	0.17919	0.186737	0.187932	0.181717	0.200052	0.172346	0.183229	0.21493	0.182691	0.203048	0.170736	0.201215	0.202042	0.173206	0.180221	0.222159	0.190985	0.183069	0.226539	0.191281	0.240887	0.170888	0.195846	0.188806	0.198396	0.19783
S035	0.180095	0.229206	0.238423	0.208279	0.186575	0.209511	0.193349	0.186508	0.179659	0.21079	0.216488	0.205096	0.211135	0.205799	0.193705	0.18919	0.200651	0.227734	0.230916	0.174237	0.180956	0.195218	0.202576	0.178906	0.184171	0.192925	0.188759	0.189607	0.198774	0.221863	0.212735	0.1926	0.194629	0.197657	0	0.190652	0.180935	0.198216	0.189242	0.204391	0.18902	0.185409	0.203912	0.21896	0.229745	0.211864	0.1829	0.201738	0.194068	0.184108	0.175141	0.221039	0.206269	0.180891	0.197266	0.204452	0.200003	0.193688	0.19512	0.204422	0.192068	0.190828	0.186316	0.183756	0.186129	0.21049	0.200704	0.215815	0.220002	0.211096	0.21521	0.198215	0.180598	0.179906	0.188278	0.190176	0.183244	0.184121	0.206522	0.16857	0.195405	0.221467	0.194759	0.217357	0.188134	0.197166	0.205414	0.172564	0.177774	0.223622	0.192922	0.183589	0.228686	0.203027	0.250532	0.182451	0.210701	0.20162	0.19969	0.20361
S036	0.165423	0.208676	0.230936	0.196143	0.175947	0.203109	0.18875	0.176938	0.161414	0.195724	0.216187	0.196824	0.201591	0.197665	0.179166	0.182724	0.192015	0.21808	0.230208	0.174714	0.170068	0.189048	0.185801	0.160656	0.182575	0.187855	0.184817	0.179779	0.188509	0.215749	0.19468	0.181644	0.198751	0.181911	0.190652	0	0.154857	0.193754	0.175119	0.195599	0.174455	0.174209	0.194334	0.206267	0.213524	0.195763	0.169259	0.181828	0.188475	0.180922	0.168224	0.215127	0.203963	0.169988	0.189293	0.187553	0.191784	0.195448	0.174134	0.198309	0.179286	0.183752	0.171202	0.173434	0.18007	0.200039	0.184759	0.201774	0.211052	0.194125	0.206943	0.184223	0.154694	0.178655	0.166928	0.17304	0.176821	0.175677	0.193285	0.167357	0.177218	0.215303	0.189038	0.207115	0.175202	0.193764	0.194164	0.171852	0.173653	0.209565	0.187049	0.182121	0.223725	0.188444	0.240229	0.171812	0.198381	0.186536	0.193208	0.192713
S037	0.141647	0.200439	0.214235	0.178871	0.171914	0.186039	0.171249	0.160933	0.145035	0.18205	0.189749	0.180316	0.18272	0.175007	0.159838	0.16099	0.16839	0.20533	0.209269	0.150803	0.148669	0.16861	0.171454	0.134369	0.158376	0.170583	0.15317	0.16148	0.164189	0.190378	0.174984	0.159021	0.187777	0.169946	0.180935	0.154857	0	0.17093	0.149989	0.180235	0.155823	0.163946	0.182063	0.189933	0.207075	0.181153	0.142061	0.174827	0.166302	0.158384	0.147953	0.203678	0.1814	0.143637	0.167296	0.181236	0.174797	0.173619	0.160844	0.178334	0.162686	0.15743	0.140634	0.14764	0.166163	0.180913	0.167221	0.188623	0.19185	0.183489	0.171837	0.167638	0.15661	0.155751	0.149064	0.159933	0.160245	0.15424	0.177168	0.143208	0.157346	0.199942	0.169284	0.173272	0.151701	0.174004	0.174103	0.147616	0.146424	0.203419	0.170538	0.161833	0.208607	0.172456	0.227239	0.14291	0.181186	0.165719	0.180607	0.1677
S038	0.184518	0.222746	0.236716	0.194723	0.197742	0.207073	0.188929	0.183197	0.179107	0.20511	0.214709	0.197748	0.198489	0.196738	0.182822	0.182991	0.195149	0.224604	0.231856	0.176049	0.173181	0.193886	0.196018	0.17369	0.180436	0.193486	0.179184	0.184283	0.192889	0.21632	0.198486	0.192885	0.210944	0.196509	0.198216	0.193754	0.17093	0	0.180114	0.197341	0.181555	0.189258	0.205399	0.214902	0.228474	0.203475	0.180524	0.199369	0.192479	0.184724	0.172984	0.216961	0.201951	0.17177	0.197839	0.197604	0.193716	0.197484	0.187113	0.194405	0.190071	0.182389	0.168512	0.177976	0.188341	0.20993	0.186035	0.211078	0.213758	0.210365	0.20188	0.197623	0.178596	0.176907	0.18405	0.184836	0.183427	0.188442	0.20386	0.178408	0.19059	0.222389	0.153015	0.210687	0.184493	0.204206	0.190025	0.175362	0.176472	0.214858	0.19297	0.186676	0.228429	0.178237	0.246313	0.174316	0.204298	0.192138	0.195788	0.199354
S039	0.156268	0.208341	0.220858	0.176502	0.185676	0.194255	0.183192	0.171172	0.160623	0.199809	0.202511	0.187815	0.190819	0.176204	0.179115	0.168428	0.17871	0.208418	0.222051	0.165075	0.166006	0.167639	0.176089	0.157324	0.17257	0.184128	0.165084	0.167159	0.178151	0.207722	0.174539	0.162478	0.196114	0.179573	0.189242	0.175119	0.149989	0.180114	0	0.191277	0.161828	0.173592	0.192133	0.197842	0.212631	0.19128	0.162625	0.185673	0.165192	0.171612	0.156014	0.209004	0.174267	0.160697	0.18337	0.181545	0.181564	0.178103	0.168845	0.191099	0.178877	0.164181	0.158306	0.156926	0.178877	0.190478	0.17557	0.193708	0.198728	0.196794	0.185276	0.170906	0.160646	0.167621	0.154065	0.172665	0.174766	0.167538	0.188575	0.155383	0.174338	0.21001	0.170057	0.196593	0.170269	0.184562	0.185552	0.158704	0.149265	0.202438	0.173829	0.168822	0.215311	0.178234	0.22995	0.162454	0.186148	0.179573	0.183198	0.18592
S040	0.184473	0.226518	0.239102	0.206504	0.194606	0.211458	0.195864	0.189218	0.178848	0.212074	0.219891	0.202836	0.206917	0.196001	0.197512	0.183503	0.1912	0.229744	0.235564	0.176513	0.17823	0.198638	0.202769	0.175716	0.194616	0.199083	0.198381	0.194622	0.200341	0.220259	0.208295	0.198497	0.212019	0.189557	0.204391	0.195599	0.180235	0.197341	0.191277	0	0.184382	0.194683	0.207139	0.20438	0.232606	0.21415	0.185415	0.205508	0.192885	0.189509	0.175888	0.224786	0.202534	0.181696	0.198629	0.207094	0.185958	0.199002	0.188497	0.204552	0.194301	0.188318	0.182111	0.17572	0.195351	0.21541	0.197717	0.213864	0.222228	0.204121	0.208453	0.196337	0.177792	0.175304	0.191631	0.191943	0.192686	0.193096	0.206484	0.176816	0.189781	0.222595	0.197871	0.210404	0.186832	0.203846	0.206993	0.180467	0.185139	0.222369	0.201667	0.191837	0.232688	0.203111	0.249021	0.174167	0.209377	0.196637	0.203236	0.175848
S041	0.16649	0.199265	0.216792	0.184046	0.181969	0.190726	0.183325	0.158569	0.165512	0.190864	0.198505	0.192321	0.191466	0.186629	0.181618	0.169989	0.178163	0.210005	0.224491	0.163127	0.167112	0.181044	0.179254	0.161739	0.164043	0.185698	0.170881	0.177092	0.183341	0.210273	0.187833	0.174111	0.201124	0.176493	0.18902	0.174455	0.155823	0.181555	0.161828	0.184382	0	0.181968	0.191808	0.19513	0.218747	0.189427	0.166902	0.181011	0.18206	0.168874	0.158061	0.213662	0.184054	0.163481	0.179797	0.191864	0.186822	0.18587	0.176238	0.192337	0.17647	0.168087	0.158298	0.160485	0.16665	0.183644	0.174666	0.193938	0.201999	0.197232	0.192213	0.182008	0.163896	0.165345	0.168353	0.174607	0.164208	0.176033	0.183434	0.157209	0.170244	0.208728	0.1833	0.182973	0.171099	0.18581	0.188779	0.161586	0.163745	0.208661	0.182774	0.171116	0.214487	0.187847	0.233243	0.159527	0.190221	0.175223	0.182478	0.179497
S042	0.172948	0.218148	0.232446	0.18794	0.181325	0.199851	0.188741	0.1839	0.173704	0.2036	0.214083	0.190412	0.205611	0.193269	0.184618	0.184735	0.192231	0.209063	0.223836	0.170536	0.172829	0.188265	0.189425	0.164113	0.18081	0.177275	0.184192	0.182029	0.194595	0.215352	0.198554	0.178551	0.206363	0.191495	0.185409	0.174209	0.163946	0.189258	0.173592	0.194683	0.181968	0	0.192388	0.210717	0.224602	0.203501	0.17603	0.195301	0.19091	0.177411	0.166229	0.207902	0.202514	0.172688	0.195501	0.19355	0.184091	0.189232	0.189369	0.195595	0.18412	0.179802	0.177392	0.170328	0.189475	0.199348	0.18698	0.20608	0.210149	0.201051	0.200871	0.185496	0.18005	0.177317	0.176965	0.178032	0.176308	0.179022	0.19884	0.167906	0.186223	0.219741	0.189411	0.207033	0.178762	0.195134	0.189081	0.172828	0.166903	0.218639	0.182213	0.17722	0.221498	0.197543	0.244502	0.17091	0.200881	0.176629	0.200636	0.193042
S043	0.187329	0.229465	0.240791	0.210023	0.196035	0.207531	0.193469	0.19307	0.183509	0.212593	0.221677	0.18944	0.214989	0.206711	0.197697	0.173011	0.203014	0.231708	0.233599	0.184631	0.183636	0.197918	0.201269	0.180144	0.18961	0.207579	0.193447	0.19216	0.20389	0.223378	0.212444	0.203771	0.214206	0.195259	0.203912	0.194334	0.182063	0.205399	0.192133	0.207139	0.191808	0.192388	0	0.214086	0.233052	0.213544	0.187462	0.206796	0.201716	0.19133	0.179656	0.23005	0.212511	0.185259	0.203721	0.206564	0.19095	0.2068	0.195858	0.197685	0.196701	0.184711	0.188539	0.177707	0.198375	0.214755	0.203547	0.209462	0.219959	0.206188	0.212829	0.188434	0.184855	0.1894	0.186843	0.189174	0.193285	0.194208	0.20403	0.180431	0.195925	0.226582	0.203594	0.207413	0.193544	0.208432	0.202364	0.180469	0.185386	0.2246	0.198479	0.197396	0.234085	0.207027	0.25143	0.173741	0.208952	0.202676	0.209328	0.202596
S044	0.198666	0.231994	0.24616	0.211919	0.21174	0.217906	0.208309	0.20128	0.188737	0.212558	0.228144	0.210962	0.224899	0.209576	0.204433	0.194134	0.206359	0.235487	0.246116	0.183895	0.189731	0.20477	0.198838	0.189303	0.202755	0.20734	0.200473	0.191484	0.21145	0.230247	0.218277	0.210728	0.22416	0.204422	0.21896	0.206267	0.189933	0.214902	0.197842	0.20438	0.19513	0.210717	0.214086	0	0.24052	0.217999	0.195705	0.199129	0.202706	0.196815	0.18945	0.232322	0.212481	0.188174	0.205159	0.211551	0.193721	0.209927	0.200449	0.215975	0.202744	0.20112	0.196469	0.194377	0.196425	0.223253	0.20321	0.22031	0.224807	0.223985	0.224711	0.210034	0.197692	0.198718	0.19234	0.20383	0.20364	0.200197	0.212048	0.193448	0.198889	0.22694	0.205308	0.219213	0.189741	0.212052	0.219074	0.185509	0.194028	0.206395	0.208134	0.206058	0.243098	0.208041	0.258702	0.187241	0.209742	0.209748	0.21278	0.209278
