	S001	S002	S003	S004	S005	S006	S007	S008	S009	S010	S011	S012	S013	S014	S015	S016	S017	S018	S019	S020	S021	S022	S023	S024	S025	S026	S027	S028	S029	S030	S031	S032	S033	S034	S035	S036	S037	S038	S039	S040	S041	S042	S043	S044	S045	S046	S047	S048	S049	S050	S051	S052	S053	S054	S055	S056	S057	S058	S059	S060	S061	S062	S063	S064	S065	S066	S067	S068	S069	S070	S071	S072	S073	S074	S075	S076	S077	S078	S079	S080	S081	S082	S083	S084	S085	S086	S087	S088	S089	S090	S091	S092	S093	S094	S095	S096	S097	S098	S099	S100
S001	0	0.19725	0.297292	0.197212	0.181184	0.20829	0.182769	0.176947	0.155831	0.193576	0.223897	0.18106	0.207991	0.203088	0.172306	0.176879	0.187291	0.192548	0.233001	0.180387	0.169466	0.172711	0.187537	0.162983	0.188787	0.216554	0.161966	0.177192	0.183237	0.200564	0.1713	0.173166	0.215583	0.177629	0.206907	0.16763	0.151872	0.19215	0.164797	0.189125	0.170277	0.182676	0.201844	0.253366	0.211654	0.19528	0.160228	0.201684	0.184216	0.164855	0.162422	0.196994	0.204623	0.14318	0.178859	0.187529	0.190614	0.188015	0.189628	0.184478	0.178776	0.180307	0.174378	0.167962	0.174984	0.200215	0.184187	0.201465	0.199813	0.19584	0.212093	0.172821	0.175757	0.171473	0.162771	0.186497	0.195137	0.173724	0.197838	0.16488	0.180394	0.217555	0.169862	0.197579	0.163397	0.188251	0.195671	0.167533	0.165063	0.206027	0.18838	0.187225	0.208914	0.17263	0.240744	0.174301	0.189308	0.181672	0.19397	0.202273
S002	0.19725	0	0.305109	0.226842	0.212105	0.235876	0.218229	0.206984	0.201529	0.210436	0.244955	0.19963	0.236565	0.22708	0.208055	0.210683	0.222048	0.2193	0.264294	0.202684	0.203062	0.20794	0.210784	0.195727	0.204463	0.249972	0.206716	0.20948	0.219192	0.226101	0.193495	0.196583	0.248265	0.22545	0.235325	0.204346	0.186268	0.218363	0.192059	0.21747	0.1882	0.211931	0.229623	0.266067	0.236384	0.220954	0.202885	0.226516	0.215475	0.206046	0.193142	0.218276	0.202985	0.189277	0.213435	0.216448	0.210369	0.212291	0.2225	0.213276	0.21681	0.197976	0.192713	0.200045	0.212676	0.223467	0.21219	0.231926	0.228668	0.226524	0.207546	0.203381	0.209878	0.199248	0.200147	0.221078	0.225525	0.207973	0.229102	0.192782	0.202697	0.242755	0.196685	0.222544	0.196832	0.207963	0.223348	0.197283	0.189003	0.235618	0.207725	0.214193	0.243434	0.20455	0.26985	0.201282	0.218454	0.220905	0.220064	0.23124
S003	0.297292	0.305109	0	0.337347	0.328583	0.336905	0.329653	0.320352	0.318892	0.334645	0.353981	0.325966	0.343267	0.337692	0.316514	0.3258	0.331149	0.334577	0.360428	0.320084	0.320356	0.310509	0.32525	0.31749	0.311585	0.354063	0.319622	0.326758	0.327753	0.334243	0.305799	0.327191	0.354569	0.332404	0.344992	0.324259	0.305468	0.332665	0.318123	0.334792	0.316831	0.332206	0.340258	0.370729	0.342889	0.328031	0.319642	0.338883	0.329031	0.323282	0.314885	0.334882	0.340037	0.302388	0.327449	0.326148	0.337238	0.24771	0.330795	0.326053	0.325431	0.321026	0.314274	0.316306	0.325684	0.33764	0.307428	0.337261	0.321675	0.327636	0.345047	0.326571	0.325374	0.322299	0.321164	0.332101	0.334227	0.322788	0.341571	0.317667	0.298691	0.349511	0.320018	0.338583	0.30383	0.278947	0.32885	0.323103	0.319322	0.340776	0.330701	0.333888	0.345227	0.323429	0.367951	0.31888	0.327557	0.32799	0.326494	0.325672
S004	0.197212	0.226842	0.337347	0	0.211444	0.230116	0.199688	0.204591	0.190509	0.21829	0.241227	0.211091	0.236348	0.22233	0.207346	0.209753	0.213588	0.21357	0.263174	0.194269	0.198682	0.203038	0.207097	0.195059	0.211756	0.244833	0.211819	0.1945	0.210894	0.215971	0.196501	0.209636	0.250034	0.219895	0.235961	0.201466	0.194021	0.211769	0.188398	0.218865	0.197613	0.200362	0.226684	0.244487	0.229774	0.222572	0.195903	0.202152	0.213386	0.18932	0.193715	0.213549	0.222953	0.19085	0.203676	0.194562	0.220566	0.229696	0.209223	0.210726	0.211055	0.204544	0.202462	0.183673	0.217055	0.21742	0.212617	0.232373	0.228751	0.226631	0.234998	0.203298	0.209487	0.20069	0.196144	0.215103	0.223365	0.204139	0.223123	0.185763	0.212602	0.240048	0.198512	0.227387	0.185369	0.221582	0.224485	0.200663	0.190464	0.23158	0.212581	0.21054	0.239099	0.200844	0.260912	0.193711	0.213718	0.199314	0.215095	0.22535
S005	0.181184	0.212105	0.328583	0.211444	0	0.222472	0.192124	0.189536	0.186168	0.207708	0.22997	0.199799	0.215651	0.219331	0.18026	0.183913	0.204574	0.20616	0.23888	0.180474	0.182662	0.186391	0.195714	0.175135	0.199307	0.230007	0.187382	0.193944	0.200302	0.213763	0.193877	0.19188	0.237305	0.208854	0.206133	0.187712	0.177536	0.200694	0.189099	0.195885	0.182686	0.191918	0.211866	0.260674	0.224658	0.204979	0.184397	0.213643	0.193066	0.186339	0.176788	0.204066	0.206025	0.177013	0.195303	0.206227	0.202189	0.209205	0.203792	0.192862	0.192865	0.186835	0.185712	0.178611	0.198668	0.213281	0.195759	0.217043	0.208807	0.203746	0.216721	0.193809	0.198617	0.183983	0.18214	0.200153	0.196585	0.188508	0.217215	0.170425	0.199556	0.229145	0.184735	0.198867	0.186081	0.20755	0.208178	0.175371	0.173921	0.22043	0.19804	0.203119	0.217281	0.181299	0.251617	0.183385	0.203753	0.204288	0.209198	0.207515
S006	0.20829	0.235876	0.336905	0.230116	0.222472	0	0.218454	0.220949	0.205685	0.228548	0.253355	0.218783	0.217925	0.236605	0.219347	0.215403	0.222867	0.226661	0.263896	0.208692	0.20734	0.22535	0.21896	0.198992	0.217312	0.247137	0.213538	0.221233	0.22487	0.234295	0.21488	0.216097	0.247548	0.211025	0.240472	0.214899	0.203084	0.221336	0.215824	0.222262	0.201242	0.21891	0.235269	0.275571	0.238743	0.227699	0.202785	0.235098	0.207408	0.202963	0.19691	0.224943	0.226958	0.187293	0.217793	0.222354	0.229284	0.236108	0.22376	0.22017	0.217673	0.194889	0.207184	0.203715	0.222064	0.231384	0.2253	0.233907	0.224915	0.228058	0.224225	0.217119	0.219055	0.209434	0.201979	0.217983	0.2332	0.197276	0.234361	0.20423	0.216812	0.24868	0.203678	0.220643	0.207855	0.231095	0.224874	0.201715	0.206946	0.232221	0.224455	0.22722	0.241397	0.207843	0.277833	0.198397	0.229049	0.223559	0.217003	0.209835
S007	0.182769	0.218229	0.329653	0.199688	0.192124	0.218454	0	0.197505	0.181634	0.20748	0.232097	0.198449	0.22053	0.214544	0.19319	0.196349	0.202659	0.208193	0.245203	0.192099	0.183797	0.203006	0.198724	0.17987	0.201329	0.228894	0.19754	0.197078	0.190777	0.211588	0.197829	0.196081	0.230726	0.204505	0.220951	0.192401	0.183003	0.197252	0.192044	0.204119	0.189883	0.200598	0.204091	0.262444	0.220215	0.208245	0.187717	0.214585	0.202947	0.179557	0.177376	0.206416	0.217194	0.174709	0.170415	0.204904	0.205231	0.217643	0.194693	0.195381	0.193638	0.195691	0.187841	0.18022	0.198983	0.211103	0.19196	0.209499	0.218153	0.192376	0.219124	0.195279	0.196729	0.187452	0.182518	0.207346	0.207091	0.184603	0.209105	0.1834	0.200929	0.229627	0.182819	0.217326	0.181718	0.211109	0.216083	0.187531	0.180319	0.206848	0.196466	0.203923	0.227269	0.182558	0.260554	0.185891	0.201239	0.202413	0.205264	0.205561
S008	0.176947	0.206984	0.320352	0.204591	0.189536	0.220949	0.197505	0	0.175587	0.202942	0.201832	0.18258	0.215457	0.203942	0.181565	0.183382	0.199241	0.189363	0.245821	0.187393	0.17683	0.195234	0.19649	0.171046	0.196059	0.229115	0.195162	0.18422	0.193231	0.199148	0.172347	0.192613	0.23524	0.195506	0.217558	0.186314	0.17741	0.20224	0.186148	0.205109	0.17579	0.201874	0.212979	0.258495	0.216144	0.204437	0.166432	0.21121	0.192299	0.184236	0.179664	0.207831	0.216048	0.175891	0.186292	0.196559	0.204515	0.206522	0.193247	0.193227	0.189939	0.187838	0.173263	0.168442	0.168215	0.205589	0.183342	0.216507	0.211835	0.208965	0.219416	0.174848	0.194552	0.177628	0.176966	0.20298	0.204929	0.165516	0.217445	0.180175	0.189442	0.220409	0.176272	0.207503	0.1791	0.202926	0.20276	0.168998	0.177193	0.210237	0.19144	0.196539	0.22528	0.173786	0.256151	0.168492	0.192572	0.194108	0.202652	0.209181
S009	0.155831	0.201529	0.318892	0.190509	0.186168	0.205685	0.181634	0.175587	0	0.188782	0.210748	0.176963	0.202664	0.194268	0.178212	0.167852	0.183567	0.177284	0.23285	0.174423	0.168503	0.172828	0.169794	0.162108	0.184991	0.221124	0.184508	0.18487	0.175863	0.192976	0.177182	0.1738	0.224796	0.186912	0.210765	0.168041	0.163496	0.18948	0.174647	0.186797	0.172559	0.184782	0.20149	0.244272	0.20849	0.193347	0.154483	0.195976	0.187676	0.162834	0.161392	0.196096	0.202892	0.149652	0.171402	0.182488	0.191404	0.190493	0.194657	0.183152	0.175869	0.170868	0.16411	0.169271	0.180741	0.178811	0.182936	0.203101	0.190197	0.191603	0.210463	0.163307	0.182144	0.166875	0.164908	0.191525	0.188369	0.164991	0.201596	0.157856	0.178468	0.205385	0.158967	0.199805	0.167028	0.189693	0.193705	0.163724	0.162609	0.200113	0.179921	0.184061	0.215143	0.161537	0.242702	0.164044	0.180666	0.174216	0.190812	0.200557
S010	0.193576	0.210436	0.334645	0.21829	0.207708	0.228548	0.20748	0.202942	0.188782	0	0.240261	0.205408	0.220108	0.228156	0.196246	0.201645	0.207809	0.216013	0.256343	0.17798	0.19329	0.206312	0.208967	0.182973	0.206091	0.237917	0.206227	0.20496	0.206915	0.222957	0.205787	0.193356	0.243783	0.211997	0.230907	0.196461	0.187264	0.209356	0.206204	0.215609	0.188598	0.209965	0.221005	0.251884	0.226797	0.206638	0.188516	0.214027	0.209396	0.183742	0.188571	0.214942	0.226059	0.185882	0.201091	0.211433	0.218182	0.21576	0.217521	0.203934	0.204106	0.199272	0.191393	0.192647	0.196063	0.218872	0.203636	0.222186	0.211088	0.213593	0.226477	0.203458	0.205508	0.199377	0.195151	0.215955	0.217222	0.201727	0.223583	0.187543	0.192479	0.220832	0.18504	0.224893	0.185745	0.203724	0.220499	0.192203	0.188621	0.226203	0.207194	0.210018	0.232851	0.189154	0.265587	0.188753	0.205964	0.212775	0.212273	0.217541
S011	0.223897	0.244955	0.353981	0.241227	0.22997	0.253355	0.232097	0.201832	0.210748	0.240261	0	0.224789	0.250218	0.242776	0.223223	0.22873	0.232331	0.234677	0.271495	0.218479	0.216745	0.236941	0.226948	0.209069	0.235698	0.266642	0.226812	0.221251	0.231929	0.243448	0.229151	0.224633	0.265204	0.233304	0.246361	0.230131	0.213763	0.23396	0.220742	0.233038	0.212652	0.236803	0.237659	0.284822	0.253836	0.24258	0.219072	0.248506	0.234708	0.220505	0.21283	0.243534	0.235973	0.211473	0.224757	0.233449	0.240753	0.247983	0.232992	0.231106	0.228976	0.227539	0.218628	0.214115	0.230233	0.22747	0.227406	0.249307	0.244242	0.238305	0.246475	0.222997	0.217605	0.194809	0.220195	0.236308	0.233243	0.220178	0.240747	0.210274	0.219093	0.243608	0.219028	0.24936	0.215667	0.236687	0.239359	0.218251	0.211073	0.229941	0.220222	0.227473	0.259006	0.212066	0.274218	0.219475	0.23998	0.236734	0.2341	0.241453
S012	0.18106	0.19963	0.325966	0.211091	0.199799	0.218783	0.198449	0.18258	0.176963	0.205408	0.224789	0	0.224776	0.206298	0.192197	0.195976	0.19567	0.201596	0.24778	0.183327	0.190698	0.204514	0.197204	0.177585	0.196508	0.236977	0.193429	0.186267	0.201919	0.213327	0.183433	0.198255	0.237014	0.201437	0.220992	0.189721	0.181577	0.199539	0.188962	0.199586	0.187363	0.193887	0.190524	0.257831	0.221648	0.209052	0.183101	0.212775	0.195312	0.180947	0.177578	0.207767	0.213237	0.172338	0.197243	0.202598	0.196921	0.21392	0.196779	0.194486	0.199232	0.191529	0.186987	0.179084	0.195119	0.198375	0.195005	0.215188	0.212156	0.204064	0.225591	0.190116	0.200067	0.18123	0.180242	0.20806	0.208727	0.189416	0.215393	0.174328	0.195516	0.225287	0.178293	0.212974	0.184252	0.20756	0.206061	0.181431	0.177506	0.214215	0.192167	0.198271	0.226606	0.178338	0.257694	0.178685	0.201306	0.200914	0.199631	0.208838
S013	0.207991	0.236565	0.343267	0.236348	0.215651	0.217925	0.22053	0.215457	0.202664	0.220108	0.250218	0.224776	0	0.235661	0.212424	0.216096	0.223797	0.213978	0.261651	0.215416	0.205792	0.225454	0.210111	0.202184	0.218887	0.244494	0.212719	0.220242	0.210525	0.228433	0.211827	0.214181	0.241589	0.21386	0.243176	0.215885	0.19926	0.207843	0.206967	0.219337	0.201425	0.224763	0.237909	0.28311	0.237116	0.227911	0.206552	0.23012	0.212804	0.203684	0.20371	0.229213	0.234483	0.195265	0.210433	0.22668	0.221536	0.23538	0.226529	0.204083	0.213452	0.206999	0.167617	0.205422	0.219862	0.235096	0.220877	0.237142	0.237791	0.230469	0.230245	0.210143	0.218689	0.216499	0.191728	0.217676	0.216884	0.208936	0.232638	0.203164	0.218945	0.248837	0.204842	0.23453	0.208055	0.230186	0.22867	0.205929	0.204023	0.241936	0.218678	0.221687	0.241058	0.196732	0.276244	0.200904	0.22437	0.223637	0.22658	0.229954
S014	0.203088	0.22708	0.337692	0.22233	0.219331	0.236605	0.214544	0.203942	0.194268	0.228156	0.242776	0.206298	0.235661	0	0.201362	0.213391	0.207964	0.224586	0.261471	0.20893	0.205648	0.21274	0.212399	0.198822	0.212269	0.22582	0.209249	0.215549	0.217737	0.213477	0.214298	0.209454	0.231428	0.225776	0.242837	0.21194	0.199982	0.217627	0.200894	0.21576	0.205859	0.216657	0.23328	0.269855	0.2367	0.22504	0.202378	0.23224	0.21728	0.208528	0.194019	0.215681	0.236331	0.192927	0.213195	0.221074	0.211699	0.230093	0.173517	0.212255	0.217865	0.202948	0.212632	0.198973	0.21367	0.2089	0.211611	0.234072	0.233576	0.218712	0.235777	0.20506	0.216973	0.186777	0.199693	0.2069	0.225433	0.21052	0.23264	0.199421	0.209624	0.243248	0.200821	0.226179	0.203876	0.217535	0.228278	0.20628	0.195297	0.237298	0.182999	0.219667	0.237164	0.202434	0.274961	0.184149	0.20141	0.208371	0.218012	0.232877
S015	0.172306	0.208055	0.316514	0.207346	0.18026	0.219347	0.19319	0.181565	0.178212	0.196246	0.223223	0.192197	0.212424	0.201362	0	0.186038	0.188399	0.196849	0.237138	0.170565	0.176607	0.19694	0.190555	0.160045	0.195223	0.228807	0.180798	0.172803	0.192599	0.203706	0.189686	0.185833	0.226112	0.200586	0.214188	0.17531	0.159083	0.189865	0.182308	0.198769	0.175879	0.192665	0.204559	0.252613	0.216902	0.204098	0.176308	0.19895	0.175079	0.168372	0.172808	0.195072	0.20108	0.165437	0.187459	0.196873	0.19972	0.209242	0.177178	0.175837	0.191265	0.176305	0.177485	0.166681	0.192153	0.20146	0.180764	0.21059	0.203123	0.19385	0.218249	0.185454	0.196112	0.1732	0.172754	0.192699	0.204517	0.178873	0.21204	0.162568	0.178574	0.221423	0.168849	0.211318	0.181541	0.196478	0.192156	0.173434	0.159427	0.209551	0.183385	0.194667	0.219286	0.166643	0.252062	0.156555	0.196477	0.196031	0.199515	0.199174
S016	0.176879	0.210683	0.3258	0.209753	0.183913	0.215403	0.196349	0.183382	0.167852	0.201645	0.22873	0.195976	0.216096	0.213391	0.186038	0	0.199975	0.192681	0.241062	0.17887	0.176331	0.192511	0.19833	0.174093	0.176932	0.231201	0.184869	0.194535	0.184535	0.208387	0.183034	0.184414	0.231326	0.196093	0.215592	0.190165	0.177047	0.195747	0.185324	0.197446	0.179544	0.196797	0.183619	0.255519	0.220576	0.204212	0.163611	0.213278	0.19152	0.183014	0.168161	0.200882	0.212013	0.17197	0.181074	0.198437	0.202333	0.200238	0.200741	0.185329	0.195149	0.182735	0.180317	0.155696	0.188195	0.210953	0.188967	0.213846	0.209341	0.199913	0.219153	0.174948	0.195228	0.183405	0.180401	0.192791	0.198964	0.17881	0.194573	0.172532	0.184236	0.213827	0.183437	0.206793	0.175064	0.201387	0.207093	0.16132	0.176238	0.214791	0.195093	0.181966	0.214233	0.17621	0.255179	0.175738	0.197224	0.191546	0.199132	0.202742
S017	0.187291	0.222048	0.331149	0.213588	0.204574	0.222867	0.202659	0.199241	0.183567	0.207809	0.232331	0.19567	0.223797	0.207964	0.188399	0.199975	0	0.19663	0.254033	0.181084	0.192892	0.205448	0.205022	0.180531	0.205351	0.237375	0.200819	0.20333	0.204681	0.219646	0.200866	0.198536	0.240381	0.214662	0.225072	0.199371	0.183075	0.205058	0.19635	0.203439	0.189815	0.206404	0.220434	0.263949	0.227586	0.209894	0.186889	0.217789	0.195961	0.187378	0.186756	0.215719	0.217282	0.16753	0.194656	0.205601	0.20686	0.213316	0.19433	0.18588	0.186317	0.186228	0.192307	0.189646	0.202468	0.209181	0.18886	0.218052	0.187724	0.211384	0.228551	0.192532	0.198433	0.183694	0.17919	0.207216	0.202404	0.19002	0.221503	0.185851	0.198305	0.222729	0.183122	0.210012	0.180063	0.212108	0.207407	0.189125	0.184631	0.222163	0.200471	0.194048	0.224316	0.186243	0.258486	0.182754	0.21062	0.205106	0.204059	0.20627
S018	0.192548	0.2193	0.334577	0.21357	0.20616	0.226661	0.208193	0.189363	0.177284	0.216013	0.234677	0.201596	0.213978	0.224586	0.196849	0.192681	0.19663	0	0.253276	0.188421	0.193588	0.201885	0.207263	0.187065	0.205729	0.240355	0.198284	0.193721	0.206649	0.215102	0.188687	0.200193	0.240433	0.215822	0.22783	0.198568	0.188574	0.210844	0.1997	0.214043	0.193426	0.201248	0.223365	0.256893	0.231687	0.21256	0.184791	0.214187	0.210369	0.192891	0.188332	0.211137	0.216605	0.178069	0.183893	0.206745	0.21633	0.218048	0.209979	0.200472	0.191417	0.197335	0.193952	0.181742	0.19531	0.213991	0.196417	0.224435	0.217949	0.212718	0.234382	0.193432	0.202097	0.193107	0.190088	0.21081	0.209426	0.1772	0.209935	0.176235	0.198052	0.228225	0.191054	0.215564	0.183482	0.212978	0.210297	0.186531	0.181088	0.227133	0.202297	0.190166	0.229253	0.183479	0.262955	0.184606	0.211889	0.207798	0.214263	0.215898
S019	0.233001	0.264294	0.360428	0.263174	0.23888	0.263896	0.245203	0.245821	0.23285	0.256343	0.271495	0.24778	0.261651	0.261471	0.237138	0.241062	0.254033	0.253276	0	0.235799	0.237296	0.247065	0.247032	0.227516	0.248727	0.2523	0.236937	0.2461	0.250072	0.25864	0.238429	0.233469	0.280164	0.247475	0.238092	0.24038	0.220398	0.238611	0.241487	0.246596	0.234356	0.2258	0.256572	0.299939	0.269329	0.254131	0.234838	0.256	0.243504	0.232257	0.228109	0.256074	0.261897	0.221351	0.241158	0.253418	0.249923	0.226608	0.252362	0.238658	0.248176	0.244705	0.240848	0.219338	0.250329	0.250559	0.248546	0.182765	0.262861	0.252488	0.271524	0.231033	0.238829	0.229257	0.22405	0.252024	0.245245	0.23863	0.266799	0.23122	0.243441	0.271478	0.231517	0.262127	0.232024	0.244888	0.245925	0.220839	0.229346	0.260887	0.2517	0.248121	0.265115	0.236182	0.296168	0.228819	0.25141	0.239761	0.251027	0.255281
S020	0.180387	0.202684	0.320084	0.194269	0.180474	0.208692	0.192099	0.187393	0.174423	0.17798	0.218479	0.183327	0.215416	0.20893	0.170565	0.17887	0.181084	0.188421	0.235799	0	0.175955	0.188326	0.184626	0.167562	0.193118	0.218179	0.191344	0.177575	0.192977	0.207315	0.187247	0.17543	0.231282	0.194899	0.196625	0.184239	0.166569	0.186823	0.184734	0.190039	0.17451	0.182425	0.204636	0.225088	0.210976	0.200835	0.1776	0.206141	0.187301	0.174322	0.169458	0.201732	0.20171	0.158771	0.18434	0.19117	0.198332	0.202661	0.194476	0.178377	0.192427	0.173865	0.174426	0.165558	0.191117	0.2006	0.193202	0.210147	0.198145	0.199042	0.213926	0.184182	0.192298	0.171806	0.171926	0.196844	0.202227	0.182531	0.20792	0.160077	0.182721	0.214603	0.173746	0.210344	0.161087	0.198744	0.195224	0.176302	0.170199	0.204653	0.189253	0.189637	0.213931	0.172692	0.253764	0.177903	0.196262	0.194969	0.181033	0.16413
S021	0.169466	0.203062	0.320356	0.198682	0.182662	0.20734	0.183797	0.17683	0.168503	0.19329	0.216745	0.190698	0.205792	0.205648	0.176607	0.176331	0.192892	0.193588	0.237296	0.175955	0	0.184173	0.189265	0.167587	0.186643	0.22193	0.186899	0.180511	0.181007	0.188805	0.177989	0.180114	0.226698	0.192175	0.205378	0.178251	0.157881	0.176424	0.178047	0.183868	0.175829	0.18058	0.20024	0.247416	0.212494	0.197768	0.163713	0.194344	0.177199	0.168287	0.161184	0.195943	0.200777	0.157685	0.173855	0.190137	0.192515	0.192048	0.190069	0.177914	0.188195	0.179673	0.164517	0.168349	0.170145	0.2	0.171582	0.205932	0.201867	0.197012	0.198291	0.174748	0.189013	0.171883	0.166236	0.196163	0.198559	0.172268	0.208264	0.158293	0.186867	0.212611	0.176299	0.197918	0.169286	0.190853	0.200956	0.157771	0.166775	0.201145	0.187238	0.19105	0.220629	0.173056	0.247413	0.165633	0.194941	0.174461	0.189658	0.205829
S022	0.172711	0.20794	0.310509	0.203038	0.186391	0.22535	0.203006	0.195234	0.172828	0.206312	0.236941	0.204514	0.225454	0.21274	0.19694	0.192511	0.205448	0.201885	0.247065	0.188326	0.184173	0	0.194472	0.188224	0.187441	0.232486	0.199987	0.198894	0.202434	0.217613	0.191458	0.180383	0.234163	0.21083	0.224337	0.195818	0.18256	0.207338	0.177451	0.209637	0.187483	0.205037	0.219735	0.24941	0.222418	0.201427	0.18126	0.213956	0.192923	0.189091	0.169029	0.206392	0.200397	0.175157	0.19329	0.188835	0.208459	0.200779	0.210494	0.202038	0.200333	0.196982	0.192322	0.188207	0.202382	0.212391	0.199058	0.219864	0.213791	0.204403	0.228531	0.190645	0.197623	0.178527	0.181512	0.197143	0.211198	0.195764	0.214532	0.170741	0.194264	0.219355	0.188155	0.215524	0.183256	0.205465	0.210232	0.189019	0.174075	0.221039	0.199872	0.19937	0.215558	0.179406	0.258833	0.182544	0.196564	0.199994	0.200854	0.219768
S023	0.187537	0.210784	0.32525	0.207097	0.195714	0.21896	0.198724	0.19649	0.169794	0.208967	0.226948	0.197204	0.210111	0.212399	0.190555	0.19833	0.205022	0.207263	0.247032	0.184626	0.189265	0.194472	0	0.178035	0.200473	0.224061	0.195009	0.190827	0.190696	0.20766	0.184758	0.193445	0.237128	0.204055	0.223721	0.184934	0.179937	0.204009	0.183736	0.209131	0.17971	0.19931	0.216289	0.238012	0.206943	0.201497	0.171715	0.203651	0.20237	0.187983	0.181688	0.202363	0.205231	0.165757	0.192325	0.193746	0.205712	0.209409	0.205139	0.190646	0.198004	0.189931	0.190744	0.186449	0.199986	0.210074	0.191057	0.215987	0.218834	0.206181	0.227849	0.185674	0.195641	0.185147	0.17534	0.2049	0.188731	0.186776	0.207473	0.17431	0.198917	0.228693	0.184824	0.202999	0.175146	0.207433	0.214226	0.183711	0.174649	0.219029	0.197294	0.201179	0.223863	0.175337	0.262314	0.187345	0.187737	0.203955	0.203553	0.21175
S024	0.162983	0.195727	0.31749	0.195059	0.175135	0.198992	0.17987	0.171046	0.162108	0.182973	0.209069	0.177585	0.202184	0.198822	0.160045	0.174093	0.180531	0.187065	0.227516	0.167562	0.167587	0.188224	0.178035	0	0.181967	0.206496	0.180513	0.180062	0.172802	0.188362	0.170787	0.169288	0.220955	0.192549	0.206244	0.163349	0.144304	0.180338	0.168074	0.182282	0.168199	0.177784	0.194722	0.246611	0.207124	0.190076	0.153925	0.193941	0.184486	0.164019	0.15693	0.189578	0.199229	0.146687	0.173994	0.189758	0.1804	0.197913	0.187967	0.180395	0.17139	0.166027	0.161313	0.157408	0.175453	0.189637	0.178917	0.195145	0.19507	0.18575	0.205471	0.171353	0.176103	0.166104	0.154678	0.178405	0.190549	0.157371	0.20138	0.15475	0.171937	0.210791	0.162509	0.194071	0.163326	0.189161	0.178849	0.159049	0.156862	0.20156	0.173152	0.179598	0.211408	0.159383	0.248699	0.152503	0.189475	0.184598	0.189255	0.188458
S025	0.188787	0.204463	0.311585	0.211756	0.199307	0.217312	0.201329	0.196059	0.184991	0.206091	0.235698	0.196508	0.218887	0.212269	0.195223	0.176932	0.205351	0.205729	0.248727	0.193118	0.186643	0.187441	0.200473	0.181967	0	0.239867	0.192061	0.199138	0.199157	0.205472	0.19417	0.187921	0.235104	0.184184	0.220146	0.194137	0.178212	0.203763	0.194778	0.20962	0.180173	0.202069	0.215675	0.264045	0.220605	0.203852	0.175793	0.20931	0.196219	0.186305	0.172843	0.198289	0.216149	0.170616	0.197695	0.20229	0.205901	0.207059	0.208779	0.1914	0.202253	0.189181	0.182603	0.177672	0.186931	0.207133	0.189511	0.216456	0.214079	0.210993	0.224157	0.19494	0.198154	0.188765	0.182613	0.200028	0.208086	0.191129	0.208326	0.17537	0.184419	0.215661	0.178187	0.20563	0.182201	0.202638	0.202361	0.180177	0.184213	0.22281	0.199554	0.187827	0.215615	0.182854	0.262761	0.181132	0.210863	0.200065	0.207455	0.218012
S026	0.216554	0.249972	0.354063	0.244833	0.230007	0.247137	0.228894	0.229115	0.221124	0.237917	0.266642	0.236977	0.244494	0.22582	0.228807	0.231201	0.237375	0.240355	0.2523	0.218179	0.22193	0.232486	0.224061	0.206496	0.239867	0	0.237833	0.230617	0.237391	0.245604	0.234718	0.21913	0.272535	0.240699	0.220925	0.21422	0.215117	0.228274	0.232139	0.232376	0.22644	0.20726	0.252261	0.273232	0.245422	0.245042	0.212911	0.243542	0.228281	0.226254	0.217432	0.243796	0.249178	0.217465	0.230649	0.239391	0.237602	0.227045	0.241622	0.230119	0.234571	0.229676	0.229001	0.222936	0.224935	0.244171	0.236667	0.237943	0.24698	0.240782	0.258554	0.228494	0.222697	0.219705	0.2226	0.240347	0.238287	0.224859	0.25318	0.22329	0.237355	0.264095	0.207304	0.254116	0.198492	0.236459	0.239225	0.226848	0.222811	0.254411	0.232909	0.240327	0.259298	0.217453	0.29129	0.21934	0.244837	0.227691	0.241136	0.245634
S027	0.161966	0.206716	0.319622	0.211819	0.187382	0.213538	0.19754	0.195162	0.184508	0.206227	0.226812	0.193429	0.212719	0.209249	0.180798	0.184869	0.200819	0.198284	0.236937	0.191344	0.186899	0.199987	0.195009	0.180513	0.192061	0.237833	0	0.190324	0.190248	0.207369	0.189821	0.189868	0.225922	0.209	0.216942	0.189843	0.166543	0.187717	0.173907	0.206814	0.181294	0.19914	0.210216	0.255195	0.218792	0.207686	0.17779	0.211954	0.193079	0.184128	0.171781	0.199159	0.213243	0.171396	0.188916	0.199246	0.203809	0.208573	0.197633	0.190459	0.190345	0.190043	0.184242	0.168433	0.191815	0.209187	0.191279	0.214876	0.214336	0.203665	0.220655	0.183985	0.19331	0.18382	0.180436	0.19294	0.196138	0.188317	0.211531	0.175599	0.197161	0.21809	0.177477	0.210378	0.182552	0.205041	0.187841	0.181143	0.17656	0.214874	0.190643	0.185783	0.214412	0.180324	0.251736	0.178944	0.202363	0.201881	0.201135	0.21186
S028	0.177192	0.20948	0.326758	0.1945	0.193944	0.221233	0.197078	0.18422	0.18487	0.20496	0.221251	0.186267	0.220242	0.215549	0.172803	0.194535	0.20333	0.193721	0.2461	0.177575	0.180511	0.198894	0.190827	0.180062	0.199138	0.230617	0.190324	0	0.192816	0.208175	0.192854	0.192066	0.236309	0.202828	0.219572	0.190687	0.178392	0.195079	0.183352	0.208982	0.188603	0.197985	0.212554	0.25521	0.205559	0.205206	0.174142	0.212818	0.194603	0.180021	0.175393	0.206942	0.191799	0.168911	0.179229	0.189187	0.207722	0.212464	0.199654	0.194314	0.194936	0.1911	0.181073	0.159663	0.195631	0.203931	0.182859	0.21872	0.212129	0.207773	0.223918	0.187209	0.191567	0.182971	0.180225	0.204132	0.203927	0.183358	0.196962	0.159026	0.195923	0.222928	0.162919	0.214186	0.180076	0.207859	0.208641	0.181558	0.173158	0.209846	0.193692	0.176193	0.225665	0.175499	0.259558	0.182126	0.208766	0.200541	0.205463	0.203912
S029	0.183237	0.219192	0.327753	0.210894	0.200302	0.22487	0.190777	0.193231	0.175863	0.206915	0.231929	0.201919	0.210525	0.217737	0.192599	0.184535	0.204681	0.206649	0.250072	0.192977	0.181007	0.202434	0.190696	0.172802	0.199157	0.237391	0.190248	0.192816	0	0.206012	0.185423	0.195578	0.238473	0.209333	0.224186	0.186689	0.177417	0.184645	0.178671	0.206815	0.186226	0.202647	0.215539	0.264965	0.212466	0.203611	0.173734	0.208075	0.199209	0.183765	0.181949	0.204999	0.217917	0.16979	0.189219	0.186911	0.208497	0.211796	0.197086	0.191962	0.196984	0.194356	0.164768	0.185413	0.192953	0.197858	0.181964	0.22152	0.212951	0.208145	0.227247	0.184074	0.196872	0.182085	0.180756	0.197744	0.202498	0.1825	0.213017	0.183413	0.198808	0.228213	0.184977	0.219495	0.181684	0.204347	0.212091	0.182117	0.176677	0.217585	0.194001	0.20189	0.227067	0.17716	0.26191	0.181987	0.20643	0.20032	0.207885	0.213579
S030	0.200564	0.226101	0.334243	0.215971	0.213763	0.234295	0.211588	0.199148	0.192976	0.222957	0.243448	0.213327	0.228433	0.213477	0.203706	0.208387	0.219646	0.215102	0.25864	0.207315	0.188805	0.217613	0.20766	0.188362	0.205472	0.245604	0.207369	0.208175	0.206012	0	0.201635	0.211078	0.244061	0.217929	0.235453	0.20755	0.190177	0.216959	0.20522	0.217265	0.202267	0.2159	0.22729	0.268462	0.228139	0.222461	0.186957	0.220965	0.209609	0.196474	0.196276	0.210872	0.22637	0.182429	0.206187	0.211679	0.21963	0.229214	0.2187	0.20305	0.206904	0.205976	0.204065	0.191942	0.207658	0.217139	0.213704	0.229156	0.224592	0.225449	0.235737	0.200259	0.212766	0.202119	0.193573	0.211949	0.22392	0.197884	0.229661	0.195231	0.20484	0.240267	0.201706	0.214566	0.206939	0.222461	0.224882	0.195803	0.197624	0.232964	0.205073	0.213568	0.230923	0.194607	0.269408	0.192242	0.218847	0.17366	0.219175	0.224092
S031	0.1713	0.193495	0.305799	0.196501	0.193877	0.21488	0.197829	0.172347	0.177182	0.205787	0.229151	0.183433	0.211827	0.214298	0.189686	0.183034	0.200866	0.188687	0.238429	0.187247	0.177989	0.191458	0.184758	0.170787	0.19417	0.234718	0.189821	0.192854	0.185423	0.201635	0	0.188362	0.237049	0.186361	0.22494	0.185476	0.170838	0.18857	0.167273	0.20239	0.177252	0.193854	0.211109	0.259881	0.21606	0.201444	0.16918	0.206273	0.195412	0.18639	0.177739	0.205473	0.211892	0.165645	0.180966	0.193979	0.200337	0.197304	0.204309	0.198809	0.197681	0.171296	0.172953	0.168774	0.180427	0.208722	0.180941	0.206743	0.212162	0.202468	0.219464	0.173427	0.186188	0.182208	0.176051	0.204027	0.199314	0.171899	0.211363	0.177519	0.183538	0.221616	0.180947	0.207609	0.179239	0.199275	0.202061	0.172	0.176291	0.217011	0.191517	0.193798	0.224475	0.171731	0.255399	0.177074	0.201886	0.194599	0.201504	0.207748
S032	0.173166	0.196583	0.327191	0.209636	0.19188	0.216097	0.196081	0.192613	0.1738	0.193356	0.224633	0.198255	0.214181	0.209454	0.185833	0.184414	0.198536	0.200193	0.233469	0.17543	0.180114	0.180383	0.193445	0.169288	0.187921	0.21913	0.189868	0.192066	0.195578	0.211078	0.188362	0	0.234185	0.201282	0.19268	0.178035	0.166497	0.193974	0.169582	0.201475	0.174062	0.171406	0.213693	0.260148	0.212744	0.192958	0.178263	0.212948	0.18504	0.184502	0.152362	0.203681	0.21282	0.171687	0.189901	0.186193	0.203933	0.200637	0.197609	0.187922	0.191896	0.185182	0.181113	0.178957	0.192909	0.194273	0.184109	0.211637	0.209067	0.205882	0.201956	0.180563	0.192784	0.163265	0.180585	0.200789	0.193077	0.186832	0.207341	0.173293	0.190453	0.224491	0.180744	0.213439	0.178237	0.201239	0.201189	0.175449	0.171382	0.211353	0.18602	0.188427	0.192597	0.184171	0.257675	0.177451	0.197941	0.197319	0.200044	0.206933
S033	0.215583	0.248265	0.354569	0.250034	0.237305	0.247548	0.230726	0.23524	0.224796	0.243783	0.265204	0.237014	0.241589	0.231428	0.226112	0.231326	0.240381	0.240433	0.280164	0.231282	0.226698	0.234163	0.237128	0.220955	0.235104	0.272535	0.225922	0.236309	0.238473	0.244061	0.237049	0.234185	0	0.247464	0.247711	0.224695	0.220608	0.242411	0.231353	0.24234	0.22918	0.2374	0.24898	0.292637	0.255177	0.235669	0.227674	0.244233	0.237913	0.214746	0.218499	0.235913	0.239095	0.20759	0.231663	0.241586	0.235384	0.244118	0.244823	0.233225	0.228604	0.231622	0.228387	0.220424	0.236336	0.243598	0.238933	0.251205	0.253835	0.233333	0.25032	0.228725	0.233308	0.228526	0.225846	0.164627	0.245494	0.230592	0.235751	0.217476	0.234478	0.256316	0.223408	0.24946	0.22826	0.218051	0.247968	0.228222	0.222814	0.253695	0.221981	0.239529	0.220985	0.223169	0.286404	0.217802	0.238119	0.241141	0.238421	0.251386
S034	0.177629	0.22545	0.332404	0.219895	0.208854	0.211025	0.204505	0.195506	0.186912	0.211997	0.233304	0.201437	0.21386	0.225776	0.200586	0.196093	0.214662	0.215822	0.247475	0.194899	0.192175	0.21083	0.204055	0.192549	0.184184	0.240699	0.209	0.202828	0.209333	0.217929	0.186361	0.201282	0.247464	0	0.225031	0.192447	0.186877	0.21431	0.196933	0.206419	0.191586	0.208754	0.215535	0.266853	0.230146	0.215123	0.194259	0.217743	0.202048	0.194719	0.193844	0.209919	0.223347	0.181609	0.202389	0.212349	0.220688	0.215773	0.213841	0.195431	0.21235	0.200169	0.189485	0.184822	0.193978	0.214612	0.200055	0.226777	0.225249	0.21117	0.225011	0.202306	0.191515	0.194327	0.190982	0.217622	0.221954	0.197474	0.229907	0.188838	0.203748	0.229225	0.177048	0.217626	0.185116	0.219435	0.220206	0.1895	0.1955	0.231192	0.208252	0.211617	0.234509	0.191561	0.261437	0.194985	0.211013	0.212056	0.213944	0.221731
S035	0.206907	0.235325	0.344992	0.235961	0.206133	0.240472	0.220951	0.217558	0.210765	0.230907	0.246361	0.220992	0.243176	0.242837	0.214188	0.215592	0.225072	0.22783	0.238092	0.196625	0.205378	0.224337	0.223721	0.206244	0.220146	0.220925	0.216942	0.219572	0.224186	0.235453	0.22494	0.19268	0.247711	0.225031	0	0.210981	0.2091	0.21607	0.21938	0.229916	0.210108	0.176775	0.235199	0.284095	0.242997	0.234689	0.210722	0.237036	0.214517	0.207362	0.196718	0.227771	0.232332	0.201227	0.218582	0.223244	0.228864	0.202931	0.2283	0.210255	0.220409	0.219609	0.216784	0.206638	0.217133	0.226931	0.225612	0.240047	0.239168	0.232732	0.248281	0.216522	0.220203	0.191995	0.203613	0.22691	0.225106	0.211728	0.241955	0.199031	0.22471	0.247414	0.203326	0.241038	0.204175	0.214669	0.232741	0.205309	0.204093	0.24036	0.22125	0.216392	0.242716	0.210952	0.279095	0.211245	0.230814	0.229794	0.224148	0.238624
S036	0.16763	0.204346	0.324259	0.201466	0.187712	0.214899	0.192401	0.186314	0.168041	0.196461	0.230131	0.189721	0.215885	0.21194	0.17531	0.190165	0.199371	0.198568	0.24038	0.184239	0.178251	0.195818	0.184934	0.163349	0.194137	0.21422	0.189843	0.190687	0.186689	0.20755	0.185476	0.178035	0.224695	0.192447	0.210981	0	0.158076	0.198769	0.180749	0.199243	0.165669	0.188551	0.204552	0.254868	0.202305	0.190314	0.172402	0.179133	0.194677	0.176493	0.167021	0.199314	0.211249	0.164072	0.181209	0.180001	0.200678	0.210942	0.181508	0.187803	0.19062	0.191085	0.173951	0.18076	0.186731	0.199541	0.190055	0.204682	0.208949	0.192084	0.220452	0.1799	0.168956	0.177486	0.163902	0.194236	0.19131	0.176367	0.20908	0.162971	0.181972	0.219449	0.174179	0.211024	0.173525	0.185687	0.203284	0.177483	0.171039	0.203704	0.187901	0.196684	0.219076	0.175251	0.246004	0.171592	0.196577	0.192839	0.194147	0.208461
S037	0.151872	0.186268	0.305468	0.194021	0.177536	0.203084	0.183003	0.17741	0.163496	0.187264	0.213763	0.181577	0.19926	0.199982	0.159083	0.177047	0.183075	0.188574	0.220398	0.166569	0.157881	0.18256	0.179937	0.144304	0.178212	0.215117	0.166543	0.178392	0.177417	0.190177	0.170838	0.166497	0.220608	0.186877	0.2091	0.158076	0	0.177751	0.160391	0.189583	0.15802	0.178468	0.198796	0.245254	0.201955	0.189619	0.157076	0.184293	0.180034	0.16563	0.160498	0.191323	0.198183	0.14267	0.166974	0.186707	0.191053	0.187265	0.182489	0.174695	0.175844	0.172156	0.149595	0.160938	0.179463	0.188413	0.180179	0.200098	0.197332	0.193687	0.179188	0.168518	0.181352	0.167589	0.154618	0.185345	0.182634	0.16517	0.20245	0.145097	0.164918	0.211961	0.162758	0.185977	0.156065	0.173953	0.18581	0.163167	0.145915	0.207711	0.180791	0.184738	0.210225	0.16002	0.242788	0.14861	0.187518	0.174331	0.191103	0.192236
S038	0.19215	0.218363	0.332665	0.211769	0.200694	0.221336	0.197252	0.20224	0.18948	0.209356	0.23396	0.199539	0.207843	0.217627	0.189865	0.195747	0.205058	0.210844	0.238611	0.186823	0.176424	0.207338	0.204009	0.180338	0.203763	0.228274	0.187717	0.195079	0.184645	0.216959	0.18857	0.193974	0.242411	0.21431	0.21607	0.198769	0.177751	0	0.181966	0.200359	0.185742	0.188868	0.218103	0.268196	0.226453	0.21164	0.191203	0.220604	0.201407	0.191551	0.182315	0.205977	0.217093	0.173938	0.201729	0.195643	0.20028	0.211481	0.205262	0.19403	0.201941	0.196916	0.16861	0.19001	0.202439	0.21298	0.177114	0.221796	0.218636	0.214757	0.225477	0.198242	0.201274	0.18605	0.184734	0.205862	0.200661	0.196129	0.223102	0.187457	0.198882	0.229238	0.166653	0.219161	0.183863	0.212167	0.201526	0.187932	0.175107	0.217756	0.201754	0.201164	0.227367	0.174588	0.26189	0.185093	0.212067	0.196019	0.200816	0.212367
S039	0.164797	0.192059	0.318123	0.188398	0.189099	0.215824	0.192044	0.186148	0.174647	0.206204	0.220742	0.188962	0.206967	0.200894	0.182308	0.185324	0.19635	0.1997	0.241487	0.184734	0.178047	0.177451	0.183736	0.168074	0.194778	0.232139	0.173907	0.183352	0.178671	0.20522	0.167273	0.169582	0.231353	0.196933	0.21938	0.180749	0.160391	0.181966	0	0.203449	0.161627	0.188318	0.209563	0.255356	0.210183	0.20099	0.172793	0.20728	0.187021	0.18033	0.169242	0.199732	0.178757	0.164629	0.189994	0.188155	0.199963	0.200834	0.184399	0.188303	0.195899	0.18047	0.165786	0.172	0.194419	0.199953	0.177879	0.208691	0.207526	0.203622	0.192448	0.171079	0.186528	0.178474	0.163228	0.200672	0.205012	0.181152	0.211755	0.166016	0.186667	0.223249	0.169982	0.207549	0.179276	0.196929	0.203258	0.176889	0.142522	0.208525	0.174629	0.193441	0.220812	0.170459	0.249207	0.17667	0.191402	0.192262	0.192498	0.205634
S040	0.189125	0.21747	0.334792	0.218865	0.195885	0.222262	0.204119	0.205109	0.186797	0.215609	0.233038	0.199586	0.219337	0.21576	0.198769	0.197446	0.203439	0.214043	0.246596	0.190039	0.183868	0.209637	0.209131	0.182282	0.20962	0.232376	0.206814	0.208982	0.206815	0.217265	0.20239	0.201475	0.24234	0.206419	0.229916	0.199243	0.189583	0.200359	0.203449	0	0.184647	0.200841	0.218333	0.260772	0.230114	0.220316	0.191767	0.222432	0.20523	0.188716	0.18296	0.215641	0.218338	0.181518	0.203456	0.211607	0.185806	0.218132	0.209308	0.194868	0.206598	0.196279	0.195592	0.177695	0.208073	0.217981	0.204274	0.216704	0.226633	0.209859	0.23022	0.192033	0.178277	0.186651	0.194012	0.210325	0.215964	0.201773	0.226662	0.18627	0.194621	0.228435	0.191498	0.217513	0.187981	0.214849	0.217749	0.185769	0.191351	0.220625	0.2109	0.209373	0.233397	0.193596	0.263185	0.176328	0.215388	0.204815	0.204195	0.196024
S041	0.170277	0.1882	0.316831	0.197613	0.182686	0.201242	0.189883	0.17579	0.172559	0.188598	0.212652	0.187363	0.201425	0.205859	0.175879	0.179544	0.189815	0.193426	0.234356	0.17451	0.175829	0.187483	0.17971	0.168199	0.180173	0.22644	0.181294	0.188603	0.186226	0.202267	0.177252	0.174062	0.22918	0.191586	0.210108	0.165669	0.15802	0.185742	0.161627	0.184647	0	0.187229	0.2065	0.243609	0.213205	0.196067	0.174676	0.179276	0.190162	0.17156	0.165387	0.196975	0.185283	0.155567	0.173267	0.193641	0.197296	0.20435	0.188011	0.181125	0.186689	0.169903	0.165755	0.171904	0.180665	0.192494	0.177769	0.198702	0.206859	0.199989	0.209162	0.17863	0.181613	0.171317	0.164667	0.198233	0.17898	0.182324	0.202344	0.155347	0.179958	0.217408	0.173035	0.193214	0.1709	0.186333	0.197104	0.163947	0.153483	0.207029	0.185625	0.187828	0.213465	0.174157	0.246207	0.157338	0.19111	0.186991	0.185588	0.191973
S042	0.182676	0.211931	0.332206	0.200362	0.191918	0.21891	0.200598	0.201874	0.184782	0.209965	0.236803	0.193887	0.224763	0.216657	0.192665	0.196797	0.206404	0.201248	0.2258	0.182425	0.18058	0.205037	0.19931	0.177784	0.202069	0.20726	0.19914	0.197985	0.202647	0.2159	0.193854	0.171406	0.2374	0.208754	0.176775	0.188551	0.178468	0.188868	0.188318	0.200841	0.187229	0	0.209551	0.266115	0.225616	0.214117	0.188684	0.218724	0.202273	0.184107	0.175836	0.204921	0.217895	0.177475	0.20061	0.200131	0.189562	0.195683	0.211759	0.191959	0.199075	0.190953	0.19323	0.183155	0.203871	0.202518	0.196481	0.215696	0.214026	0.208508	0.219377	0.18931	0.202091	0.17761	0.180625	0.201193	0.202757	0.188584	0.221352	0.181929	0.200763	0.231875	0.185267	0.218889	0.183124	0.20035	0.206025	0.183453	0.177874	0.224016	0.198739	0.201683	0.223081	0.188988	0.259976	0.185394	0.20972	0.193484	0.208042	0.21788
S043	0.201844	0.229623	0.340258	0.226684	0.211866	0.235269	0.204091	0.212979	0.20149	0.221005	0.237659	0.190524	0.237909	0.23328	0.204559	0.183619	0.220434	0.223365	0.256572	0.204636	0.20024	0.219735	0.216289	0.194722	0.215675	0.252261	0.210216	0.212554	0.215539	0.22729	0.211109	0.213693	0.24898	0.215535	0.235199	0.204552	0.198796	0.218103	0.209563	0.218333	0.2065	0.209551	0	0.271787	0.235612	0.228449	0.200424	0.231676	0.218035	0.204436	0.197571	0.22547	0.232148	0.195912	0.21054	0.217053	0.199639	0.229918	0.216172	0.194133	0.215855	0.205774	0.205984	0.190929	0.216955	0.220015	0.219258	0.223222	0.227511	0.215713	0.237442	0.194605	0.210461	0.199784	0.194363	0.221526	0.225872	0.208078	0.231236	0.197285	0.21233	0.241345	0.205651	0.226561	0.203796	0.224984	0.222925	0.195144	0.199543	0.230206	0.215789	0.220933	0.240638	0.200223	0.26909	0.193335	0.221752	0.220899	0.221569	0.230562
S044	0.253366	0.266067	0.370729	0.244487	0.260674	0.275571	0.262444	0.258495	0.244272	0.251884	0.284822	0.257831	0.28311	0.269855	0.252613	0.255519	0.263949	0.256893	0.299939	0.225088	0.247416	0.24941	0.238012	0.246611	0.264045	0.273232	0.255195	0.25521	0.264965	0.268462	0.259881	0.260148	0.292637	0.266853	0.284095	0.254868	0.245254	0.268196	0.255356	0.260772	0.243609	0.266115	0.271787	0	0.279332	0.270877	0.247023	0.245307	0.260927	0.249732	0.248577	0.258202	0.270818	0.240449	0.252843	0.255487	0.258372	0.272405	0.263613	0.258388	0.25768	0.252563	0.254431	0.250912	0.257408	0.272456	0.251024	0.272212	0.272132	0.27243	0.284582	0.254848	0.2636	0.254271	0.247633	0.269951	0.270239	0.253391	0.275863	0.246518	0.255451	0.281042	0.251995	0.271364	0.220353	0.262119	0.271471	0.244424	0.246356	0.260159	0.260859	0.267299	0.283513	0.242102	0.31008	0.242708	0.261624	0.266231	0.251873	0.271974
