	S001	S002	S003	S004	S005	S006	S007	S008	S009	S010	S011	S012	S013	S014	S015	S016	S017	S018	S019	S020	S021	S022	S023	S024	S025	S026	S027	S028	S029	S030	S031	S032	S033	S034	S035	S036	S037	S038	S039	S040	S041	S042	S043	S044	S045	S046	S047	S048	S049	S050	S051	S052	S053	S054	S055	S056	S057	S058	S059	S060	S061	S062	S063	S064	S065	S066	S067	S068	S069	S070	S071	S072	S073	S074	S075	S076	S077	S078	S079	S080	S081	S082	S083	S084	S085	S086	S087	S088	S089	S090	S091	S092	S093	S094	S095	S096	S097	S098	S099	S100
S001	0	0.176585	0.184063	0.195107	0.189676	0.182218	0.182029	0.188054	0.19769	0.186075	0.186194	0.181823	0.169412	0.179204	0.184071	0.179154	0.177487	0.269463	0.183809	0.189164	0.191298	0.175298	0.18018	0.196846	0.204597	0.178029	0.19039	0.204584	0.180197	0.18532	0.189848	0.184487	0.180257	0.176724	0.199377	0.181472	0.187555	0.194103	0.207692	0.203201	0.1955	0.183949	0.229639	0.187949	0.178949	0.186279	0.194189	0.19604	0.174326	0.184506	0.177809	0.175681	0.170244	0.198304	0.16832	0.192222	0.191256	0.199298	0.180827	0.182142	0.185465	0.175748	0.173576	0.176349	0.189126	0.175593	0.183086	0.200879	0.201626	0.193073	0.184909	0.189221	0.201378	0.174119	0.176433	0.249681	0.185362	0.185997	0.184367	0.181977	0.22985	0.181709	0.18183	0.185085	0.191774	0.196297	0.17123	0.180251	0.184797	0.180945	0.195389	0.182487	0.185408	0.171646	0.185275	0.170122	0.260559	0.193051	0.191674	0.184985
S002	0.176585	0	0.13683	0.151392	0.153448	0.140664	0.137857	0.14864	0.151934	0.137576	0.135262	0.134718	0.135733	0.131968	0.136283	0.141634	0.151719	0.23626	0.135899	0.148217	0.14931	0.144141	0.139359	0.150044	0.162111	0.140095	0.143666	0.166387	0.13497	0.135723	0.143315	0.139767	0.132817	0.133276	0.158556	0.141687	0.136646	0.147744	0.163367	0.155083	0.163391	0.132599	0.19122	0.16278	0.126936	0.151056	0.144991	0.149161	0.135385	0.135964	0.140301	0.122413	0.125787	0.1511	0.15194	0.14962	0.134717	0.138939	0.133248	0.145124	0.13963	0.134086	0.146474	0.139593	0.138037	0.134281	0.143499	0.158387	0.155299	0.14825	0.132139	0.148919	0.159056	0.128386	0.130481	0.216008	0.133451	0.133913	0.136568	0.141525	0.189392	0.14511	0.136981	0.135965	0.164761	0.159139	0.142725	0.13505	0.137142	0.149389	0.150312	0.136046	0.153486	0.134547	0.14171	0.128937	0.230026	0.152736	0.139115	0.144334
S003	0.184063	0.13683	0	0.173163	0.161875	0.151441	0.147061	0.163759	0.164284	0.15824	0.153168	0.146827	0.147622	0.148917	0.149836	0.149972	0.16341	0.253763	0.151965	0.163763	0.163327	0.163164	0.152622	0.166149	0.176804	0.150175	0.157434	0.182735	0.148728	0.15032	0.152703	0.155817	0.144784	0.151048	0.17479	0.158821	0.15291	0.165686	0.17515	0.169526	0.173695	0.147064	0.199651	0.175877	0.151582	0.144456	0.165206	0.168189	0.147771	0.150049	0.153449	0.136074	0.145002	0.160671	0.155817	0.156403	0.160807	0.165555	0.145531	0.155337	0.150551	0.150071	0.151438	0.154632	0.154256	0.145004	0.15743	0.169754	0.163956	0.163738	0.144474	0.151121	0.174204	0.143831	0.149091	0.22854	0.148292	0.144144	0.149617	0.140126	0.195815	0.152057	0.152675	0.156178	0.177383	0.166166	0.158712	0.150621	0.151887	0.164541	0.168484	0.152176	0.165869	0.154081	0.163191	0.144614	0.238225	0.155028	0.157297	0.153877
S004	0.195107	0.151392	0.173163	0	0.182595	0.175186	0.173142	0.177784	0.181252	0.17116	0.170859	0.166904	0.161233	0.167446	0.167023	0.165974	0.169172	0.262503	0.162982	0.174849	0.181322	0.17024	0.168334	0.182538	0.193084	0.160059	0.17083	0.191856	0.161409	0.172368	0.16451	0.17213	0.163471	0.164242	0.184333	0.174559	0.172326	0.178529	0.195515	0.189424	0.189781	0.160623	0.213146	0.193926	0.161374	0.177033	0.170917	0.162243	0.162503	0.160589	0.172272	0.155955	0.153679	0.179886	0.17801	0.179567	0.170614	0.180675	0.162775	0.174824	0.170112	0.166893	0.172519	0.161513	0.175931	0.170301	0.167778	0.181937	0.180912	0.175737	0.169679	0.177183	0.183641	0.157959	0.161143	0.24347	0.165847	0.16967	0.17022	0.167919	0.207895	0.17563	0.167609	0.171441	0.186882	0.180237	0.175912	0.168808	0.160313	0.179893	0.180766	0.168279	0.18437	0.166313	0.173962	0.1641	0.247055	0.18058	0.164773	0.175921
S005	0.189676	0.153448	0.161875	0.182595	0	0.158019	0.158964	0.171406	0.171497	0.157426	0.164381	0.161511	0.15232	0.15058	0.159343	0.159063	0.154307	0.257407	0.168932	0.170629	0.175774	0.173282	0.162686	0.161917	0.186411	0.155995	0.169588	0.187361	0.154494	0.157855	0.161414	0.15836	0.154613	0.16385	0.16173	0.173008	0.164753	0.174345	0.184311	0.178793	0.187332	0.157437	0.212566	0.159489	0.159219	0.172145	0.171867	0.15961	0.146726	0.155855	0.168618	0.156834	0.157077	0.180225	0.172163	0.171257	0.171968	0.175765	0.149601	0.168812	0.166395	0.153833	0.164775	0.160756	0.169695	0.163201	0.167346	0.179102	0.178029	0.159754	0.157786	0.173945	0.186263	0.151828	0.157484	0.232596	0.158524	0.164065	0.154788	0.162843	0.21254	0.172219	0.169004	0.16472	0.17871	0.162518	0.167679	0.150235	0.160446	0.176769	0.177019	0.166305	0.176196	0.153071	0.173918	0.158165	0.242712	0.173655	0.165305	0.155636
S006	0.182218	0.140664	0.151441	0.175186	0.158019	0	0.148549	0.156485	0.166452	0.15031	0.160186	0.14319	0.14186	0.146233	0.150661	0.153409	0.157731	0.242955	0.153228	0.162214	0.158435	0.159996	0.14462	0.161843	0.174774	0.152072	0.157452	0.177982	0.152993	0.147363	0.14385	0.148752	0.135376	0.142162	0.169771	0.153632	0.15517	0.149255	0.168239	0.160997	0.167548	0.145811	0.202264	0.174904	0.140311	0.159149	0.158603	0.16908	0.149167	0.14627	0.147219	0.134665	0.137021	0.165951	0.148452	0.163931	0.152731	0.16405	0.145328	0.159036	0.153963	0.144318	0.153594	0.15334	0.159363	0.157659	0.158367	0.167035	0.169625	0.150905	0.14193	0.15944	0.165897	0.139071	0.143415	0.227623	0.149156	0.150719	0.152192	0.151263	0.189156	0.155401	0.142717	0.152606	0.165759	0.152739	0.156554	0.145319	0.148257	0.152895	0.162293	0.155747	0.156845	0.152281	0.15919	0.148313	0.235605	0.161879	0.151325	0.153047
S007	0.182029	0.137857	0.147061	0.173142	0.158964	0.148549	0	0.16011	0.16346	0.151849	0.134691	0.139505	0.141271	0.141519	0.14795	0.145472	0.154448	0.248542	0.145693	0.156751	0.157874	0.154853	0.144853	0.158614	0.165291	0.14418	0.152892	0.1714	0.14655	0.145018	0.150986	0.15076	0.144147	0.150283	0.158271	0.148388	0.153669	0.157183	0.174265	0.164862	0.174272	0.143916	0.203847	0.164112	0.1377	0.152869	0.156702	0.163086	0.143905	0.151456	0.150202	0.136269	0.139016	0.16255	0.159432	0.158829	0.15338	0.16152	0.137823	0.149397	0.143988	0.141294	0.159924	0.151309	0.152265	0.150872	0.142752	0.167736	0.160827	0.156283	0.145491	0.146133	0.173578	0.141672	0.145771	0.226479	0.13663	0.147062	0.145658	0.148324	0.203988	0.149398	0.150924	0.15421	0.174437	0.15192	0.152253	0.127251	0.147858	0.14422	0.155639	0.148976	0.164409	0.137216	0.157656	0.143555	0.233813	0.164894	0.146987	0.154576
S008	0.188054	0.14864	0.163759	0.177784	0.171406	0.156485	0.16011	0	0.178893	0.160347	0.165777	0.160675	0.1616	0.157856	0.158792	0.15906	0.172874	0.253792	0.1599	0.164795	0.173665	0.170465	0.163849	0.170809	0.186034	0.16392	0.165698	0.190975	0.160706	0.162318	0.162083	0.160384	0.155436	0.161917	0.182447	0.168139	0.165985	0.166085	0.182026	0.17952	0.191855	0.157282	0.211025	0.184653	0.156549	0.169659	0.131449	0.168889	0.156304	0.163211	0.166185	0.147811	0.14777	0.17652	0.166207	0.167537	0.17121	0.161335	0.158713	0.170265	0.160784	0.161142	0.169171	0.168521	0.170862	0.157588	0.167114	0.18358	0.168766	0.16815	0.161976	0.162294	0.180533	0.150181	0.153714	0.232261	0.160829	0.162026	0.16187	0.15888	0.203426	0.16594	0.162577	0.159791	0.16503	0.167967	0.16754	0.159774	0.161403	0.170169	0.172044	0.166139	0.174371	0.158775	0.171552	0.158481	0.245429	0.17006	0.166653	0.168612
S009	0.19769	0.151934	0.164284	0.181252	0.171497	0.166452	0.16346	0.178893	0	0.155633	0.167953	0.160752	0.164479	0.162507	0.15416	0.160334	0.168362	0.256982	0.158768	0.170594	0.175698	0.17272	0.154086	0.175913	0.187116	0.164886	0.164696	0.195926	0.152392	0.163408	0.166412	0.165336	0.160732	0.167292	0.172713	0.170899	0.166297	0.173084	0.19323	0.181908	0.184154	0.159001	0.216963	0.183829	0.162193	0.170623	0.176839	0.169601	0.158133	0.153669	0.167815	0.151096	0.153378	0.178702	0.17559	0.175225	0.165176	0.176647	0.15792	0.170845	0.161339	0.155768	0.163868	0.156519	0.170106	0.152772	0.163702	0.179766	0.175366	0.174434	0.160542	0.168879	0.18304	0.155459	0.155081	0.236821	0.162871	0.166385	0.159488	0.160582	0.211798	0.173117	0.167018	0.165935	0.184108	0.178921	0.171304	0.162365	0.160023	0.172359	0.177735	0.165355	0.178715	0.161314	0.172944	0.158591	0.243967	0.174196	0.155542	0.167865
S010	0.186075	0.137576	0.15824	0.17116	0.157426	0.15031	0.151849	0.160347	0.155633	0	0.155768	0.142311	0.14546	0.148537	0.147975	0.152401	0.16206	0.248995	0.149623	0.157724	0.167248	0.158446	0.1446	0.162995	0.176692	0.149849	0.154743	0.177694	0.148919	0.153922	0.15072	0.147831	0.142819	0.147162	0.163096	0.159535	0.157117	0.156765	0.180213	0.165039	0.176963	0.143342	0.201869	0.177042	0.145171	0.157107	0.159022	0.168267	0.147149	0.147557	0.153341	0.136538	0.139698	0.166279	0.162788	0.164091	0.16136	0.16279	0.145557	0.15968	0.153596	0.151658	0.16024	0.151355	0.15297	0.150846	0.158741	0.172025	0.16512	0.149784	0.150922	0.160545	0.168419	0.14584	0.148194	0.226681	0.147092	0.146167	0.152521	0.152369	0.205108	0.160198	0.155854	0.156977	0.149174	0.157415	0.153654	0.149271	0.154747	0.163774	0.164991	0.15127	0.156491	0.151735	0.164117	0.147909	0.235886	0.166853	0.15603	0.156341
S011	0.186194	0.135262	0.153168	0.170859	0.164381	0.160186	0.134691	0.165777	0.167953	0.155768	0	0.150166	0.137605	0.147129	0.145313	0.149808	0.1599	0.243151	0.139971	0.15975	0.155761	0.164992	0.155608	0.161037	0.159671	0.147114	0.156735	0.177619	0.152097	0.147569	0.156723	0.154572	0.140093	0.153971	0.167526	0.158989	0.148953	0.164392	0.179945	0.162512	0.180169	0.147482	0.207923	0.168412	0.151009	0.161501	0.153769	0.165966	0.151641	0.149185	0.1549	0.136639	0.145375	0.162541	0.164834	0.156158	0.158857	0.166165	0.144144	0.149268	0.152521	0.149015	0.157369	0.153506	0.162477	0.152937	0.14848	0.178692	0.153334	0.154156	0.150787	0.154842	0.174292	0.13826	0.14901	0.222388	0.156521	0.148647	0.152939	0.156038	0.204601	0.154609	0.1545	0.155496	0.175987	0.167251	0.154185	0.14625	0.150512	0.142583	0.164286	0.136454	0.162551	0.148647	0.155822	0.151023	0.234734	0.167083	0.155129	0.159617
S012	0.181823	0.134718	0.146827	0.166904	0.161511	0.14319	0.139505	0.160675	0.160752	0.142311	0.150166	0	0.140548	0.142729	0.140947	0.14906	0.151046	0.246971	0.144603	0.153127	0.161155	0.148888	0.128518	0.158704	0.172694	0.14016	0.149631	0.174475	0.144081	0.140174	0.143542	0.148377	0.133408	0.1434	0.167039	0.151955	0.143393	0.154585	0.17521	0.162623	0.167079	0.141841	0.198947	0.17125	0.13695	0.148211	0.155927	0.160659	0.140435	0.143084	0.150087	0.128738	0.137218	0.157229	0.152704	0.15838	0.157122	0.154602	0.140797	0.149675	0.150692	0.143437	0.152641	0.147731	0.146775	0.152857	0.153489	0.167127	0.164811	0.154486	0.144355	0.149505	0.169251	0.132298	0.139484	0.219377	0.143871	0.141146	0.143489	0.139263	0.197977	0.152201	0.142337	0.147994	0.172367	0.155086	0.147765	0.141647	0.147498	0.160095	0.154646	0.145055	0.154898	0.142194	0.148131	0.137854	0.234058	0.157273	0.143711	0.14555
S013	0.169412	0.135733	0.147622	0.161233	0.15232	0.14186	0.141271	0.1616	0.164479	0.14546	0.137605	0.140548	0	0.136385	0.143401	0.146476	0.146776	0.249308	0.142792	0.156915	0.157515	0.160322	0.146569	0.156146	0.172093	0.142957	0.150258	0.176782	0.147554	0.141032	0.146033	0.14753	0.13829	0.134569	0.154069	0.148987	0.142173	0.159201	0.171887	0.167359	0.167556	0.143976	0.197704	0.167115	0.143094	0.152756	0.156067	0.155989	0.142685	0.137887	0.151998	0.136935	0.136555	0.161396	0.15594	0.156356	0.156408	0.162376	0.141456	0.149075	0.150861	0.142041	0.13507	0.148764	0.152672	0.143048	0.149671	0.167487	0.146219	0.152073	0.142446	0.154786	0.168018	0.135879	0.142054	0.226046	0.143985	0.145013	0.146373	0.147257	0.19688	0.147796	0.146526	0.150707	0.158417	0.154346	0.148455	0.137791	0.148072	0.146061	0.158065	0.140943	0.148163	0.13939	0.151162	0.142281	0.229557	0.160476	0.145725	0.149895
S014	0.179204	0.131968	0.148917	0.167446	0.15058	0.146233	0.141519	0.157856	0.162507	0.148537	0.147129	0.142729	0.136385	0	0.145725	0.143381	0.155047	0.249588	0.147501	0.156834	0.161158	0.155204	0.148833	0.154158	0.173659	0.144749	0.143402	0.175079	0.146164	0.145217	0.146877	0.147761	0.138284	0.142901	0.157076	0.152364	0.149059	0.161575	0.170436	0.162339	0.168606	0.141101	0.198723	0.169538	0.141994	0.158469	0.160047	0.159202	0.146249	0.141695	0.155774	0.134637	0.137923	0.161985	0.157681	0.160026	0.15323	0.15676	0.136569	0.151935	0.146574	0.140158	0.145617	0.154241	0.154008	0.13861	0.15029	0.166126	0.16112	0.156092	0.1459	0.151113	0.16905	0.139234	0.142174	0.227538	0.147765	0.146701	0.142843	0.148552	0.195649	0.141891	0.147711	0.144594	0.171921	0.151735	0.146707	0.133614	0.146186	0.153334	0.143492	0.14771	0.152347	0.145356	0.149931	0.142989	0.225802	0.157624	0.153635	0.155393
S015	0.184071	0.136283	0.149836	0.167023	0.159343	0.150661	0.14795	0.158792	0.15416	0.147975	0.145313	0.140947	0.143401	0.145725	0	0.137686	0.159943	0.238243	0.14072	0.146364	0.162178	0.151462	0.136771	0.157098	0.176673	0.145877	0.154976	0.174998	0.136031	0.137201	0.148933	0.1505	0.13646	0.144779	0.157558	0.159531	0.152267	0.160693	0.176303	0.166987	0.177032	0.134675	0.204175	0.171178	0.13978	0.144706	0.162012	0.162417	0.14186	0.144534	0.144604	0.130866	0.138364	0.157823	0.157374	0.15494	0.15432	0.162857	0.139973	0.150041	0.149275	0.146086	0.14601	0.149857	0.157189	0.152557	0.147792	0.162967	0.157598	0.157782	0.136852	0.149854	0.158062	0.130634	0.126873	0.222913	0.147371	0.145058	0.149814	0.148419	0.20044	0.156684	0.143956	0.153012	0.166396	0.162545	0.156027	0.133278	0.140585	0.156298	0.160316	0.139163	0.152585	0.147835	0.155165	0.139212	0.226723	0.155904	0.14485	0.15098
S016	0.179154	0.141634	0.149972	0.165974	0.159063	0.153409	0.145472	0.15906	0.160334	0.152401	0.149808	0.14906	0.146476	0.143381	0.137686	0	0.157503	0.249472	0.150775	0.154092	0.160898	0.161144	0.146392	0.149564	0.175359	0.147985	0.155075	0.17504	0.133096	0.141897	0.146822	0.153953	0.135703	0.144321	0.168943	0.154448	0.143896	0.163159	0.171015	0.169932	0.168316	0.142467	0.205306	0.168133	0.141962	0.155849	0.16008	0.158568	0.143335	0.14873	0.145829	0.140983	0.145418	0.166324	0.158523	0.165972	0.157768	0.165373	0.150871	0.140267	0.153533	0.149033	0.155217	0.156841	0.155044	0.148539	0.143646	0.159673	0.166755	0.160423	0.145253	0.149739	0.16785	0.135882	0.129721	0.228685	0.147982	0.14844	0.147738	0.147655	0.200843	0.154573	0.143009	0.15273	0.170207	0.159724	0.147874	0.146651	0.143433	0.160627	0.164061	0.150008	0.162812	0.142271	0.157821	0.146605	0.235844	0.162643	0.149646	0.154019
S017	0.177487	0.151719	0.16341	0.169172	0.154307	0.157731	0.154448	0.172874	0.168362	0.16206	0.1599	0.151046	0.146776	0.155047	0.159943	0.157503	0	0.252987	0.157335	0.168713	0.169572	0.167464	0.153518	0.170995	0.179581	0.156516	0.16816	0.168587	0.15847	0.157375	0.154846	0.157743	0.149721	0.152449	0.175069	0.169781	0.157797	0.170436	0.177177	0.174642	0.175844	0.153151	0.207615	0.14117	0.15883	0.166722	0.173083	0.163906	0.149774	0.153624	0.166159	0.147236	0.145869	0.174848	0.173228	0.167775	0.162311	0.172096	0.15565	0.160254	0.163406	0.141138	0.156407	0.147116	0.161051	0.154023	0.160029	0.180933	0.168969	0.167986	0.15982	0.161415	0.18047	0.145453	0.144983	0.221934	0.161918	0.161309	0.158902	0.157924	0.207692	0.16004	0.162064	0.155317	0.180895	0.16844	0.163337	0.147347	0.159218	0.168297	0.172105	0.159413	0.169836	0.146136	0.168827	0.153043	0.234863	0.169753	0.160739	0.153543
S018	0.269463	0.23626	0.253763	0.262503	0.257407	0.242955	0.248542	0.253792	0.256982	0.248995	0.243151	0.246971	0.249308	0.249588	0.238243	0.249472	0.252987	0	0.249878	0.255257	0.252759	0.249244	0.24648	0.25347	0.267479	0.218292	0.255446	0.268946	0.249255	0.243884	0.247196	0.249069	0.239318	0.24796	0.261833	0.251188	0.249511	0.254067	0.268452	0.242216	0.265233	0.246991	0.282743	0.263664	0.242872	0.239458	0.2542	0.250515	0.23641	0.244196	0.253691	0.243985	0.237839	0.23802	0.253164	0.258235	0.244317	0.256503	0.238256	0.254862	0.248158	0.230311	0.2488	0.251993	0.252687	0.25133	0.252614	0.259327	0.254537	0.223762	0.247416	0.2516	0.258064	0.242336	0.238132	0.295193	0.248773	0.24313	0.250671	0.24961	0.282383	0.251839	0.251827	0.246409	0.265085	0.255854	0.25499	0.249143	0.249825	0.244742	0.244301	0.244406	0.258441	0.246718	0.249652	0.238904	0.293554	0.255243	0.248959	0.25167
S019	0.183809	0.135899	0.151965	0.162982	0.168932	0.153228	0.145693	0.1599	0.158768	0.149623	0.139971	0.144603	0.142792	0.147501	0.14072	0.150775	0.157335	0.249878	0	0.151425	0.159728	0.15945	0.15067	0.164209	0.168205	0.145358	0.149398	0.162029	0.147175	0.139066	0.149201	0.147257	0.135229	0.146179	0.169256	0.153542	0.147033	0.158344	0.178141	0.16135	0.174296	0.14676	0.203262	0.172887	0.146644	0.156626	0.154902	0.158348	0.148507	0.143852	0.150386	0.131322	0.133303	0.164368	0.15759	0.153182	0.158949	0.159447	0.135787	0.144318	0.150297	0.142641	0.155994	0.157174	0.154318	0.153587	0.142252	0.166519	0.164753	0.162599	0.138332	0.156018	0.17123	0.135996	0.142054	0.230959	0.133329	0.149657	0.147395	0.150791	0.199238	0.148372	0.148706	0.155142	0.176005	0.165573	0.145222	0.146911	0.142517	0.161683	0.161808	0.134492	0.165868	0.143945	0.159924	0.148207	0.236295	0.156494	0.148869	0.156518
S020	0.189164	0.148217	0.163763	0.174849	0.170629	0.162214	0.156751	0.164795	0.170594	0.157724	0.15975	0.153127	0.156915	0.156834	0.146364	0.154092	0.168713	0.255257	0.151425	0	0.175835	0.170495	0.160426	0.172395	0.180354	0.156996	0.157556	0.177534	0.15406	0.154748	0.156948	0.1596	0.147236	0.159974	0.172074	0.163019	0.162049	0.172475	0.185174	0.175953	0.182039	0.151738	0.211364	0.181598	0.154484	0.168045	0.170311	0.169393	0.149647	0.160163	0.158458	0.137744	0.148678	0.173022	0.170788	0.168947	0.170207	0.169909	0.14939	0.155801	0.152777	0.156055	0.161818	0.166936	0.161117	0.163267	0.158449	0.181967	0.171599	0.169229	0.153068	0.155921	0.17886	0.149601	0.156625	0.227103	0.145379	0.151789	0.152272	0.154233	0.209049	0.157895	0.161982	0.157531	0.175732	0.174405	0.161353	0.153909	0.159614	0.163974	0.172537	0.150567	0.168108	0.153587	0.161489	0.150714	0.240455	0.176343	0.163366	0.165825
S021	0.191298	0.14931	0.163327	0.181322	0.175774	0.158435	0.157874	0.173665	0.175698	0.167248	0.155761	0.161155	0.157515	0.161158	0.162178	0.160898	0.169572	0.252759	0.159728	0.175835	0	0.170914	0.162903	0.174717	0.186704	0.153374	0.158743	0.171601	0.15835	0.161899	0.160469	0.165252	0.159255	0.153895	0.181322	0.167118	0.157015	0.173987	0.176125	0.179593	0.188352	0.160768	0.195135	0.172647	0.157646	0.173254	0.162519	0.176345	0.162368	0.155702	0.168158	0.152777	0.149221	0.173813	0.172931	0.168804	0.169042	0.166834	0.161905	0.163977	0.162072	0.156856	0.170345	0.15096	0.170916	0.165905	0.161414	0.179756	0.173047	0.161076	0.160557	0.169806	0.178966	0.14673	0.15178	0.235598	0.158652	0.16147	0.154264	0.1618	0.211577	0.165258	0.166413	0.16736	0.187721	0.174048	0.161696	0.158761	0.160543	0.156955	0.173651	0.161799	0.172866	0.156253	0.160426	0.153295	0.238531	0.168066	0.161834	0.165909
S022	0.175298	0.144141	0.163164	0.17024	0.173282	0.159996	0.154853	0.170465	0.17272	0.158446	0.164992	0.148888	0.160322	0.155204	0.151462	0.161144	0.167464	0.249244	0.15945	0.170495	0.170914	0	0.146623	0.171875	0.184709	0.144669	0.164271	0.188547	0.156655	0.151089	0.151274	0.164465	0.151771	0.14983	0.164559	0.160694	0.157823	0.169251	0.187545	0.172225	0.181323	0.153081	0.204308	0.178322	0.153025	0.167237	0.167874	0.173626	0.157714	0.158543	0.152277	0.143544	0.146137	0.171119	0.158461	0.173814	0.16296	0.174354	0.155244	0.164198	0.161053	0.151081	0.162435	0.158778	0.161996	0.155147	0.164093	0.175662	0.169345	0.164818	0.162035	0.160652	0.17402	0.14685	0.154982	0.231029	0.159165	0.157388	0.151981	0.160938	0.210173	0.163032	0.15203	0.16136	0.176511	0.175972	0.165028	0.15174	0.158223	0.163997	0.169714	0.16105	0.172508	0.155913	0.163588	0.150691	0.243705	0.167267	0.160083	0.167145
S023	0.18018	0.139359	0.152622	0.168334	0.162686	0.14462	0.144853	0.163849	0.154086	0.1446	0.155608	0.128518	0.146569	0.148833	0.136771	0.146392	0.153518	0.24648	0.15067	0.160426	0.162903	0.146623	0	0.152756	0.176822	0.148911	0.156131	0.164524	0.143612	0.145305	0.148137	0.150212	0.136208	0.14283	0.165328	0.156427	0.152386	0.156729	0.175931	0.168991	0.171027	0.14148	0.205117	0.168236	0.14143	0.155398	0.163039	0.162869	0.147318	0.140809	0.14946	0.12551	0.138444	0.163152	0.151522	0.162495	0.154351	0.160477	0.145647	0.144353	0.150622	0.145278	0.156404	0.147813	0.156394	0.15523	0.153342	0.165268	0.160122	0.149548	0.143258	0.147282	0.165498	0.134545	0.129204	0.226976	0.145338	0.140604	0.145876	0.149129	0.184883	0.154494	0.140941	0.149101	0.163698	0.161307	0.153267	0.136213	0.144238	0.160296	0.152928	0.153409	0.155902	0.14515	0.15867	0.136132	0.230212	0.161923	0.1427	0.145983
S024	0.196846	0.150044	0.166149	0.182538	0.161917	0.161843	0.158614	0.170809	0.175913	0.162995	0.161037	0.158704	0.156146	0.154158	0.157098	0.149564	0.170995	0.25347	0.164209	0.172395	0.174717	0.171875	0.152756	0	0.186148	0.160654	0.165077	0.190189	0.161451	0.156496	0.164128	0.161347	0.152545	0.16404	0.175039	0.167386	0.160641	0.176053	0.190403	0.17681	0.186921	0.160338	0.212301	0.18144	0.146819	0.163073	0.168795	0.163596	0.157839	0.156707	0.168816	0.147189	0.15518	0.17465	0.175777	0.17518	0.171222	0.167945	0.157649	0.170376	0.163306	0.159085	0.166956	0.156056	0.168271	0.165766	0.165545	0.172295	0.17429	0.166221	0.157034	0.169177	0.177214	0.150137	0.152609	0.235521	0.161586	0.158578	0.163206	0.16093	0.212523	0.168225	0.162213	0.171943	0.183502	0.176736	0.170224	0.155842	0.161245	0.16726	0.169285	0.164766	0.172756	0.157137	0.157184	0.14783	0.244785	0.176379	0.154502	0.164816
S025	0.204597	0.162111	0.176804	0.193084	0.186411	0.174774	0.165291	0.186034	0.187116	0.176692	0.159671	0.172694	0.172093	0.173659	0.176673	0.175359	0.179581	0.267479	0.168205	0.180354	0.186704	0.184709	0.176822	0.186148	0	0.177233	0.177396	0.190451	0.174465	0.167633	0.17615	0.167037	0.165548	0.177423	0.191488	0.183371	0.178395	0.185867	0.20012	0.183191	0.202023	0.16733	0.215395	0.194732	0.171153	0.185344	0.176659	0.189803	0.171445	0.175858	0.17818	0.160345	0.165306	0.184199	0.186295	0.182814	0.149761	0.186304	0.169298	0.173557	0.167103	0.174176	0.183309	0.181741	0.184269	0.178503	0.167496	0.194176	0.191543	0.181495	0.174313	0.174566	0.183529	0.168108	0.172174	0.246251	0.174992	0.173909	0.172327	0.178485	0.221883	0.171002	0.169648	0.176199	0.174284	0.179814	0.180122	0.161244	0.173845	0.181563	0.187989	0.167919	0.177939	0.168019	0.180788	0.174827	0.251876	0.187276	0.179357	0.175133
S026	0.178029	0.140095	0.150175	0.160059	0.155995	0.152072	0.14418	0.16392	0.164886	0.149849	0.147114	0.14016	0.142957	0.144749	0.145877	0.147985	0.156516	0.218292	0.145358	0.156996	0.153374	0.144669	0.148911	0.160654	0.177233	0	0.156272	0.179964	0.138482	0.143749	0.147214	0.149918	0.137589	0.145233	0.152301	0.151486	0.148541	0.159135	0.17923	0.165632	0.171322	0.147721	0.199201	0.17171	0.142374	0.155513	0.156447	0.164651	0.143548	0.144539	0.15268	0.13489	0.137793	0.151565	0.151922	0.161764	0.146235	0.166881	0.13894	0.153663	0.146686	0.136792	0.154472	0.147393	0.140199	0.151659	0.150094	0.158811	0.163965	0.143303	0.145652	0.146273	0.174021	0.136224	0.142444	0.226838	0.146313	0.141783	0.151429	0.146915	0.199823	0.154945	0.14994	0.152816	0.17241	0.166933	0.155818	0.144913	0.148516	0.15115	0.164302	0.145658	0.166591	0.142166	0.150069	0.143117	0.225541	0.15814	0.149269	0.154978
S027	0.19039	0.143666	0.157434	0.17083	0.169588	0.157452	0.152892	0.165698	0.164696	0.154743	0.156735	0.149631	0.150258	0.143402	0.154976	0.155075	0.16816	0.255446	0.149398	0.157556	0.158743	0.164271	0.156131	0.165077	0.177396	0.156272	0	0.174371	0.153423	0.156775	0.15596	0.15611	0.144565	0.150918	0.175751	0.152367	0.15395	0.168489	0.183852	0.170417	0.179251	0.150957	0.206797	0.179385	0.152333	0.163386	0.165153	0.171387	0.156198	0.148458	0.155122	0.146519	0.142072	0.171806	0.16487	0.169282	0.166016	0.167607	0.142938	0.157875	0.158745	0.152111	0.162099	0.150923	0.161516	0.156006	0.160149	0.17591	0.166091	0.164029	0.157291	0.159994	0.172815	0.15161	0.149952	0.233541	0.153488	0.154184	0.153225	0.156017	0.206383	0.166957	0.156848	0.157197	0.181032	0.165924	0.155185	0.151083	0.1592	0.16651	0.167417	0.16006	0.169272	0.157099	0.156501	0.152999	0.228226	0.148319	0.15835	0.16152
S028	0.204584	0.166387	0.182735	0.191856	0.187361	0.177982	0.1714	0.190975	0.195926	0.177694	0.177619	0.174475	0.176782	0.175079	0.174998	0.17504	0.168587	0.268946	0.162029	0.177534	0.171601	0.188547	0.164524	0.190189	0.190451	0.179964	0.174371	0	0.178011	0.171691	0.181116	0.177557	0.159478	0.182413	0.192072	0.185051	0.173946	0.182621	0.196097	0.193311	0.198043	0.173685	0.225681	0.18213	0.175752	0.184814	0.188926	0.189052	0.174629	0.177311	0.178846	0.163704	0.171691	0.188922	0.181099	0.181734	0.185939	0.185082	0.173933	0.1721	0.175738	0.174077	0.185242	0.175573	0.182948	0.186523	0.165278	0.199455	0.188935	0.178542	0.173113	0.183309	0.186188	0.16844	0.171908	0.248797	0.178787	0.172357	0.17055	0.173313	0.213597	0.178841	0.183388	0.178337	0.198995	0.188109	0.170387	0.171973	0.169624	0.190948	0.187244	0.167212	0.18495	0.167512	0.182158	0.174195	0.247818	0.18047	0.173938	0.17678
S029	0.180197	0.13497	0.148728	0.161409	0.154494	0.152993	0.14655	0.160706	0.152392	0.148919	0.152097	0.144081	0.147554	0.146164	0.136031	0.133096	0.15847	0.249255	0.147175	0.15406	0.15835	0.156655	0.143612	0.161451	0.174465	0.138482	0.153423	0.178011	0	0.148978	0.14987	0.150253	0.138746	0.14661	0.170364	0.15347	0.145574	0.161254	0.175405	0.16621	0.174536	0.141124	0.203571	0.1745	0.146215	0.15638	0.155843	0.157285	0.148411	0.144593	0.144012	0.134708	0.139353	0.167597	0.153652	0.162807	0.152112	0.164482	0.143939	0.129552	0.152527	0.141716	0.155439	0.149328	0.155591	0.144752	0.141677	0.168855	0.160992	0.157861	0.152693	0.149134	0.172057	0.137527	0.139767	0.230203	0.142248	0.145251	0.150673	0.144992	0.201493	0.14652	0.144072	0.153555	0.171687	0.16557	0.150099	0.14241	0.137445	0.161719	0.159785	0.151439	0.162391	0.139356	0.159852	0.147333	0.228278	0.161607	0.14483	0.157002
S030	0.18532	0.135723	0.15032	0.172368	0.157855	0.147363	0.145018	0.162318	0.163408	0.153922	0.147569	0.140174	0.141032	0.145217	0.137201	0.141897	0.157375	0.243884	0.139066	0.154748	0.161899	0.151089	0.145305	0.156496	0.167633	0.143749	0.156775	0.171691	0.148978	0	0.151199	0.152871	0.136486	0.149797	0.159561	0.157576	0.146058	0.156137	0.173211	0.164555	0.174489	0.143131	0.197453	0.171101	0.135018	0.157634	0.160372	0.162102	0.142366	0.149438	0.146724	0.128546	0.141255	0.162096	0.160734	0.159443	0.153317	0.161372	0.140213	0.149109	0.145719	0.14851	0.158375	0.157297	0.153927	0.154334	0.135784	0.165616	0.16293	0.159387	0.141491	0.147025	0.169393	0.135851	0.133358	0.209187	0.148486	0.141735	0.142264	0.153159	0.200949	0.154956	0.146445	0.154159	0.17499	0.155211	0.156409	0.138487	0.144746	0.157341	0.1632	0.139646	0.161142	0.144043	0.15552	0.142442	0.234266	0.159007	0.147981	0.155066
S031	0.189848	0.143315	0.152703	0.16451	0.161414	0.14385	0.150986	0.162083	0.166412	0.15072	0.156723	0.143542	0.146033	0.146877	0.148933	0.146822	0.154846	0.247196	0.149201	0.156948	0.160469	0.151274	0.148137	0.164128	0.17615	0.147214	0.15596	0.181116	0.14987	0.151199	0	0.152432	0.140452	0.144329	0.168819	0.163314	0.150063	0.156779	0.182261	0.171779	0.17714	0.149466	0.202288	0.178812	0.146711	0.153737	0.163115	0.151975	0.137548	0.148586	0.151987	0.140994	0.139286	0.166114	0.148112	0.168389	0.158541	0.162079	0.147252	0.155574	0.152635	0.146731	0.152423	0.159019	0.158051	0.150741	0.156062	0.165594	0.166309	0.154199	0.152226	0.152696	0.17512	0.132604	0.148038	0.220708	0.149028	0.150021	0.143837	0.144494	0.189838	0.154701	0.142873	0.152172	0.164155	0.168015	0.157275	0.146434	0.147686	0.161063	0.166245	0.152138	0.166398	0.148025	0.157459	0.145362	0.216043	0.163576	0.153383	0.152761
S032	0.184487	0.139767	0.155817	0.17213	0.15836	0.148752	0.15076	0.160384	0.165336	0.147831	0.154572	0.148377	0.14753	0.147761	0.1505	0.153953	0.157743	0.249069	0.147257	0.1596	0.165252	0.164465	0.150212	0.161347	0.167037	0.149918	0.15611	0.177557	0.150253	0.152871	0.152432	0	0.143182	0.151665	0.168408	0.143977	0.154277	0.161339	0.179222	0.158373	0.178758	0.150903	0.20503	0.170583	0.150955	0.152121	0.163636	0.167977	0.141335	0.151302	0.1585	0.141543	0.14142	0.162937	0.164791	0.156377	0.160738	0.168169	0.14199	0.158908	0.154434	0.145559	0.157806	0.155114	0.157235	0.151624	0.154526	0.174778	0.168705	0.159847	0.150202	0.155036	0.170705	0.141367	0.152241	0.229019	0.146029	0.139481	0.149612	0.153333	0.204791	0.156083	0.148923	0.149157	0.166405	0.162403	0.151387	0.14743	0.146479	0.157724	0.168472	0.149791	0.163982	0.149078	0.155317	0.149963	0.231314	0.161907	0.15483	0.155131
S033	0.180257	0.132817	0.144784	0.163471	0.154613	0.135376	0.144147	0.155436	0.160732	0.142819	0.140093	0.133408	0.13829	0.138284	0.13646	0.135703	0.149721	0.239318	0.135229	0.147236	0.159255	0.151771	0.136208	0.152545	0.165548	0.137589	0.144565	0.159478	0.138746	0.136486	0.140452	0.143182	0	0.142714	0.161285	0.153832	0.14102	0.148576	0.17048	0.158802	0.158303	0.140053	0.197109	0.169473	0.137772	0.148003	0.153626	0.156627	0.137506	0.142148	0.145696	0.12604	0.130851	0.159926	0.15316	0.156585	0.155355	0.15929	0.139489	0.138771	0.144496	0.143382	0.150907	0.145932	0.137062	0.145973	0.136052	0.163117	0.157583	0.152105	0.14088	0.149148	0.165244	0.133072	0.137211	0.222543	0.138263	0.136169	0.140485	0.142932	0.196928	0.151593	0.126744	0.149783	0.163436	0.153022	0.146784	0.133337	0.139833	0.155747	0.15846	0.131267	0.14983	0.143255	0.150815	0.137093	0.230374	0.157182	0.144958	0.149051
S034	0.176724	0.133276	0.151048	0.164242	0.16385	0.142162	0.150283	0.161917	0.167292	0.147162	0.153971	0.1434	0.134569	0.142901	0.144779	0.144321	0.152449	0.24796	0.146179	0.159974	0.153895	0.14983	0.14283	0.16404	0.177423	0.145233	0.150918	0.182413	0.14661	0.149797	0.144329	0.151665	0.142714	0	0.168113	0.153085	0.146921	0.163406	0.17506	0.170973	0.173761	0.138265	0.205335	0.166333	0.141527	0.156803	0.161673	0.163879	0.149576	0.136125	0.146955	0.133349	0.136474	0.165031	0.160529	0.163151	0.156775	0.164577	0.147586	0.151359	0.152494	0.141236	0.143256	0.133548	0.147427	0.148291	0.152973	0.169018	0.161979	0.157299	0.146739	0.157933	0.173528	0.135794	0.141326	0.230405	0.138518	0.141561	0.146453	0.152248	0.201738	0.147858	0.150616	0.15087	0.169385	0.164009	0.146244	0.139593	0.148593	0.159103	0.162713	0.156497	0.151767	0.143048	0.149184	0.139613	0.23296	0.166168	0.148399	0.151693
S035	0.199377	0.158556	0.17479	0.184333	0.16173	0.169771	0.158271	0.182447	0.172713	0.163096	0.167526	0.167039	0.154069	0.157076	0.157558	0.168943	0.175069	0.261833	0.169256	0.172074	0.181322	0.164559	0.165328	0.175039	0.191488	0.152301	0.175751	0.192072	0.170364	0.159561	0.168819	0.168408	0.161285	0.168113	0	0.176592	0.16676	0.175698	0.188123	0.183911	0.195412	0.162947	0.21185	0.181626	0.163405	0.17496	0.180234	0.180889	0.165072	0.169838	0.174497	0.157812	0.161802	0.177039	0.180196	0.168124	0.163893	0.183849	0.158846	0.179192	0.157675	0.169723	0.1672	0.16663	0.177438	0.164659	0.169504	0.178979	0.180404	0.175767	0.16541	0.171126	0.183932	0.157	0.161915	0.238882	0.166417	0.163876	0.169724	0.166901	0.212499	0.17473	0.164046	0.173621	0.18954	0.170982	0.176147	0.148223	0.165432	0.171558	0.181709	0.165652	0.173734	0.162012	0.178313	0.15874	0.251428	0.166551	0.165254	0.176676
S036	0.181472	0.141687	0.158821	0.174559	0.173008	0.153632	0.148388	0.168139	0.170899	0.159535	0.158989	0.151955	0.148987	0.152364	0.159531	0.154448	0.169781	0.251188	0.153542	0.163019	0.167118	0.160694	0.156427	0.167386	0.183371	0.151486	0.152367	0.185051	0.15347	0.157576	0.163314	0.143977	0.153832	0.153085	0.176592	0	0.158481	0.170695	0.184345	0.173269	0.181671	0.150074	0.203281	0.183676	0.150011	0.162878	0.16386	0.172857	0.157927	0.15413	0.158345	0.146498	0.150354	0.174378	0.15972	0.167495	0.168036	0.166142	0.149753	0.164234	0.153599	0.156606	0.165971	0.15643	0.157498	0.162095	0.160251	0.175052	0.167246	0.15808	0.155462	0.159977	0.168604	0.150478	0.15754	0.235892	0.148401	0.156008	0.156556	0.146753	0.207232	0.15937	0.151727	0.157228	0.179854	0.17046	0.159818	0.156301	0.16231	0.161926	0.165619	0.154333	0.172533	0.156386	0.159455	0.150517	0.239417	0.166389	0.161847	0.158798
S037	0.187555	0.136646	0.15291	0.172326	0.164753	0.15517	0.153669	0.165985	0.166297	0.157117	0.148953	0.143393	0.142173	0.149059	0.152267	0.143896	0.157797	0.249511	0.147033	0.162049	0.157015	0.157823	0.152386	0.160641	0.178395	0.148541	0.15395	0.173946	0.145574	0.146058	0.150063	0.154277	0.14102	0.146921	0.16676	0.158481	0	0.162422	0.179841	0.169202	0.173806	0.143397	0.200668	0.167715	0.14733	0.15998	0.156459	0.166909	0.149656	0.147781	0.153991	0.131706	0.138477	0.165512	0.155456	0.161339	0.153117	0.165518	0.149109	0.154581	0.152105	0.154445	0.15429	0.157836	0.155214	0.14998	0.145674	0.169142	0.153413	0.156551	0.15236	0.15447	0.170538	0.137417	0.146483	0.228941	0.144421	0.148415	0.152115	0.15124	0.192317	0.149463	0.145191	0.154186	0.175569	0.169269	0.151155	0.148618	0.144604	0.165161	0.1606	0.142481	0.162033	0.146452	0.150496	0.147271	0.233617	0.154976	0.149368	0.158003
S038	0.194103	0.147744	0.165686	0.178529	0.174345	0.149255	0.157183	0.166085	0.173084	0.156765	0.164392	0.154585	0.159201	0.161575	0.160693	0.163159	0.170436	0.254067	0.158344	0.172475	0.173987	0.169251	0.156729	0.176053	0.185867	0.159135	0.168489	0.182621	0.161254	0.156137	0.156779	0.161339	0.148576	0.163406	0.175698	0.170695	0.162422	0	0.185986	0.179025	0.17304	0.157473	0.211118	0.184416	0.152433	0.171272	0.165513	0.176036	0.157501	0.15691	0.152431	0.143806	0.154201	0.175391	0.164197	0.172411	0.165726	0.172373	0.155507	0.167412	0.155028	0.154357	0.164961	0.167318	0.161478	0.156999	0.161404	0.180242	0.177063	0.162856	0.161378	0.16824	0.184263	0.15172	0.158656	0.230133	0.158512	0.162987	0.15416	0.158843	0.210737	0.168365	0.155539	0.165691	0.174751	0.172033	0.166378	0.155155	0.15631	0.168938	0.169344	0.163183	0.173106	0.158953	0.171611	0.158202	0.244922	0.173352	0.165742	0.165803
S039	0.207692	0.163367	0.17515	0.195515	0.184311	0.168239	0.174265	0.182026	0.19323	0.180213	0.179945	0.17521	0.171887	0.170436	0.176303	0.171015	0.177177	0.268452	0.178141	0.185174	0.176125	0.187545	0.175931	0.190403	0.20012	0.17923	0.183852	0.196097	0.175405	0.173211	0.182261	0.179222	0.17048	0.17506	0.188123	0.184345	0.179841	0.185986	0	0.189919	0.200605	0.167929	0.217593	0.187452	0.173102	0.181489	0.186839	0.188806	0.176179	0.178391	0.176755	0.16416	0.146131	0.189582	0.178216	0.183452	0.181274	0.191867	0.169761	0.175511	0.177931	0.173351	0.183546	0.178472	0.184171	0.17437	0.179368	0.198263	0.18426	0.188005	0.17814	0.180806	0.19546	0.170344	0.175767	0.243135	0.179337	0.172964	0.176976	0.178725	0.212944	0.181565	0.17401	0.178586	0.20151	0.180864	0.179815	0.170033	0.177441	0.178175	0.190796	0.182302	0.187819	0.173938	0.185222	0.173422	0.254479	0.188636	0.18268	0.183544
S040	0.203201	0.155083	0.169526	0.189424	0.178793	0.160997	0.164862	0.17952	0.181908	0.165039	0.162512	0.162623	0.167359	0.162339	0.166987	0.169932	0.174642	0.242216	0.16135	0.175953	0.179593	0.172225	0.168991	0.17681	0.183191	0.165632	0.170417	0.193311	0.16621	0.164555	0.171779	0.158373	0.158802	0.170973	0.183911	0.173269	0.169202	0.179025	0.189919	0	0.188866	0.15687	0.215509	0.19197	0.16313	0.170914	0.175339	0.169268	0.16141	0.164926	0.172082	0.154638	0.152417	0.180399	0.176416	0.167638	0.174837	0.179862	0.164333	0.171996	0.172318	0.161338	0.173641	0.17396	0.172242	0.170986	0.169335	0.187452	0.18201	0.175053	0.164192	0.169009	0.17698	0.15658	0.158315	0.240146	0.169978	0.169176	0.164603	0.163563	0.217712	0.173032	0.159709	0.174535	0.191597	0.174512	0.16369	0.16527	0.164197	0.176068	0.170869	0.158353	0.181883	0.162634	0.172111	0.162735	0.245684	0.174163	0.172446	0.170618
S041	0.1955	0.163391	0.173695	0.189781	0.187332	0.167548	0.174272	0.191855	0.184154	0.176963	0.180169	0.167079	0.167556	0.168606	0.177032	0.168316	0.175844	0.265233	0.174296	0.182039	0.188352	0.181323	0.171027	0.186921	0.202023	0.171322	0.179251	0.198043	0.174536	0.174489	0.17714	0.178758	0.158303	0.173761	0.195412	0.181671	0.173806	0.17304	0.200605	0.188866	0	0.169628	0.220526	0.195019	0.17029	0.185513	0.188203	0.190519	0.168308	0.177066	0.175524	0.163801	0.166708	0.191826	0.187922	0.188172	0.18422	0.188543	0.163689	0.185304	0.17653	0.17218	0.172585	0.180077	0.173804	0.170077	0.179151	0.188557	0.187898	0.183425	0.170467	0.180756	0.188846	0.168725	0.168609	0.247114	0.172035	0.17091	0.177119	0.176243	0.222711	0.177251	0.175912	0.178348	0.194395	0.181579	0.168054	0.172863	0.17217	0.182236	0.187185	0.17204	0.178443	0.167259	0.179554	0.173175	0.255362	0.189088	0.176651	0.176871
S042	0.183949	0.132599	0.147064	0.160623	0.157437	0.145811	0.143916	0.157282	0.159001	0.143342	0.147482	0.141841	0.143976	0.141101	0.134675	0.142467	0.153151	0.246991	0.14676	0.151738	0.160768	0.153081	0.14148	0.160338	0.16733	0.147721	0.150957	0.173685	0.141124	0.143131	0.149466	0.150903	0.140053	0.138265	0.162947	0.150074	0.143397	0.157473	0.167929	0.15687	0.169628	0	0.196153	0.160683	0.139525	0.155011	0.156299	0.162739	0.145562	0.145004	0.135305	0.121152	0.127972	0.158487	0.157459	0.148651	0.152779	0.157494	0.138669	0.151997	0.138304	0.145799	0.15198	0.152482	0.149254	0.147349	0.146458	0.16117	0.153456	0.152284	0.135985	0.149424	0.153746	0.13082	0.135409	0.222612	0.145045	0.129749	0.144614	0.145991	0.198736	0.147277	0.146943	0.141737	0.166167	0.156609	0.151549	0.140881	0.147856	0.159211	0.154706	0.151253	0.156708	0.137945	0.151645	0.138198	0.225821	0.151363	0.147138	0.149715
S043	0.229639	0.19122	0.199651	0.213146	0.212566	0.202264	0.203847	0.211025	0.216963	0.201869	0.207923	0.198947	0.197704	0.198723	0.204175	0.205306	0.207615	0.282743	0.203262	0.211364	0.195135	0.204308	0.205117	0.212301	0.215395	0.199201	0.206797	0.225681	0.203571	0.197453	0.202288	0.20503	0.197109	0.205335	0.21185	0.203281	0.200668	0.211118	0.217593	0.215509	0.220526	0.196153	0	0.218649	0.194624	0.206874	0.20453	0.21565	0.198888	0.188094	0.207461	0.194138	0.192229	0.209523	0.209801	0.208528	0.198439	0.210448	0.201739	0.209447	0.198997	0.203407	0.210595	0.207913	0.203318	0.204438	0.204464	0.216221	0.215475	0.203474	0.178117	0.20757	0.188734	0.191784	0.199471	0.26099	0.198709	0.200945	0.200826	0.203561	0.239692	0.195973	0.200881	0.204197	0.223087	0.20997	0.207246	0.202983	0.202645	0.211265	0.207872	0.195129	0.205553	0.19762	0.204344	0.199034	0.270536	0.206771	0.203269	0.198252
S044	0.187949	0.16278	0.175877	0.193926	0.159489	0.174904	0.164112	0.184653	0.183829	0.177042	0.168412	0.17125	0.167115	0.169538	0.171178	0.168133	0.14117	0.263664	0.172887	0.181598	0.172647	0.178322	0.168236	0.18144	0.194732	0.17171	0.179385	0.18213	0.1745	0.171101	0.178812	0.170583	0.169473	0.166333	0.181626	0.183676	0.167715	0.184416	0.187452	0.19197	0.195019	0.160683	0.218649	0	0.17118	0.181893	0.183482	0.189519	0.170248	0.170436	0.175419	0.160491	0.163851	0.183042	0.182712	0.173863	0.176711	0.184162	0.173233	0.174017	0.172161	0.15501	0.180635	0.155279	0.177687	0.175138	0.174088	0.183977	0.182385	0.183689	0.172122	0.179253	0.191425	0.15224	0.161589	0.243769	0.166339	0.171714	0.173212	0.176325	0.21501	0.179206	0.175729	0.172306	0.198993	0.183149	0.179663	0.155845	0.170014	0.180005	0.185438	0.168064	0.187662	0.148325	0.173435	0.161137	0.243868	0.17969	0.169138	0.168728
