	S001	S002	S003	S004	S005	S006	S007	S008	S009	S010	S011	S012	S013	S014	S015	S016	S017	S018	S019	S020	S021	S022	S023	S024	S025	S026	S027	S028	S029	S030	S031	S032	S033	S034	S035	S036	S037	S038	S039	S040	S041	S042	S043	S044	S045	S046	S047	S048	S049	S050	S051	S052	S053	S054	S055	S056	S057	S058	S059	S060	S061	S062	S063	S064	S065	S066	S067	S068	S069	S070	S071	S072	S073	S074	S075	S076	S077	S078	S079	S080	S081	S082	S083	S084	S085	S086	S087	S088	S089	S090	S091	S092	S093	S094	S095	S096	S097	S098	S099	S100
S001	0	0.178468	0.196959	0.252044	0.244219	0.205874	0.184794	0.23106	0.216328	0.185797	0.193902	0.20741	0.211076	0.210405	0.187986	0.22204	0.224079	0.228574	0.201817	0.201352	0.187987	0.219207	0.210406	0.186489	0.216974	0.185516	0.2078	0.192846	0.204553	0.217528	0.260537	0.194051	0.242038	0.240954	0.237898	0.195062	0.214349	0.207457	0.236163	0.176903	0.264307	0.23523	0.210784	0.168983	0.188514	0.202876	0.236475	0.211863	0.187934	0.20514	0.203484	0.208568	0.177107	0.199456	0.192776	0.178518	0.238393	0.18608	0.188916	0.189733	0.228875	0.221855	0.220207	0.177573	0.176119	0.199569	0.255829	0.230564	0.235243	0.24309	0.267508	0.207849	0.184426	0.185871	0.207452	0.2314	0.247651	0.216237	0.216165	0.203193	0.185872	0.205789	0.195421	0.242494	0.249082	0.179436	0.175189	0.195663	0.193271	0.267595	0.216425	0.237121	0.207111	0.194898	0.213485	0.230123	0.204272	0.219675	0.24831	0.179532
S002	0.178468	0	0.211567	0.252492	0.247758	0.216206	0.184944	0.224785	0.213158	0.198904	0.19733	0.213426	0.204121	0.207853	0.179879	0.227218	0.225971	0.22911	0.198215	0.196851	0.182382	0.215483	0.220811	0.196634	0.219511	0.193463	0.197302	0.210121	0.207067	0.222168	0.267996	0.195644	0.228574	0.230724	0.237086	0.184786	0.213976	0.206158	0.232229	0.159952	0.266119	0.234785	0.202353	0.174627	0.198706	0.208038	0.224421	0.226447	0.205536	0.213523	0.205203	0.209033	0.195288	0.22012	0.20978	0.206906	0.238586	0.200228	0.187044	0.176336	0.226847	0.225091	0.226413	0.185677	0.190941	0.198981	0.258177	0.228236	0.237945	0.236598	0.246347	0.214204	0.210045	0.198231	0.206646	0.206247	0.25712	0.221152	0.22799	0.207838	0.186189	0.221168	0.194611	0.235215	0.252942	0.194821	0.193025	0.191166	0.189989	0.276949	0.204754	0.231722	0.207092	0.188951	0.213505	0.222786	0.211232	0.21766	0.254236	0.187677
S003	0.196959	0.211567	0	0.271404	0.264377	0.227219	0.198714	0.248765	0.242868	0.209123	0.224035	0.239703	0.236533	0.232905	0.200389	0.245941	0.237755	0.236353	0.229192	0.218496	0.213808	0.236128	0.24169	0.217501	0.241196	0.214488	0.234826	0.229108	0.22113	0.228614	0.281411	0.22739	0.265972	0.257084	0.256766	0.226962	0.222393	0.225565	0.26039	0.210844	0.283143	0.261434	0.242374	0.202828	0.219597	0.232302	0.250938	0.234788	0.224227	0.216999	0.224141	0.230386	0.188093	0.236437	0.219541	0.216792	0.241472	0.211288	0.217567	0.210774	0.256758	0.241407	0.241356	0.197652	0.210095	0.21955	0.281594	0.245454	0.260308	0.261267	0.274556	0.222121	0.22505	0.210815	0.224887	0.248093	0.261103	0.246396	0.247086	0.236673	0.207007	0.246553	0.229823	0.266889	0.279593	0.213296	0.201326	0.206898	0.214841	0.285745	0.241135	0.227053	0.233515	0.220374	0.230881	0.251781	0.236798	0.236738	0.267552	0.225193
S004	0.252044	0.252492	0.271404	0	0.296558	0.272249	0.244664	0.286422	0.281058	0.246206	0.254788	0.270334	0.265119	0.254918	0.248317	0.283164	0.270923	0.287935	0.25582	0.260438	0.246586	0.272935	0.258457	0.260599	0.279291	0.250397	0.270392	0.264716	0.266091	0.265933	0.295548	0.249514	0.299567	0.291075	0.27817	0.255892	0.274907	0.267801	0.270573	0.24991	0.312638	0.292443	0.268792	0.252161	0.255248	0.266835	0.294965	0.2656	0.268415	0.272239	0.267992	0.254414	0.251799	0.271161	0.265641	0.243853	0.293622	0.256909	0.253848	0.254206	0.272767	0.277251	0.257208	0.249299	0.251022	0.25239	0.30442	0.278406	0.292697	0.283783	0.311811	0.268239	0.260536	0.263095	0.263681	0.287153	0.306173	0.272593	0.275389	0.263107	0.253274	0.271668	0.265039	0.297479	0.306006	0.265496	0.254376	0.256389	0.257724	0.319735	0.281101	0.260006	0.261019	0.256561	0.262011	0.280177	0.264868	0.272172	0.307612	0.258912
S005	0.244219	0.247758	0.264377	0.296558	0	0.263286	0.249904	0.281055	0.264464	0.251595	0.255873	0.263982	0.269574	0.262311	0.246886	0.28257	0.236306	0.27255	0.267019	0.261382	0.252003	0.255949	0.272656	0.258459	0.279719	0.241721	0.267001	0.251756	0.261386	0.256505	0.302846	0.263331	0.291752	0.292838	0.286364	0.259183	0.275107	0.266785	0.295328	0.224581	0.305374	0.289372	0.269262	0.251149	0.258289	0.262219	0.289445	0.278821	0.258648	0.260271	0.242741	0.265661	0.249568	0.249349	0.262128	0.265354	0.279003	0.254377	0.251642	0.254086	0.2821	0.275399	0.278698	0.244285	0.242157	0.261819	0.283668	0.272429	0.294199	0.206626	0.287955	0.266614	0.253594	0.260516	0.244399	0.287612	0.305439	0.281835	0.277658	0.265759	0.246845	0.248281	0.265048	0.289104	0.304192	0.261852	0.245471	0.245749	0.254971	0.318065	0.254506	0.281945	0.254059	0.253026	0.246536	0.288347	0.242348	0.274774	0.300141	0.254997
S006	0.205874	0.216206	0.227219	0.272249	0.263286	0	0.212329	0.251436	0.244301	0.221445	0.228504	0.238147	0.238148	0.233093	0.219817	0.238061	0.238511	0.251814	0.215805	0.227062	0.20825	0.245338	0.238714	0.2214	0.241573	0.219616	0.236334	0.232166	0.220187	0.224706	0.279126	0.22717	0.264974	0.257669	0.252847	0.226779	0.225218	0.226775	0.267281	0.207508	0.282629	0.260605	0.232314	0.200408	0.219509	0.228765	0.253812	0.235371	0.225804	0.237472	0.226292	0.230087	0.209364	0.236408	0.224913	0.227051	0.257432	0.214954	0.220483	0.219417	0.256084	0.243615	0.242036	0.204319	0.214189	0.22847	0.264404	0.247727	0.259025	0.25176	0.277484	0.240333	0.217967	0.232033	0.230154	0.247498	0.278357	0.245332	0.248481	0.215475	0.212481	0.241661	0.23828	0.267575	0.274493	0.226506	0.20798	0.214175	0.21921	0.278711	0.241349	0.251308	0.172583	0.210357	0.219547	0.255872	0.236973	0.238378	0.272963	0.228457
S007	0.184794	0.184944	0.198714	0.244664	0.249904	0.212329	0	0.225117	0.220434	0.198463	0.19769	0.209995	0.214127	0.206933	0.175859	0.221728	0.216532	0.217542	0.206099	0.163124	0.169745	0.221759	0.203604	0.197182	0.21923	0.187715	0.200648	0.195593	0.195745	0.20122	0.244757	0.186608	0.248318	0.234466	0.232403	0.199539	0.204862	0.201551	0.237362	0.185702	0.265144	0.234327	0.216751	0.17748	0.187826	0.207687	0.225555	0.217642	0.205124	0.204125	0.204181	0.202737	0.187924	0.196986	0.196234	0.200573	0.238036	0.18445	0.188122	0.189262	0.228684	0.222831	0.227813	0.164133	0.188636	0.203513	0.257906	0.227034	0.224897	0.235524	0.265972	0.216777	0.198517	0.19435	0.20774	0.228885	0.249251	0.22041	0.214182	0.199639	0.183975	0.207796	0.206885	0.245416	0.242726	0.190192	0.17956	0.192788	0.191234	0.272204	0.217255	0.231259	0.199343	0.189946	0.200602	0.229037	0.20661	0.22093	0.255745	0.204985
S008	0.23106	0.224785	0.248765	0.286422	0.281055	0.251436	0.225117	0	0.261476	0.245754	0.244638	0.259529	0.237288	0.242194	0.233303	0.261761	0.257401	0.26573	0.23706	0.247703	0.23123	0.26122	0.260957	0.230239	0.265065	0.227841	0.233953	0.246248	0.242729	0.259078	0.297641	0.239961	0.270267	0.248937	0.271219	0.23079	0.253878	0.22629	0.276108	0.213255	0.2861	0.278919	0.239212	0.223741	0.236521	0.244725	0.272371	0.253544	0.247253	0.251537	0.23894	0.250942	0.227632	0.245403	0.244717	0.243081	0.270332	0.226291	0.214874	0.236698	0.267925	0.255576	0.264012	0.229493	0.237837	0.249654	0.269394	0.262514	0.27175	0.276891	0.29874	0.24828	0.244486	0.252348	0.229177	0.267881	0.282898	0.245998	0.263756	0.244527	0.237906	0.254148	0.253281	0.272441	0.281217	0.242237	0.220026	0.233578	0.235135	0.304839	0.259219	0.27658	0.243919	0.204537	0.252214	0.250455	0.252766	0.250247	0.292777	0.241325
S009	0.216328	0.213158	0.242868	0.281058	0.264464	0.244301	0.220434	0.261476	0	0.228374	0.227072	0.237801	0.247465	0.23955	0.221668	0.242022	0.243544	0.238963	0.235788	0.211186	0.228683	0.246912	0.251093	0.231347	0.256757	0.229026	0.244128	0.243522	0.235586	0.250031	0.288783	0.237201	0.275502	0.265336	0.255099	0.231002	0.246498	0.230703	0.240367	0.205441	0.287603	0.257763	0.250541	0.222613	0.218871	0.231322	0.272191	0.248773	0.21683	0.230841	0.233312	0.24205	0.222349	0.239261	0.223822	0.238784	0.269414	0.211613	0.21477	0.220254	0.267311	0.249657	0.240229	0.221275	0.229198	0.227603	0.288831	0.258308	0.252914	0.266318	0.288206	0.243779	0.238884	0.233402	0.22566	0.244712	0.268375	0.247043	0.238651	0.234956	0.218408	0.241726	0.229076	0.241059	0.278072	0.23053	0.223681	0.216772	0.225805	0.29355	0.249549	0.261521	0.233368	0.228836	0.238234	0.261149	0.245052	0.240868	0.273745	0.22039
S010	0.185797	0.198904	0.209123	0.246206	0.251595	0.221445	0.198463	0.245754	0.228374	0	0.217005	0.222768	0.230497	0.208862	0.205026	0.238101	0.219562	0.242414	0.208921	0.20898	0.207733	0.234145	0.230582	0.206227	0.223644	0.211698	0.227585	0.22121	0.2153	0.226501	0.273689	0.215627	0.260855	0.257755	0.238577	0.208632	0.232486	0.227808	0.249002	0.19082	0.277548	0.251645	0.230045	0.200958	0.215219	0.228422	0.251988	0.225335	0.212932	0.225995	0.205043	0.218481	0.178267	0.225991	0.222788	0.209568	0.256859	0.209458	0.210517	0.204558	0.244664	0.226732	0.241526	0.194509	0.198862	0.207193	0.269842	0.221281	0.251652	0.235773	0.279609	0.232746	0.21226	0.21222	0.221718	0.242343	0.271356	0.235465	0.234218	0.221932	0.19408	0.225801	0.226227	0.264517	0.270998	0.210336	0.193145	0.212349	0.209819	0.283351	0.235133	0.240626	0.226549	0.201534	0.223045	0.246962	0.222399	0.227445	0.260433	0.217495
S011	0.193902	0.19733	0.224035	0.254788	0.255873	0.228504	0.19769	0.244638	0.227072	0.217005	0	0.216421	0.226524	0.208949	0.196236	0.227662	0.223016	0.235722	0.211048	0.207128	0.199007	0.229036	0.22201	0.197656	0.229944	0.202857	0.215525	0.219082	0.210304	0.226564	0.264211	0.1968	0.25456	0.240378	0.239741	0.211913	0.226339	0.223295	0.250994	0.197876	0.26708	0.233752	0.227765	0.194033	0.213606	0.228105	0.244037	0.233848	0.207777	0.210544	0.212613	0.222753	0.181809	0.222664	0.208845	0.225386	0.251267	0.202017	0.202035	0.20173	0.244915	0.229509	0.232686	0.20305	0.205275	0.210737	0.244074	0.23989	0.250708	0.253041	0.265146	0.230141	0.207546	0.221961	0.216245	0.231092	0.272872	0.224675	0.192754	0.21911	0.195563	0.230001	0.219089	0.258408	0.248036	0.213116	0.206257	0.210293	0.210015	0.285857	0.218255	0.241561	0.220698	0.206857	0.212322	0.231432	0.212374	0.225428	0.264023	0.217491
S012	0.20741	0.213426	0.239703	0.270334	0.263982	0.238147	0.209995	0.259529	0.237801	0.222768	0.216421	0	0.234861	0.217144	0.220273	0.215077	0.238086	0.234343	0.226612	0.225482	0.215968	0.240979	0.239429	0.217131	0.245341	0.208442	0.24148	0.221547	0.221669	0.234552	0.284513	0.219335	0.261826	0.265618	0.258134	0.223919	0.232922	0.232803	0.25413	0.212719	0.280862	0.250808	0.236765	0.207609	0.176682	0.235677	0.263921	0.253635	0.225288	0.23634	0.227695	0.243828	0.210263	0.238375	0.229367	0.234534	0.256466	0.22384	0.20573	0.214198	0.260468	0.242462	0.246889	0.203913	0.218094	0.234176	0.281077	0.250402	0.260276	0.250355	0.286168	0.240635	0.226963	0.23003	0.225834	0.257087	0.270962	0.251948	0.242666	0.230836	0.221333	0.244633	0.237039	0.274389	0.26836	0.220843	0.213738	0.216627	0.221417	0.271158	0.242049	0.252775	0.233691	0.212716	0.230228	0.247193	0.232988	0.244306	0.264245	0.226447
S013	0.211076	0.204121	0.236533	0.265119	0.269574	0.238148	0.214127	0.237288	0.247465	0.230497	0.226524	0.234861	0	0.232491	0.214965	0.256373	0.244355	0.216165	0.231171	0.227713	0.220586	0.215206	0.237534	0.208969	0.24828	0.21495	0.221916	0.232514	0.220766	0.244276	0.278297	0.229838	0.26566	0.255679	0.259592	0.224588	0.239279	0.228652	0.264771	0.210978	0.277561	0.259047	0.242188	0.209236	0.219486	0.226019	0.267697	0.244484	0.218111	0.240236	0.206138	0.236912	0.212927	0.237298	0.225194	0.222714	0.253034	0.222656	0.213397	0.213126	0.247566	0.211803	0.244025	0.220856	0.215716	0.207283	0.266397	0.252891	0.262595	0.261131	0.285991	0.240817	0.232486	0.215431	0.232751	0.225045	0.271627	0.249479	0.245159	0.236111	0.202602	0.239333	0.231876	0.262957	0.269297	0.230713	0.217376	0.227157	0.223146	0.282474	0.229794	0.261603	0.230395	0.191715	0.229696	0.237823	0.227047	0.243297	0.233956	0.225695
S014	0.210405	0.207853	0.232905	0.254918	0.262311	0.233093	0.206933	0.242194	0.23955	0.208862	0.208949	0.217144	0.232491	0	0.201706	0.218821	0.239736	0.21722	0.194551	0.221343	0.211942	0.238	0.229256	0.21995	0.240584	0.209324	0.230717	0.214028	0.224119	0.231289	0.255353	0.230242	0.257595	0.253195	0.255413	0.216415	0.235364	0.224256	0.255914	0.192982	0.276446	0.259241	0.226884	0.204333	0.215869	0.218209	0.261609	0.215256	0.230618	0.238109	0.219466	0.231374	0.21621	0.228833	0.229338	0.229562	0.26157	0.213721	0.213348	0.205625	0.254727	0.229294	0.224839	0.206569	0.218982	0.21686	0.275137	0.247861	0.242152	0.247935	0.276417	0.241348	0.22119	0.223037	0.235734	0.252062	0.269736	0.241258	0.238785	0.229956	0.210522	0.239837	0.237313	0.268688	0.275928	0.217094	0.200813	0.211628	0.217105	0.293758	0.22402	0.251273	0.224826	0.203925	0.2237	0.237465	0.229389	0.23995	0.265363	0.228003
S015	0.187986	0.179879	0.200389	0.248317	0.246886	0.219817	0.175859	0.233303	0.221668	0.205026	0.196236	0.220273	0.214965	0.201706	0	0.224522	0.221928	0.228071	0.19964	0.198601	0.185165	0.219959	0.209929	0.199671	0.219377	0.196444	0.214084	0.203311	0.202249	0.218685	0.266253	0.206632	0.241526	0.242528	0.233574	0.195557	0.222649	0.193954	0.246327	0.187181	0.264638	0.241205	0.21194	0.182993	0.196709	0.194809	0.231043	0.224918	0.206697	0.21313	0.202589	0.21109	0.178146	0.221686	0.208056	0.208566	0.227362	0.192956	0.196495	0.180451	0.231086	0.225335	0.230842	0.189252	0.1894	0.198402	0.256179	0.222795	0.235894	0.242234	0.252757	0.222608	0.197538	0.209566	0.204963	0.219797	0.255084	0.227945	0.225618	0.214188	0.194267	0.221647	0.206221	0.252063	0.257793	0.197029	0.18837	0.197051	0.189498	0.276825	0.215853	0.227422	0.20502	0.191144	0.20341	0.223987	0.21344	0.219516	0.247637	0.191958
S016	0.22204	0.227218	0.245941	0.283164	0.28257	0.238061	0.221728	0.261761	0.242022	0.238101	0.227662	0.215077	0.256373	0.218821	0.224522	0	0.257292	0.250769	0.234184	0.233375	0.228595	0.249826	0.251855	0.228527	0.263177	0.229974	0.248434	0.239493	0.245818	0.255107	0.290055	0.247938	0.280748	0.268836	0.271676	0.240472	0.25372	0.247258	0.273952	0.230127	0.291192	0.269452	0.230688	0.227871	0.230052	0.24143	0.273438	0.258925	0.246492	0.248457	0.233504	0.251782	0.228959	0.251186	0.230156	0.240179	0.277092	0.228454	0.231621	0.229444	0.271875	0.260274	0.267464	0.221449	0.234699	0.242631	0.285544	0.251621	0.267767	0.266029	0.29144	0.232307	0.24019	0.250531	0.246088	0.266981	0.280446	0.257977	0.254609	0.251341	0.221639	0.25083	0.251679	0.282921	0.288173	0.240811	0.203735	0.232464	0.24078	0.294792	0.250534	0.2651	0.24437	0.223861	0.238108	0.259383	0.244395	0.258436	0.286244	0.243586
S017	0.224079	0.225971	0.237755	0.270923	0.236306	0.238511	0.216532	0.257401	0.243544	0.219562	0.223016	0.238086	0.244355	0.239736	0.221928	0.257292	0	0.238309	0.229052	0.227249	0.218542	0.249164	0.24953	0.209083	0.240149	0.211608	0.244632	0.227904	0.230898	0.235184	0.285856	0.22867	0.275219	0.230198	0.266806	0.223805	0.245785	0.243154	0.265055	0.206873	0.291371	0.266671	0.250093	0.216207	0.220162	0.238431	0.270093	0.25313	0.229678	0.240434	0.220395	0.249315	0.213158	0.236178	0.231309	0.239528	0.261349	0.215663	0.225599	0.228215	0.251749	0.250832	0.243916	0.217595	0.227188	0.231047	0.278427	0.252117	0.267364	0.22301	0.273504	0.234861	0.21605	0.232972	0.216954	0.253827	0.278145	0.23905	0.250813	0.221857	0.216078	0.227409	0.237828	0.278776	0.283034	0.228814	0.227476	0.222425	0.228444	0.294742	0.25359	0.255527	0.234214	0.229982	0.226619	0.252439	0.218615	0.204977	0.279111	0.226399
S018	0.228574	0.22911	0.236353	0.287935	0.27255	0.251814	0.217542	0.26573	0.238963	0.242414	0.235722	0.234343	0.216165	0.21722	0.228071	0.250769	0.238309	0	0.229948	0.235833	0.239184	0.249676	0.259711	0.239699	0.265054	0.234026	0.248178	0.228199	0.243918	0.251535	0.294455	0.246023	0.281547	0.247855	0.276204	0.244506	0.251298	0.25295	0.259764	0.226951	0.299333	0.276734	0.246468	0.233087	0.219263	0.250186	0.279801	0.247225	0.233502	0.244833	0.222794	0.234191	0.231564	0.256898	0.251402	0.248036	0.260604	0.232233	0.229583	0.243594	0.271788	0.250663	0.251035	0.22993	0.232909	0.241761	0.288656	0.261497	0.272437	0.273403	0.292648	0.247015	0.238966	0.2427	0.253151	0.253002	0.283351	0.264213	0.251293	0.247276	0.229894	0.255143	0.254789	0.285594	0.292851	0.243179	0.222875	0.229015	0.231854	0.309249	0.257389	0.26901	0.246699	0.230848	0.239861	0.229044	0.249233	0.235037	0.280921	0.234923
S019	0.201817	0.198215	0.229192	0.25582	0.267019	0.215805	0.206099	0.23706	0.235788	0.208921	0.211048	0.226612	0.231171	0.194551	0.19964	0.234184	0.229052	0.229948	0	0.217351	0.20577	0.237901	0.234783	0.207792	0.238813	0.207825	0.22876	0.221499	0.213492	0.228698	0.267474	0.214171	0.247091	0.243043	0.251001	0.213054	0.223381	0.226762	0.240943	0.18231	0.26227	0.250718	0.227017	0.193779	0.211728	0.218846	0.243525	0.217279	0.212149	0.23431	0.219151	0.225463	0.198056	0.224796	0.227252	0.223113	0.245008	0.209486	0.203694	0.1982	0.24729	0.238089	0.227141	0.207984	0.216021	0.222235	0.273612	0.229535	0.245169	0.253016	0.263201	0.232374	0.218636	0.222926	0.22125	0.241362	0.268259	0.236085	0.230494	0.216496	0.210899	0.232819	0.224446	0.261021	0.267841	0.216157	0.210419	0.217133	0.216685	0.289284	0.237712	0.251571	0.214767	0.200456	0.221374	0.237662	0.215614	0.237102	0.261303	0.223974
S020	0.201352	0.196851	0.218496	0.260438	0.261382	0.227062	0.163124	0.247703	0.211186	0.20898	0.207128	0.225482	0.227713	0.221343	0.198601	0.233375	0.227249	0.235833	0.217351	0	0.188767	0.230693	0.228764	0.214625	0.231228	0.207405	0.228034	0.221436	0.212229	0.229013	0.249316	0.219966	0.260038	0.247976	0.249876	0.214508	0.226305	0.228091	0.248049	0.197625	0.274716	0.241429	0.228542	0.198155	0.204763	0.219695	0.255272	0.232704	0.207466	0.211889	0.222001	0.213211	0.203123	0.214376	0.203871	0.214036	0.253474	0.206025	0.190799	0.212117	0.247975	0.231144	0.222011	0.197763	0.184366	0.203094	0.268225	0.233265	0.240891	0.249437	0.275606	0.230631	0.214526	0.208129	0.207536	0.243675	0.262638	0.233604	0.217601	0.216576	0.200832	0.215276	0.219637	0.259803	0.269582	0.210595	0.202228	0.195265	0.206318	0.28273	0.238444	0.240959	0.218494	0.200623	0.213101	0.238731	0.215954	0.22985	0.270224	0.202461
S021	0.187987	0.182382	0.213808	0.246586	0.252003	0.20825	0.169745	0.23123	0.228683	0.207733	0.199007	0.215968	0.220586	0.211942	0.185165	0.228595	0.218542	0.239184	0.20577	0.188767	0	0.219518	0.217317	0.185796	0.216798	0.181168	0.205713	0.203048	0.199431	0.216958	0.241958	0.203763	0.23892	0.238523	0.239623	0.206131	0.222761	0.207951	0.242741	0.186221	0.271567	0.238932	0.214496	0.178446	0.201929	0.21473	0.221944	0.223073	0.206588	0.214248	0.210461	0.222056	0.194467	0.219505	0.1951	0.208527	0.24329	0.197403	0.181258	0.192702	0.233033	0.233309	0.222452	0.18979	0.189551	0.206978	0.258176	0.225204	0.231694	0.24652	0.270054	0.215181	0.209934	0.209604	0.211812	0.233407	0.242488	0.219563	0.216452	0.209563	0.189502	0.212914	0.212582	0.25518	0.255147	0.198089	0.190104	0.202976	0.203974	0.275797	0.229584	0.237771	0.204703	0.191189	0.202769	0.237639	0.208753	0.226482	0.264077	0.208736
S022	0.219207	0.215483	0.236128	0.272935	0.255949	0.245338	0.221759	0.26122	0.246912	0.234145	0.229036	0.240979	0.215206	0.238	0.219959	0.249826	0.249164	0.249676	0.237901	0.230693	0.219518	0	0.239545	0.229389	0.257812	0.219629	0.234119	0.231207	0.235363	0.243806	0.289847	0.236327	0.273666	0.26454	0.262224	0.224188	0.238519	0.240327	0.26169	0.217468	0.281129	0.259073	0.246137	0.217545	0.223686	0.230663	0.257459	0.238073	0.232599	0.237638	0.225274	0.240547	0.227175	0.243547	0.235311	0.232883	0.249152	0.218977	0.222403	0.226198	0.263983	0.245485	0.248746	0.223736	0.222796	0.225962	0.27966	0.254996	0.262287	0.259297	0.283834	0.232363	0.231672	0.233449	0.242576	0.234063	0.283114	0.255651	0.251797	0.237227	0.211948	0.243813	0.232226	0.275862	0.279204	0.234308	0.209237	0.216906	0.226481	0.295293	0.246213	0.264132	0.223157	0.21269	0.236395	0.258187	0.232557	0.248104	0.27942	0.229514
S023	0.210406	0.220811	0.24169	0.258457	0.272656	0.238714	0.203604	0.260957	0.251093	0.230582	0.22201	0.239429	0.237534	0.229256	0.209929	0.251855	0.24953	0.259711	0.234783	0.228764	0.217317	0.239545	0	0.224753	0.246863	0.225868	0.240379	0.232483	0.227045	0.250301	0.286965	0.222751	0.252088	0.267662	0.254064	0.223072	0.252039	0.241069	0.265967	0.215755	0.286064	0.258987	0.24297	0.195071	0.225449	0.231206	0.258878	0.243606	0.236483	0.230781	0.231266	0.246264	0.206882	0.23823	0.235545	0.224516	0.270103	0.23222	0.215626	0.220828	0.247748	0.247344	0.246765	0.222762	0.217228	0.234955	0.279275	0.2496	0.266272	0.269628	0.287051	0.24854	0.230494	0.234124	0.230189	0.257412	0.283557	0.242761	0.25101	0.240746	0.217546	0.248122	0.242736	0.269456	0.287272	0.224605	0.217178	0.217482	0.230167	0.289763	0.245027	0.263664	0.236047	0.209783	0.234584	0.248228	0.231289	0.246899	0.277054	0.231645
S024	0.186489	0.196634	0.217501	0.260599	0.258459	0.2214	0.197182	0.230239	0.231347	0.206227	0.197656	0.217131	0.208969	0.21995	0.199671	0.228527	0.209083	0.239699	0.207792	0.214625	0.185796	0.229389	0.224753	0	0.2313	0.178228	0.215761	0.219026	0.182304	0.230239	0.266604	0.20493	0.255874	0.247543	0.237981	0.196633	0.216871	0.221913	0.243791	0.193097	0.2708	0.24801	0.22363	0.188221	0.202346	0.222059	0.24091	0.224511	0.206483	0.217164	0.20555	0.225781	0.177031	0.224148	0.21505	0.210601	0.245864	0.204037	0.204275	0.208123	0.23209	0.222243	0.239382	0.196172	0.197062	0.209936	0.259006	0.225691	0.243165	0.253737	0.270184	0.218149	0.213066	0.208788	0.206163	0.237613	0.25901	0.222022	0.228929	0.219169	0.191331	0.22927	0.212894	0.24071	0.261813	0.201926	0.20132	0.202029	0.208211	0.279265	0.229554	0.245394	0.222185	0.197326	0.216569	0.235258	0.217018	0.207491	0.262639	0.192301
S025	0.216974	0.219511	0.241196	0.279291	0.279719	0.241573	0.21923	0.265065	0.256757	0.223644	0.229944	0.245341	0.24828	0.240584	0.219377	0.263177	0.240149	0.265054	0.238813	0.231228	0.216798	0.257812	0.246863	0.2313	0	0.219951	0.24831	0.240608	0.235948	0.24515	0.294035	0.234031	0.279075	0.269022	0.26735	0.237766	0.257303	0.247573	0.276678	0.227657	0.293148	0.27225	0.250692	0.220869	0.233554	0.237737	0.276374	0.255561	0.220279	0.249303	0.240221	0.246453	0.222945	0.215345	0.234383	0.233051	0.267735	0.229062	0.229704	0.222277	0.260068	0.258973	0.249951	0.223489	0.226344	0.23254	0.282902	0.262167	0.267795	0.269896	0.272158	0.25039	0.234694	0.242444	0.246979	0.262205	0.276884	0.25075	0.25738	0.241662	0.222258	0.246118	0.246932	0.275474	0.293296	0.235517	0.221226	0.225552	0.222499	0.305562	0.258165	0.261614	0.244275	0.228845	0.247382	0.26535	0.239526	0.251831	0.284476	0.240994
S026	0.185516	0.193463	0.214488	0.250397	0.241721	0.219616	0.187715	0.227841	0.229026	0.211698	0.202857	0.208442	0.21495	0.209324	0.196444	0.229974	0.211608	0.234026	0.207825	0.207405	0.181168	0.219629	0.225868	0.178228	0.219951	0	0.219797	0.207224	0.203425	0.217412	0.244268	0.206057	0.244312	0.232189	0.234426	0.201716	0.227752	0.192724	0.239669	0.182723	0.250354	0.243594	0.222882	0.186526	0.19023	0.20902	0.242717	0.228504	0.205462	0.207295	0.198826	0.221155	0.18824	0.202017	0.207308	0.207065	0.249014	0.195442	0.195631	0.192328	0.244296	0.228756	0.226408	0.187892	0.195984	0.19959	0.255759	0.237349	0.241927	0.242473	0.270202	0.217268	0.209443	0.21522	0.196475	0.226963	0.255483	0.227314	0.220923	0.202235	0.190321	0.212664	0.215513	0.245427	0.255372	0.193962	0.175041	0.194665	0.204243	0.272323	0.230055	0.2422	0.207496	0.191884	0.20767	0.231418	0.207477	0.221241	0.258215	0.191079
S027	0.2078	0.197302	0.234826	0.270392	0.267001	0.236334	0.200648	0.233953	0.244128	0.227585	0.215525	0.24148	0.221916	0.230717	0.214084	0.248434	0.244632	0.248178	0.22876	0.228034	0.205713	0.234119	0.240379	0.215761	0.24831	0.219797	0	0.211932	0.228734	0.24067	0.285951	0.223868	0.265612	0.26262	0.257923	0.222417	0.247087	0.217445	0.254665	0.215197	0.276837	0.26133	0.241481	0.199144	0.206936	0.237485	0.267795	0.243829	0.235212	0.203576	0.233111	0.237861	0.21241	0.226082	0.22748	0.236129	0.264813	0.225733	0.223932	0.213319	0.239608	0.248669	0.250006	0.215007	0.222152	0.230778	0.272609	0.2562	0.236086	0.260795	0.281983	0.244077	0.211945	0.223306	0.223398	0.224675	0.269268	0.249902	0.243007	0.228154	0.220755	0.23242	0.213305	0.267619	0.265429	0.20671	0.207012	0.221465	0.213548	0.289988	0.235317	0.255419	0.227586	0.221272	0.225742	0.25698	0.234943	0.238077	0.27804	0.230847
S028	0.192846	0.210121	0.229108	0.264716	0.251756	0.232166	0.195593	0.246248	0.243522	0.22121	0.219082	0.221547	0.232514	0.214028	0.203311	0.239493	0.227904	0.228199	0.221499	0.221436	0.203048	0.231207	0.232483	0.219026	0.240608	0.207224	0.211932	0	0.227625	0.232692	0.27661	0.222286	0.245907	0.248196	0.244229	0.218917	0.236196	0.214029	0.257661	0.207059	0.281672	0.255408	0.220195	0.193848	0.209792	0.224699	0.258593	0.245411	0.224052	0.219529	0.216993	0.218846	0.209987	0.221828	0.22088	0.224801	0.25709	0.204098	0.206051	0.218515	0.247338	0.243498	0.235124	0.194196	0.200598	0.226754	0.273268	0.248633	0.225078	0.259698	0.280554	0.232065	0.159996	0.223495	0.215408	0.249302	0.269332	0.237901	0.241391	0.223444	0.210693	0.226895	0.224863	0.259367	0.264324	0.203653	0.203548	0.219939	0.213956	0.283647	0.232365	0.256386	0.217699	0.210622	0.22007	0.249551	0.191559	0.229481	0.272658	0.221277
S029	0.204553	0.207067	0.22113	0.266091	0.261386	0.220187	0.195745	0.242729	0.235586	0.2153	0.210304	0.221669	0.220766	0.224119	0.202249	0.245818	0.230898	0.243918	0.213492	0.212229	0.199431	0.235363	0.227045	0.182304	0.235948	0.203425	0.228734	0.227625	0	0.229594	0.274793	0.219898	0.25247	0.244202	0.229265	0.200685	0.210921	0.221682	0.252549	0.194168	0.257031	0.244638	0.226882	0.196816	0.211603	0.230647	0.247636	0.238066	0.208342	0.231676	0.217204	0.227473	0.203986	0.213299	0.216761	0.207798	0.247603	0.211838	0.201141	0.216444	0.251457	0.232606	0.238648	0.208396	0.193851	0.220197	0.268717	0.242579	0.246563	0.248895	0.269278	0.228329	0.220245	0.212002	0.211368	0.24436	0.260476	0.238572	0.236024	0.229436	0.203706	0.233256	0.221071	0.257207	0.267213	0.216762	0.200756	0.20322	0.201284	0.291978	0.236752	0.242347	0.221351	0.194002	0.20406	0.235101	0.223234	0.229282	0.252468	0.213912
S030	0.217528	0.222168	0.228614	0.265933	0.256505	0.224706	0.20122	0.259078	0.250031	0.226501	0.226564	0.234552	0.244276	0.231289	0.218685	0.255107	0.235184	0.251535	0.228698	0.229013	0.216958	0.243806	0.250301	0.230239	0.24515	0.217412	0.24067	0.232692	0.229594	0	0.286205	0.218286	0.269284	0.260531	0.261567	0.229605	0.240509	0.226016	0.263108	0.211885	0.286112	0.265782	0.240383	0.215581	0.226731	0.23076	0.25879	0.243883	0.233292	0.241954	0.234405	0.235607	0.220408	0.218954	0.236986	0.232205	0.253677	0.224181	0.21425	0.218461	0.25249	0.249012	0.250183	0.217756	0.227566	0.232289	0.279409	0.253728	0.263507	0.237619	0.28493	0.234481	0.227911	0.225577	0.231026	0.255176	0.27239	0.241577	0.249947	0.229244	0.218891	0.235447	0.234913	0.274722	0.275073	0.223853	0.210515	0.211303	0.210302	0.252989	0.256157	0.246649	0.210101	0.225154	0.231753	0.246205	0.22969	0.248109	0.25741	0.224411
S031	0.260537	0.267996	0.281411	0.295548	0.302846	0.279126	0.244757	0.297641	0.288783	0.273689	0.264211	0.284513	0.278297	0.255353	0.266253	0.290055	0.285856	0.294455	0.267474	0.249316	0.241958	0.289847	0.286965	0.266604	0.294035	0.244268	0.285951	0.27661	0.274793	0.286205	0	0.27356	0.306325	0.27023	0.30138	0.27466	0.289199	0.280777	0.303538	0.250143	0.28694	0.301947	0.287769	0.26686	0.27137	0.286274	0.301012	0.28923	0.268367	0.282218	0.274143	0.270908	0.267216	0.282791	0.272261	0.272961	0.30658	0.258595	0.262544	0.26399	0.294315	0.285493	0.288575	0.262269	0.255558	0.272219	0.319052	0.292825	0.299327	0.300075	0.327245	0.287171	0.271989	0.277422	0.274944	0.294095	0.313686	0.292218	0.277454	0.269943	0.272868	0.283755	0.285433	0.313474	0.316	0.273688	0.259617	0.271636	0.273427	0.332601	0.295588	0.296554	0.268873	0.266838	0.277063	0.299959	0.282851	0.287209	0.291465	0.272063
S032	0.194051	0.195644	0.22739	0.249514	0.263331	0.22717	0.186608	0.239961	0.237201	0.215627	0.1968	0.219335	0.229838	0.230242	0.206632	0.247938	0.22867	0.246023	0.214171	0.219966	0.203763	0.236327	0.222751	0.20493	0.234031	0.206057	0.223868	0.222286	0.219898	0.218286	0.27356	0	0.256498	0.252517	0.247422	0.215328	0.234451	0.215538	0.234547	0.203	0.276359	0.250856	0.233459	0.195397	0.214795	0.225733	0.251994	0.233497	0.22268	0.228248	0.216121	0.231859	0.200841	0.227116	0.220597	0.228237	0.239686	0.208811	0.192821	0.197602	0.242092	0.236947	0.230875	0.194485	0.216505	0.219861	0.266801	0.232742	0.250507	0.24479	0.274441	0.237371	0.215532	0.221908	0.223751	0.238447	0.269741	0.23007	0.227251	0.207465	0.206473	0.218625	0.226208	0.249822	0.247094	0.204953	0.20828	0.214467	0.212652	0.286801	0.239658	0.244182	0.216926	0.205343	0.215374	0.232234	0.222198	0.212854	0.249488	0.21653
S033	0.242038	0.228574	0.265972	0.299567	0.291752	0.264974	0.248318	0.270267	0.275502	0.260855	0.25456	0.261826	0.26566	0.257595	0.241526	0.280748	0.275219	0.281547	0.247091	0.260038	0.23892	0.273666	0.252088	0.255874	0.279075	0.244312	0.265612	0.245907	0.25247	0.269284	0.306325	0.256498	0	0.253787	0.283919	0.258326	0.271761	0.258884	0.291336	0.220345	0.308721	0.273546	0.267569	0.217766	0.249792	0.264152	0.292134	0.274839	0.247415	0.240925	0.263304	0.26292	0.237547	0.268893	0.26169	0.25284	0.286802	0.254948	0.230673	0.248295	0.280051	0.279944	0.260663	0.234327	0.256726	0.264201	0.309176	0.277931	0.293903	0.293903	0.302064	0.267935	0.262644	0.262893	0.251245	0.280284	0.305449	0.279629	0.27236	0.26634	0.252842	0.26816	0.265269	0.29425	0.292273	0.264218	0.250922	0.257002	0.256654	0.319313	0.271793	0.287817	0.245243	0.234167	0.26774	0.282676	0.268102	0.268793	0.301528	0.259801
S034	0.240954	0.230724	0.257084	0.291075	0.292838	0.257669	0.234466	0.248937	0.265336	0.257755	0.240378	0.265618	0.255679	0.253195	0.242528	0.268836	0.230198	0.247855	0.243043	0.247976	0.238523	0.26454	0.267662	0.247543	0.269022	0.232189	0.26262	0.248196	0.244202	0.260531	0.27023	0.252517	0.253787	0	0.276641	0.239081	0.263507	0.247052	0.285391	0.196457	0.278754	0.279086	0.26041	0.236573	0.238423	0.255876	0.285435	0.262375	0.250302	0.26547	0.253236	0.252411	0.234032	0.257239	0.251366	0.241826	0.282372	0.234253	0.221284	0.244167	0.270204	0.27097	0.252914	0.239225	0.236433	0.245581	0.293241	0.277263	0.27908	0.282829	0.292693	0.254508	0.240877	0.255941	0.244626	0.27557	0.290398	0.270422	0.274779	0.254559	0.250105	0.266292	0.258493	0.288008	0.296893	0.245519	0.236288	0.24703	0.246928	0.308131	0.269714	0.278115	0.24658	0.222034	0.250519	0.263079	0.257073	0.231243	0.286389	0.240122
S035	0.237898	0.237086	0.256766	0.27817	0.286364	0.252847	0.232403	0.271219	0.255099	0.238577	0.239741	0.258134	0.259592	0.255413	0.233574	0.271676	0.266806	0.276204	0.251001	0.249876	0.239623	0.262224	0.254064	0.237981	0.26735	0.234426	0.257923	0.244229	0.229265	0.261567	0.30138	0.247422	0.283919	0.276641	0	0.242603	0.254826	0.247117	0.280641	0.231447	0.229458	0.282394	0.246709	0.237332	0.244643	0.257466	0.279306	0.255452	0.244887	0.259689	0.249	0.26029	0.228546	0.259728	0.235796	0.24806	0.286385	0.239524	0.239701	0.241918	0.274443	0.267808	0.268692	0.22621	0.237142	0.242777	0.288184	0.271302	0.279153	0.27933	0.300855	0.244249	0.241033	0.254211	0.245066	0.272014	0.293077	0.262841	0.256667	0.249988	0.243513	0.251211	0.260069	0.289227	0.281893	0.233795	0.234757	0.231976	0.220566	0.30973	0.246833	0.266889	0.251953	0.240791	0.228778	0.27386	0.244162	0.260478	0.294843	0.251471
S036	0.195062	0.184786	0.226962	0.255892	0.259183	0.226779	0.199539	0.23079	0.231002	0.208632	0.211913	0.223919	0.224588	0.216415	0.195557	0.240472	0.223805	0.244506	0.213054	0.214508	0.206131	0.224188	0.223072	0.196633	0.237766	0.201716	0.222417	0.218917	0.200685	0.229605	0.27466	0.215328	0.258326	0.239081	0.242603	0	0.224417	0.210871	0.243197	0.194422	0.267047	0.218464	0.23003	0.185293	0.205082	0.216628	0.237925	0.234592	0.213374	0.221639	0.21605	0.22537	0.20013	0.222112	0.219364	0.21831	0.256052	0.204857	0.20846	0.205058	0.251332	0.227431	0.234433	0.203109	0.207984	0.215518	0.261448	0.248742	0.235613	0.256417	0.26823	0.225243	0.215037	0.214133	0.215804	0.239575	0.265788	0.232382	0.241714	0.217246	0.202728	0.229282	0.216952	0.243053	0.270503	0.210392	0.200051	0.204579	0.194537	0.271137	0.235065	0.244864	0.219953	0.202875	0.202158	0.240453	0.222052	0.205558	0.25454	0.20333
S037	0.214349	0.213976	0.222393	0.274907	0.275107	0.225218	0.204862	0.253878	0.246498	0.232486	0.226339	0.232922	0.239279	0.235364	0.222649	0.25372	0.245785	0.251298	0.223381	0.226305	0.222761	0.238519	0.252039	0.216871	0.257303	0.227752	0.247087	0.236196	0.210921	0.240509	0.289199	0.234451	0.271761	0.263507	0.254826	0.224417	0	0.235521	0.262629	0.220081	0.287321	0.262616	0.24492	0.21235	0.22748	0.237189	0.263459	0.24446	0.224932	0.241367	0.234631	0.231259	0.223464	0.246128	0.232597	0.236183	0.268672	0.216807	0.217988	0.227145	0.262747	0.250037	0.247533	0.201585	0.218043	0.237946	0.277992	0.2533	0.269996	0.268811	0.274228	0.233076	0.234126	0.225122	0.237313	0.259893	0.276374	0.250353	0.248004	0.23899	0.215486	0.24683	0.224829	0.275554	0.263575	0.234208	0.213155	0.226434	0.232506	0.297591	0.22582	0.253259	0.227675	0.229073	0.220198	0.250807	0.230777	0.241741	0.281972	0.227701
S038	0.207457	0.206158	0.225565	0.267801	0.266785	0.226775	0.201551	0.22629	0.230703	0.227808	0.223295	0.232803	0.228652	0.224256	0.193954	0.247258	0.243154	0.25295	0.226762	0.228091	0.207951	0.240327	0.241069	0.221913	0.247573	0.192724	0.217445	0.214029	0.221682	0.226016	0.280777	0.215538	0.258884	0.247052	0.247117	0.210871	0.235521	0	0.262235	0.207162	0.281508	0.25315	0.242678	0.214257	0.21329	0.222237	0.262824	0.233835	0.233391	0.231492	0.210593	0.23869	0.208105	0.210549	0.232276	0.227482	0.249013	0.206385	0.211439	0.194657	0.256916	0.238633	0.243655	0.20934	0.214377	0.221468	0.269569	0.24578	0.259897	0.251985	0.285215	0.243047	0.219496	0.23112	0.221409	0.233309	0.270476	0.237164	0.239261	0.229299	0.218681	0.235483	0.234061	0.262379	0.269297	0.204006	0.213453	0.215482	0.219547	0.281188	0.242988	0.250217	0.205358	0.217079	0.218535	0.251758	0.220885	0.233832	0.272314	0.226549
S039	0.236163	0.232229	0.26039	0.270573	0.295328	0.267281	0.237362	0.276108	0.240367	0.249002	0.250994	0.25413	0.264771	0.255914	0.246327	0.273952	0.265055	0.259764	0.240943	0.248049	0.242741	0.26169	0.265967	0.243791	0.276678	0.239669	0.254665	0.257661	0.252549	0.263108	0.303538	0.234547	0.291336	0.285391	0.280641	0.243197	0.262629	0.262235	0	0.236869	0.304277	0.285737	0.264359	0.231812	0.240395	0.255991	0.285599	0.268731	0.245818	0.230347	0.255051	0.265176	0.243581	0.267939	0.259229	0.255661	0.282811	0.243067	0.241996	0.25145	0.260855	0.268944	0.272283	0.23717	0.249894	0.250329	0.302252	0.270503	0.285642	0.283321	0.303814	0.253626	0.256863	0.25937	0.256448	0.278716	0.293014	0.242067	0.272385	0.237558	0.235073	0.258734	0.248273	0.292614	0.291671	0.251683	0.246257	0.247265	0.235972	0.311708	0.270812	0.280044	0.241694	0.249664	0.248131	0.259943	0.253777	0.260857	0.293762	0.236451
S040	0.176903	0.159952	0.210844	0.24991	0.224581	0.207508	0.185702	0.213255	0.205441	0.19082	0.197876	0.212719	0.210978	0.192982	0.187181	0.230127	0.206873	0.226951	0.18231	0.197625	0.186221	0.217468	0.215755	0.193097	0.227657	0.182723	0.215197	0.207059	0.194168	0.211885	0.250143	0.203	0.220345	0.196457	0.231447	0.194422	0.220081	0.207162	0.236869	0	0.246396	0.240861	0.19313	0.188454	0.195905	0.207006	0.239342	0.216139	0.198399	0.202716	0.200218	0.208677	0.179205	0.211168	0.206976	0.20592	0.232366	0.196468	0.169355	0.189666	0.226255	0.223009	0.21785	0.178584	0.18484	0.195796	0.244245	0.230827	0.236154	0.223362	0.254471	0.209119	0.203109	0.199943	0.191892	0.216982	0.253623	0.222724	0.219038	0.201257	0.186042	0.212631	0.203222	0.240418	0.250281	0.193652	0.176883	0.190148	0.186782	0.257883	0.205343	0.234645	0.194834	0.162543	0.206523	0.229442	0.201488	0.214303	0.243199	0.188574
S041	0.264307	0.266119	0.283143	0.312638	0.305374	0.282629	0.265144	0.2861	0.287603	0.277548	0.26708	0.280862	0.277561	0.276446	0.264638	0.291192	0.291371	0.299333	0.26227	0.274716	0.271567	0.281129	0.286064	0.2708	0.293148	0.250354	0.276837	0.281672	0.257031	0.286112	0.28694	0.276359	0.308721	0.278754	0.229458	0.267047	0.287321	0.281508	0.304277	0.246396	0	0.307736	0.283513	0.265366	0.274254	0.275844	0.30814	0.293375	0.279462	0.273207	0.276649	0.282843	0.252375	0.285679	0.260548	0.274002	0.304576	0.270423	0.267375	0.265765	0.291408	0.291998	0.289878	0.261992	0.26246	0.253466	0.311629	0.297272	0.302826	0.304767	0.32024	0.281207	0.272087	0.279731	0.272174	0.293236	0.312918	0.292515	0.295802	0.278108	0.271222	0.271202	0.283942	0.313582	0.311956	0.25181	0.269438	0.257923	0.248975	0.330178	0.271095	0.305157	0.278952	0.253047	0.265406	0.283156	0.27038	0.288893	0.301999	0.281835
S042	0.23523	0.234785	0.261434	0.292443	0.289372	0.260605	0.234327	0.278919	0.257763	0.251645	0.233752	0.250808	0.259047	0.259241	0.241205	0.269452	0.266671	0.276734	0.250718	0.241429	0.238932	0.259073	0.258987	0.24801	0.27225	0.243594	0.26133	0.255408	0.244638	0.265782	0.301947	0.250856	0.273546	0.279086	0.282394	0.218464	0.262616	0.25315	0.285737	0.240861	0.307736	0	0.253852	0.238125	0.24419	0.256646	0.279101	0.263099	0.218815	0.259691	0.246446	0.259452	0.233705	0.238418	0.256077	0.255201	0.277803	0.247074	0.244874	0.247884	0.274431	0.264408	0.272528	0.239684	0.24676	0.245661	0.271162	0.270808	0.279383	0.276151	0.308814	0.255122	0.248571	0.247716	0.250407	0.266452	0.296636	0.269745	0.246208	0.256397	0.237196	0.26476	0.254205	0.283573	0.295489	0.252389	0.244277	0.233394	0.248108	0.303554	0.264534	0.278648	0.250453	0.244506	0.239747	0.277205	0.256029	0.266752	0.291339	0.240205
S043	0.210784	0.202353	0.242374	0.268792	0.269262	0.232314	0.216751	0.239212	0.250541	0.230045	0.227765	0.236765	0.242188	0.226884	0.21194	0.230688	0.250093	0.246468	0.227017	0.228542	0.214496	0.246137	0.24297	0.22363	0.250692	0.222882	0.241481	0.220195	0.226882	0.240383	0.287769	0.233459	0.267569	0.26041	0.246709	0.23003	0.24492	0.242678	0.264359	0.19313	0.283513	0.253852	0	0.21369	0.229046	0.233369	0.259852	0.252733	0.231887	0.240022	0.235295	0.231861	0.222306	0.235396	0.23009	0.224512	0.266946	0.224673	0.223853	0.230061	0.256586	0.243515	0.251426	0.221209	0.210605	0.227986	0.245106	0.223919	0.269528	0.252301	0.277849	0.23702	0.223798	0.233509	0.229366	0.256744	0.279391	0.228527	0.239828	0.221922	0.223229	0.237326	0.229226	0.265068	0.28072	0.225505	0.197536	0.213827	0.207939	0.286993	0.237529	0.259516	0.235517	0.211248	0.22899	0.247767	0.231402	0.247472	0.269357	0.231928
S044	0.168983	0.174627	0.202828	0.252161	0.251149	0.200408	0.17748	0.223741	0.222613	0.200958	0.194033	0.207609	0.209236	0.204333	0.182993	0.227871	0.216207	0.233087	0.193779	0.198155	0.178446	0.217545	0.195071	0.188221	0.220869	0.186526	0.199144	0.193848	0.196816	0.215581	0.26686	0.195397	0.217766	0.236573	0.237332	0.185293	0.21235	0.214257	0.231812	0.188454	0.265366	0.238125	0.21369	0	0.187325	0.206613	0.23736	0.213442	0.20494	0.203693	0.203588	0.210133	0.178525	0.210045	0.200625	0.207521	0.237883	0.189791	0.193671	0.188158	0.233108	0.217243	0.217983	0.174169	0.183535	0.200851	0.24516	0.223839	0.240818	0.244402	0.26896	0.215701	0.195608	0.202182	0.213849	0.232686	0.257467	0.219041	0.222201	0.201651	0.193037	0.215247	0.197781	0.241616	0.260262	0.179472	0.1904	0.201562	0.192961	0.279463	0.222975	0.230318	0.206251	0.186526	0.214187	0.225813	0.20882	0.219793	0.2537	0.196136
