	S001	S002	S003	S004	S005	S006	S007	S008	S009	S010	S011	S012	S013	S014	S015	S016	S017	S018	S019	S020	S021	S022	S023	S024	S025	S026	S027	S028	S029	S030	S031	S032	S033	S034	S035	S036	S037	S038	S039	S040	S041	S042	S043	S044	S045	S046	S047	S048	S049	S050	S051	S052	S053	S054	S055	S056	S057	S058	S059	S060	S061	S062	S063	S064	S065	S066	S067	S068	S069	S070	S071	S072	S073	S074	S075	S076	S077	S078	S079	S080	S081	S082	S083	S084	S085	S086	S087	S088	S089	S090	S091	S092	S093	S094	S095	S096	S097	S098	S099	S100
S001	0	1.245990423	1.239397028	1.330303138	1.31156365	1.239583087	1.218411594	1.189157889	1.275696919	1.279911031	1.391509252	1.204030999	1.288675459	1.379309393	1.27069189	1.288208127	1.34926891	1.306108936	1.309604749	1.190482579	1.283094421	1.262683393	1.333082803	1.349948052	1.188119659	1.215742376	1.26062425	1.351597739	1.29689989	1.215601073	1.327577151	1.264888716	1.424402755	1.364632151	1.191280399	1.373399937	1.368187514	1.325553938	1.434093265	1.275862415	1.213225875	1.284666151	1.32328589	1.355470533	1.322244091	1.299899464	1.239396196	1.344301304	1.298218971	1.312379702	1.316490561	1.271440644	1.26726332	1.362627082	1.393036323	1.262119573	1.27926968	1.394064623	1.278971202	1.281780698	1.272341423	1.336898	1.308246506	1.262018066	1.30452248	1.390012027	1.248489055	1.240406105	1.356223019	1.215158027	1.296697987	1.279662861	1.406629331	1.312675081	1.355002878	1.355745445	1.164064654	1.235841572	1.277372873	1.372620864	1.223620813	1.215586113	1.271222227	1.328429649	1.310670029	1.237928316	1.292256729	1.26296711	1.254188522	1.207603321	1.30360862	1.276465222	1.234684543	1.358971577	1.1759125	1.265140965	1.259374019	1.276419871	1.302174509	1.324184432
S002	1.245990423	0	1.270617331	1.386050411	1.281549673	1.253553096	1.294771063	1.206743332	1.304798092	1.243054654	1.372001985	1.334125198	1.26771387	1.379726834	1.212124581	1.221817536	1.367967015	1.296974547	1.253148072	1.21745521	1.246187746	1.20587314	1.302038794	1.298590619	1.236550128	1.211989945	1.306406877	1.284182588	1.354422771	1.277841034	1.26027854	1.271520369	1.321940334	1.356225918	1.247714464	1.414510162	1.375315251	1.402729017	1.354608908	1.244050298	1.208933166	1.321040668	1.318082027	1.323943184	1.278212298	1.336559579	1.199240003	1.360336289	1.189515748	1.308538565	1.224587498	1.240603385	1.206979581	1.361005805	1.447700502	1.229363646	1.295543743	1.331179392	1.184242381	1.345110893	1.22734444	1.295215819	1.320549003	1.203451721	1.303132305	1.42240428	1.211805104	1.271679506	1.311268972	1.24849695	1.260023472	1.278021036	1.31749963	1.25438853	1.327871239	1.37221734	1.221604927	1.374398973	1.3217737	1.318705819	1.170232126	1.20734332	1.327005634	1.23529093	1.311431396	1.183658563	1.28745166	1.238519355	1.241890201	1.188427222	1.336874091	1.374938789	1.1503647	1.346136832	1.278068125	1.31199645	1.26304255	1.241000618	1.225909636	1.218347915
S003	1.239397028	1.270617331	0	1.38707089	1.363647822	1.277369291	1.368543498	1.257102137	1.340270015	1.383427229	1.405357354	1.255940641	1.330396607	1.431666471	1.257777076	1.208299747	1.458936436	1.454218328	1.298413229	1.223650589	1.364103255	1.327246551	1.328035285	1.397993984	1.306442343	1.287915832	1.39334294	1.375420401	1.400207678	1.262233257	1.339604285	1.259471908	1.350881161	1.400968933	1.212493559	1.398896295	1.399333376	1.392010166	1.433241653	1.302266121	1.311829831	1.357657631	1.343191416	1.317995817	1.248717151	1.383683476	1.301130304	1.405678948	1.285968753	1.32848761	1.308703145	1.377536654	1.248253788	1.39364205	1.411061517	1.250120577	1.272619092	1.313115229	1.335313828	1.372904064	1.317223291	1.330479954	1.35631989	1.360086596	1.386822862	1.406514575	1.349359349	1.384297863	1.311570443	1.353231917	1.301242991	1.314363415	1.386923405	1.258491587	1.322550978	1.386100805	1.302750734	1.26960537	1.306964229	1.38796177	1.293847035	1.257840381	1.429050023	1.350217697	1.343167513	1.267650714	1.391356317	1.269686724	1.198721302	1.293099001	1.338632216	1.353768512	1.334856979	1.457135687	1.25413266	1.292655053	1.311170719	1.341266723	1.220856635	1.335693088
S004	1.330303138	1.386050411	1.38707089	0	1.325273802	1.354765385	1.341624362	1.351846531	1.369400483	1.308643935	1.384516674	1.299087915	1.341963931	1.567164787	1.307747864	1.330967255	1.441323906	1.30889426	1.270891393	1.334635117	1.433449755	1.289920881	1.443416281	1.454739962	1.360650519	1.380678822	1.375727638	1.393882721	1.35147539	1.405421495	1.315347437	1.394500508	1.344481059	1.368075201	1.296924543	1.395616035	1.383338206	1.378348404	1.442205603	1.412147387	1.335469103	1.402148365	1.305441056	1.350380373	1.388850831	1.430501118	1.391988368	1.273391882	1.341227165	1.459126044	1.292131621	1.30681716	1.290969946	1.457456744	1.470298525	1.355291127	1.359066612	1.437200111	1.353420468	1.353327728	1.333518011	1.38081051	1.406113882	1.285168692	1.33060449	1.452382941	1.295017731	1.350959045	1.429269857	1.388322207	1.326185717	1.370494457	1.534223837	1.324663595	1.432965424	1.450667709	1.435245858	1.424613964	1.347708523	1.384762862	1.305175489	1.332971707	1.425926829	1.346594577	1.482965731	1.308203392	1.469640681	1.407961468	1.394677766	1.390737195	1.376543824	1.369494474	1.411203853	1.478121557	1.235811234	1.357364111	1.344583775	1.371623361	1.351420595	1.319526502
S005	1.31156365	1.281549673	1.363647822	1.325273802	0	1.348954945	1.285634118	1.226083727	1.415576559	1.355241639	1.475704882	1.329977757	1.327901751	1.458798113	1.359242386	1.334499723	1.376476456	1.403281266	1.383956273	1.367108385	1.368360275	1.342257595	1.432858499	1.388932018	1.321549967	1.271767548	1.32749462	1.390461847	1.388639806	1.411328729	1.408263119	1.351558766	1.420204929	1.336398211	1.239968431	1.430070141	1.35550779	1.480822744	1.457096587	1.345323061	1.382714981	1.438522437	1.309469828	1.338842303	1.390680003	1.47045084	1.383284742	1.457155044	1.341715245	1.4035848	1.325426093	1.347300784	1.33165966	1.483858158	1.468784015	1.356685225	1.34167676	1.436291777	1.319538508	1.44661965	1.293877333	1.36019114	1.344110946	1.321305428	1.321440496	1.457368923	1.342280545	1.210043317	1.423212359	1.354673473	1.362402021	1.356063205	1.483677653	1.356072581	1.446468604	1.336384079	1.352411546	1.317725094	1.372259703	1.450164378	1.327880921	1.295454795	1.329075545	1.320551749	1.425833191	1.317116388	1.330793073	1.36383907	1.392449446	1.271539257	1.405078374	1.349152378	1.410867519	1.465966683	1.336443698	1.305847349	1.362705685	1.350028617	1.263567789	1.363789194
S006	1.239583087	1.253553096	1.277369291	1.354765385	1.348954945	0	1.150211825	1.296352468	1.283022746	1.266328032	1.326890651	1.248861836	1.154343994	1.387899672	1.227984729	1.21601479	1.311228937	1.275988337	1.291979486	1.111994104	1.33144287	1.236121604	1.294752832	1.365968683	1.249167732	1.213785199	1.211048285	1.347526638	1.334914331	1.214173446	1.31977796	1.256823797	1.27620425	1.287841208	1.195956232	1.334656734	1.337249217	1.282894301	1.292909896	1.20130804	1.173420934	1.297872574	1.276504607	1.230407946	1.311148556	1.236675875	1.222316567	1.362090531	1.234786668	1.317252473	1.276622322	1.300269585	1.201598697	1.322108375	1.264651564	1.175874402	1.244440595	1.298455074	1.293190573	1.291541923	1.232485948	1.176384235	1.252381719	1.163932725	1.230239841	1.318857444	1.164688852	1.224874366	1.291871646	1.200584684	1.16186189	1.254731878	1.423820664	1.2627432	1.251573937	1.285124678	1.180196205	1.242670109	1.275856372	1.372072005	1.288494868	1.232594964	1.302412814	1.310431586	1.223052618	1.156976037	1.221480506	1.226814593	1.277540321	1.180113024	1.252107653	1.287176517	1.26182575	1.332984334	1.211663325	1.325676224	1.207255462	1.207235346	1.212329358	1.261229819
S007	1.218411594	1.294771063	1.368543498	1.341624362	1.285634118	1.150211825	0	1.147174987	1.286362439	1.287369915	1.407762416	1.246171153	1.246208037	1.364043917	1.219997624	1.259331271	1.33170368	1.341094672	1.249187891	1.249241649	1.370076463	1.271065813	1.276067197	1.379914638	1.224790773	1.25025777	1.209944152	1.354717469	1.279422078	1.177840849	1.337713165	1.208048672	1.350097449	1.160117677	1.214543985	1.296126781	1.350563318	1.345347458	1.393606699	1.352442229	1.149517761	1.338393353	1.262763854	1.252344479	1.330641345	1.265245094	1.209597126	1.336881806	1.288849225	1.344164462	1.286772675	1.298574452	1.168920152	1.357806918	1.383362011	1.219641021	1.30309283	1.326729765	1.332716762	1.36309922	1.257706301	1.311293676	1.286486686	1.197521002	1.283642546	1.312341719	1.267130635	1.283592809	1.365883461	1.244143505	1.272679817	1.229399013	1.336794073	1.335802745	1.251905942	1.349128251	1.212438114	1.225525162	1.294987089	1.417137652	1.271691749	1.122955801	1.328982145	1.281769319	1.367003689	1.17202548	1.225025109	1.296863792	1.281014408	1.261137907	1.315920838	1.212189836	1.232632539	1.346818263	1.204318052	1.282132511	1.185647715	1.229642647	1.291793497	1.277852068
S008	1.189157889	1.206743332	1.257102137	1.351846531	1.226083727	1.296352468	1.147174987	0	1.27652335	1.238466934	1.402245523	1.190231108	1.182886144	1.344966944	1.244996731	1.251802608	1.353034351	1.307728175	1.22276719	1.154170794	1.305730222	1.193478148	1.338109442	1.297934283	1.179275038	1.216139485	1.203832011	1.29699369	1.347881491	1.248378036	1.242223208	1.261498561	1.364954712	1.300141184	1.1396881	1.334956668	1.162497161	1.335890999	1.270941832	1.301653152	1.135872132	1.232048476	1.252836193	1.215738748	1.266857518	1.309794237	1.240837465	1.353333079	1.297598448	1.284551193	1.2838574	1.215274635	1.102096613	1.391567419	1.379979618	1.16056964	1.377818765	1.325141248	1.317879003	1.357521339	1.28279081	1.276053869	1.158028885	1.184409593	1.265073235	1.258787106	1.195209188	1.184969726	1.230483354	1.123811304	1.254877872	1.231084182	1.366878254	1.258300042	1.318805333	1.328215682	1.223157099	1.259673071	1.278594012	1.318973751	1.224395644	1.145271248	1.31548919	1.284249416	1.26846257	1.241701953	1.239854228	1.259077401	1.255135959	1.189445906	1.263816921	1.230365909	1.263825168	1.332639222	1.182387721	1.244298998	1.200276208	1.307527704	1.219516778	1.192027145
S009	1.275696919	1.304798092	1.340270015	1.369400483	1.415576559	1.283022746	1.286362439	1.27652335	0	1.306546828	1.356158867	1.233016988	1.314877878	1.382018038	1.242809213	1.231297814	1.360436237	1.381469561	1.26630563	1.28126429	1.400016888	1.315811962	1.342020176	1.328490291	1.287186814	1.288727175	1.251921553	1.371135242	1.329807221	1.219489948	1.351605722	1.332325055	1.39934389	1.331746404	1.306712348	1.404290782	1.452609399	1.348703179	1.37404401	1.323622826	1.219087376	1.387518632	1.337597889	1.28056449	1.347491784	1.426643103	1.216150515	1.320814777	1.281724326	1.363856321	1.288843436	1.295472511	1.259660693	1.433297849	1.394576064	1.254407052	1.299453379	1.324884818	1.253562957	1.327076377	1.356317362	1.298280091	1.237582865	1.263740025	1.313223375	1.385434306	1.269328486	1.358295056	1.356605262	1.260839076	1.285404952	1.28791687	1.444269478	1.328204154	1.271464269	1.18716366	1.211756023	1.278482381	1.349387852	1.369608867	1.280433548	1.204913654	1.326768288	1.395942506	1.376732134	1.267294353	1.375456564	1.279210043	1.254477377	1.31289359	1.293603409	1.345927481	1.346007092	1.40210596	1.266834241	1.30738116	1.28179862	1.343233982	1.248282292	1.314480887
S010	1.279911031	1.243054654	1.383427229	1.308643935	1.355241639	1.266328032	1.287369915	1.238466934	1.306546828	0	1.393271993	1.277120436	1.288155454	1.414673962	1.245921255	1.255326418	1.424870361	1.280771517	1.174197226	1.256492368	1.337752514	1.220843662	1.370782484	1.292139911	1.268023298	1.216087753	1.294086939	1.338804546	1.318124099	1.279241146	1.34590219	1.288105753	1.3731513	1.40797188	1.2138182	1.363278818	1.318315573	1.369504675	1.38702328	1.253532556	1.25044141	1.411746122	1.276175741	1.32346085	1.295364644	1.382233615	1.273705309	1.344340609	1.281708082	1.379645741	1.342510268	1.295184049	1.270898359	1.395436769	1.412925048	1.264632488	1.319492307	1.337255254	1.374371945	1.312300041	1.365612572	1.288545719	1.275001121	1.247163483	1.285945293	1.398419694	1.3384394	1.222241826	1.415780566	1.235667598	1.274777676	1.334245216	1.395355428	1.262309438	1.346481983	1.308460628	1.295577341	1.371072327	1.349467722	1.353316533	1.323061106	1.263796056	1.367881824	1.301094968	1.37052214	1.227191187	1.364555966	1.336154623	1.360103855	1.22688488	1.327239683	1.268912091	1.326134322	1.463263854	1.328167415	1.330621678	1.20968263	1.295568858	1.313361668	1.338712381
S011	1.391509252	1.372001985	1.405357354	1.384516674	1.475704882	1.326890651	1.407762416	1.402245523	1.356158867	1.393271993	0	1.323569159	1.365684555	1.469103829	1.288962466	1.353131311	1.35106209	1.393112668	1.328466345	1.362018739	1.374248141	1.316453393	1.396861139	1.33087975	1.375482143	1.340772462	1.424459848	1.426941461	1.36986478	1.338515017	1.297920929	1.37900049	1.402024295	1.350105353	1.371419477	1.502316661	1.490396338	1.35495663	1.425081759	1.282691869	1.279987085	1.413235747	1.353178666	1.359470139	1.331846933	1.39830002	1.401445676	1.351173728	1.370873831	1.464695862	1.296403265	1.365305216	1.304390296	1.478818526	1.400571335	1.327662991	1.434958768	1.443094089	1.269734166	1.395418642	1.373958415	1.29563983	1.414683512	1.294284858	1.266010762	1.424258953	1.353186355	1.356030627	1.406286245	1.367598653	1.284865389	1.388845513	1.409790683	1.315566829	1.356634258	1.386162889	1.401690398	1.32855703	1.418849377	1.471047922	1.392163777	1.398029669	1.384865775	1.421580691	1.375766175	1.338310664	1.409169489	1.3557986	1.433079474	1.332177439	1.272326092	1.36277728	1.365970665	1.403834899	1.322631532	1.387682763	1.365583559	1.311807727	1.352556527	1.36751086
S012	1.204030999	1.334125198	1.255940641	1.299087915	1.329977757	1.248861836	1.246171153	1.190231108	1.233016988	1.277120436	1.323569159	0	1.232652636	1.32657825	1.209580665	1.226642088	1.333546629	1.314698063	1.219506688	1.258392216	1.332760196	1.265644858	1.27851056	1.307008881	1.299765358	1.244929509	1.309026495	1.287529094	1.301853453	1.190491036	1.286346708	1.251221447	1.35719653	1.31361666	1.228549798	1.38980633	1.299635099	1.264473181	1.427049746	1.268424934	1.213468486	1.234842808	1.214135491	1.265446796	1.30347455	1.350000897	1.220906025	1.342397991	1.232575078	1.294712575	1.271244876	1.290457705	1.211168067	1.445245149	1.29747699	1.18325142	1.280111275	1.28479056	1.313120889	1.278339117	1.194302874	1.323254177	1.275536681	1.224603289	1.287821637	1.248905032	1.174258214	1.269010754	1.375278884	1.18340389	1.2646173	1.236814034	1.394330228	1.222141418	1.193837585	1.32143935	1.254333259	1.300425541	1.383546992	1.379160907	1.274175958	1.218789794	1.285876638	1.278697674	1.284342104	1.197990957	1.275129618	1.270447047	1.234882679	1.283757556	1.297582125	1.250137439	1.295046116	1.315733826	1.276247357	1.272012268	1.189604454	1.249129288	1.212184768	1.286604613
S013	1.288675459	1.26771387	1.330396607	1.341963931	1.327901751	1.154343994	1.246208037	1.182886144	1.314877878	1.288155454	1.365684555	1.232652636	0	1.483311714	1.210308823	1.228698546	1.313151907	1.335777035	1.276303974	1.258872242	1.29932261	1.269630124	1.23581203	1.245849475	1.238195932	1.222676775	1.256953635	1.273283522	1.331452597	1.364928848	1.249681084	1.295374057	1.32673533	1.31281205	1.169332416	1.360671266	1.377621959	1.297188967	1.289105842	1.259361472	1.127849636	1.326181822	1.298027749	1.29609349	1.265585608	1.345038411	1.230505267	1.262483585	1.241539608	1.288420373	1.34440751	1.294561237	1.219487691	1.411183281	1.350477164	1.210210898	1.337637481	1.30793967	1.371296231	1.276836131	1.25141916	1.264438779	1.251401323	1.163394141	1.185423629	1.279692572	1.215728888	1.148999712	1.24314986	1.24240017	1.143481846	1.191798866	1.381462358	1.178680928	1.292540443	1.338333124	1.186028523	1.283031181	1.30803268	1.332604153	1.236185412	1.286833514	1.2684295	1.404493372	1.265094582	1.196803239	1.31667247	1.252480969	1.244564723	1.230690222	1.247599779	1.287416665	1.24362	1.31417563	1.202592627	1.298786406	1.20044631	1.223411022	1.23013841	1.328751557
S014	1.379309393	1.379726834	1.431666471	1.567164787	1.458798113	1.387899672	1.364043917	1.344966944	1.382018038	1.414673962	1.469103829	1.32657825	1.483311714	0	1.343172893	1.341509236	1.384651633	1.483085101	1.439941464	1.349072162	1.434175324	1.364657168	1.453325312	1.476116059	1.428869288	1.295668217	1.405830261	1.462327656	1.420980503	1.304008216	1.394772942	1.390813239	1.43829067	1.406271808	1.398613714	1.450512266	1.534623327	1.484632947	1.473437778	1.342256906	1.344250128	1.41981701	1.483749353	1.41722077	1.472934268	1.447699111	1.365073849	1.472463295	1.387510404	1.374888329	1.420241806	1.457860451	1.338439367	1.426948729	1.397258796	1.300963224	1.432669585	1.444863588	1.378485911	1.474589419	1.395084576	1.459136293	1.376972109	1.327219507	1.468657015	1.410865376	1.281833738	1.393349202	1.459255862	1.36966888	1.406412662	1.408620976	1.469286238	1.44444976	1.377538225	1.441878528	1.367920055	1.339223391	1.449522092	1.496186903	1.408535228	1.276590828	1.455502698	1.433198506	1.434053104	1.389090941	1.41277549	1.389515105	1.321801137	1.42064515	1.444557203	1.444669687	1.366981468	1.471622466	1.382294001	1.382728366	1.302180992	1.444875626	1.436426348	1.387087027
S015	1.27069189	1.212124581	1.257777076	1.307747864	1.359242386	1.227984729	1.219997624	1.244996731	1.242809213	1.245921255	1.288962466	1.209580665	1.210308823	1.343172893	0	1.210848797	1.348862188	1.244020264	1.209422103	1.154289249	1.302382311	1.230800397	1.236395559	1.272403336	1.267767211	1.218569128	1.177442348	1.285811263	1.382820894	1.250369609	1.180028975	1.287039384	1.318593881	1.298175185	1.163527171	1.292695621	1.37601165	1.254402966	1.264483229	1.188421127	1.180089501	1.295888931	1.213860158	1.245882595	1.263225509	1.28916709	1.254587244	1.329992944	1.175251475	1.196974374	1.229977741	1.22350442	1.169603726	1.3826834	1.326678417	1.217449267	1.30710198	1.299298611	1.189056572	1.314686158	1.188802433	1.24470751	1.30110024	1.21099683	1.16793251	1.305303233	1.245481293	1.235903279	1.229801589	1.179518385	1.190036209	1.247871529	1.339475915	1.241024783	1.215428294	1.304421567	1.200594082	1.271653078	1.223070687	1.36778425	1.215240147	1.231035855	1.307803293	1.308905743	1.192234375	1.159919042	1.383826127	1.131987886	1.2844773	1.200090019	1.301478106	1.220381068	1.235277159	1.280326461	1.197305238	1.212176967	1.222200979	1.285055611	1.250478987	1.251638544
S016	1.288208127	1.221817536	1.208299747	1.330967255	1.334499723	1.21601479	1.259331271	1.251802608	1.231297814	1.255326418	1.353131311	1.226642088	1.228698546	1.341509236	1.210848797	0	1.410203631	1.265959883	1.262261456	1.173207304	1.285505674	1.259266558	1.266194712	1.282569957	1.277366166	1.259175149	1.254579559	1.30545033	1.351217797	1.186294654	1.299878348	1.284455181	1.391521966	1.28055216	1.12867569	1.32982622	1.336065159	1.309509365	1.308608182	1.209791724	1.196425864	1.288374002	1.278618369	1.249636686	1.294259752	1.281200899	1.188184517	1.273462829	1.276122572	1.251032613	1.12926296	1.224181571	1.153983357	1.388744443	1.279411408	1.151511616	1.310990553	1.278273178	1.202066627	1.293203465	1.255138648	1.198485281	1.341052523	1.179370755	1.261331499	1.42635668	1.188003652	1.31807755	1.302731814	1.139759122	1.221439912	1.2462518	1.378394272	1.249491072	1.191248603	1.314879082	1.187546185	1.253037119	1.2546674	1.432582123	1.237441572	1.201540858	1.36343645	1.242936002	1.263299306	1.182083903	1.246466688	1.250216851	1.318995449	1.244019998	1.301851217	1.218552437	1.248777372	1.399163522	1.212880165	1.245214714	1.141485686	1.259341114	1.2123706	1.280602095
S017	1.34926891	1.367967015	1.458936436	1.441323906	1.376476456	1.311228937	1.33170368	1.353034351	1.360436237	1.424870361	1.35106209	1.333546629	1.313151907	1.384651633	1.348862188	1.410203631	0	1.44793288	1.368234379	1.343491309	1.377436611	1.309163031	1.430830437	1.450567656	1.313829509	1.283618504	1.328694818	1.405262789	1.255172666	1.340551305	1.376403719	1.381009998	1.506936781	1.431663913	1.278639857	1.454040551	1.46509634	1.445786626	1.481184237	1.342880991	1.264840507	1.465369209	1.438293592	1.378403355	1.365522813	1.424125742	1.379100182	1.467362586	1.335496607	1.42485508	1.331341875	1.360430754	1.349987816	1.498667156	1.302195515	1.434882613	1.39275402	1.461832717	1.338770118	1.359802946	1.385413949	1.34934748	1.363020756	1.322277674	1.375475256	1.467205881	1.363732209	1.367639997	1.441873169	1.387573937	1.339215013	1.388345579	1.426079951	1.336791261	1.412031642	1.444414001	1.301835516	1.447482002	1.392762861	1.436101378	1.394972011	1.336296129	1.379094023	1.420622639	1.511300027	1.316296498	1.307002141	1.362625074	1.408100736	1.374629799	1.342713516	1.273653756	1.384594635	1.390135861	1.419628162	1.329125091	1.327143929	1.353682195	1.307951863	1.410664198
S018	1.306108936	1.296974547	1.454218328	1.30889426	1.403281266	1.275988337	1.341094672	1.307728175	1.381469561	1.280771517	1.393112668	1.314698063	1.335777035	1.483085101	1.244020264	1.265959883	1.44793288	0	1.312118107	1.358659675	1.416212577	1.357962525	1.365544907	1.384441564	1.394436413	1.304087404	1.342511588	1.376213969	1.372905446	1.269234153	1.339327413	1.400641622	1.438621329	1.415769629	1.298964869	1.385303425	1.402389618	1.360435958	1.371424711	1.306768729	1.248908583	1.370068957	1.435106348	1.344018827	1.385998189	1.409384876	1.380441446	1.22490292	1.347371553	1.369856976	1.322059773	1.2781794	1.320658842	1.413264986	1.441302351	1.302600703	1.402822788	1.341456779	1.304723962	1.418537436	1.316298789	1.26532801	1.400401328	1.33664889	1.224489154	1.456061841	1.267181177	1.319677645	1.395826463	1.291989723	1.254307645	1.355642307	1.416864421	1.343461201	1.287073294	1.333494209	1.314119524	1.355054706	1.443145403	1.4627301	1.337926003	1.311434693	1.414224347	1.381319583	1.413706797	1.32081005	1.456598383	1.257372848	1.37577447	1.315560129	1.30990861	1.366448304	1.330480173	1.410474101	1.316925258	1.366250665	1.324494871	1.347498271	1.350841407	1.340165872
S019	1.309604749	1.253148072	1.298413229	1.270891393	1.383956273	1.291979486	1.249187891	1.22276719	1.26630563	1.174197226	1.328466345	1.219506688	1.276303974	1.439941464	1.209422103	1.262261456	1.368234379	1.312118107	0	1.264528642	1.277134808	1.232416394	1.33617861	1.296655569	1.288572442	1.155418557	1.268896527	1.32477478	1.260651565	1.288715444	1.29346354	1.276736657	1.286946254	1.27248734	1.24315351	1.341136132	1.345759833	1.294046353	1.31866858	1.337699788	1.240497866	1.30835438	1.280494407	1.302499652	1.2770628	1.357914547	1.308443789	1.274524845	1.252090592	1.292914467	1.175340324	1.243715791	1.253909715	1.362711325	1.342339082	1.224214692	1.420568767	1.313608644	1.254592817	1.268280949	1.356982448	1.277740721	1.301060729	1.288576253	1.246119165	1.370048446	1.194167388	1.263835688	1.380208176	1.25572382	1.27497056	1.25461058	1.283807198	1.27152994	1.382386383	1.38868174	1.316142329	1.282370263	1.271254966	1.230244861	1.317279666	1.181731926	1.35033078	1.280723454	1.295024504	1.268836681	1.27756305	1.234545693	1.347300795	1.202558696	1.280813785	1.263922287	1.353557676	1.420520322	1.188402091	1.346950136	1.187575328	1.301281204	1.225623044	1.208828765
S020	1.190482579	1.21745521	1.223650589	1.334635117	1.367108385	1.111994104	1.249241649	1.154170794	1.28126429	1.256492368	1.362018739	1.258392216	1.258872242	1.349072162	1.154289249	1.173207304	1.343491309	1.358659675	1.264528642	0	1.266098254	1.228341826	1.28816625	1.316928315	1.17779995	1.280930253	1.237765171	1.329138258	1.347543151	1.21268617	1.246135508	1.217229563	1.292555124	1.313371242	1.22088899	1.267095014	1.371882859	1.284421079	1.327570152	1.298680556	1.173544746	1.247792326	1.323597669	1.278761532	1.2991961	1.277267137	1.187546725	1.331402473	1.178130906	1.241765719	1.243770732	1.187173853	1.183132781	1.370354247	1.281125938	1.221456024	1.250197223	1.302329724	1.178917835	1.326519907	1.211439112	1.340365991	1.276526523	1.229933797	1.258300525	1.240179988	1.250411406	1.175109772	1.306105808	1.156988276	1.240467446	1.229826666	1.32006844	1.310605154	1.272176515	1.339133792	1.235565401	1.203405839	1.284050028	1.355102447	1.265247562	1.187958644	1.371710786	1.263301534	1.24254368	1.168708867	1.27938816	1.182909715	1.212823483	1.24697895	1.277698259	1.205054063	1.253627016	1.376421824	1.155211995	1.303334498	1.21976594	1.32221413	1.271297426	1.284443899
S021	1.283094421	1.246187746	1.364103255	1.433449755	1.368360275	1.33144287	1.370076463	1.305730222	1.400016888	1.337752514	1.374248141	1.332760196	1.29932261	1.434175324	1.302382311	1.285505674	1.377436611	1.416212577	1.277134808	1.266098254	0	1.257100612	1.243049136	1.334584037	1.408777146	1.284573549	1.370688169	1.355178682	1.414796043	1.343601122	1.33319847	1.370281819	1.409637362	1.364569776	1.263191618	1.481308108	1.378316783	1.417766197	1.44065264	1.306336616	1.299003028	1.358132542	1.337092745	1.313326206	1.287456912	1.401900071	1.320537003	1.471965701	1.341180034	1.356516655	1.335258628	1.398144377	1.276197155	1.398161185	1.351103288	1.214294896	1.393390367	1.30968281	1.313910057	1.347705381	1.332705226	1.268633245	1.321349045	1.288730451	1.270047441	1.376626942	1.29545617	1.30667419	1.288888022	1.241606368	1.280476814	1.3013564	1.391789428	1.284507126	1.346558413	1.395883768	1.249686565	1.342023147	1.256247562	1.258293701	1.300755456	1.365550758	1.381737352	1.380106612	1.30503332	1.244400889	1.345018292	1.280611543	1.365610829	1.224460558	1.301964715	1.346460333	1.23611125	1.45220895	1.295915755	1.326539644	1.324825336	1.31706024	1.229014364	1.286904045
S022	1.262683393	1.20587314	1.327246551	1.289920881	1.342257595	1.236121604	1.271065813	1.193478148	1.315811962	1.220843662	1.316453393	1.265644858	1.269630124	1.364657168	1.230800397	1.259266558	1.309163031	1.357962525	1.232416394	1.228341826	1.257100612	0	1.219644778	1.344377217	1.282004138	1.283910453	1.257229869	1.38154086	1.332491767	1.263232948	1.272534194	1.343765047	1.277733648	1.312640952	1.274576888	1.38771635	1.360684281	1.296901205	1.31769769	1.304725826	1.215214888	1.319163544	1.278292189	1.27016579	1.251498962	1.218828341	1.245562207	1.337691351	1.26746018	1.325172537	1.2872797	1.291344253	1.203526201	1.392432999	1.331361568	1.152319038	1.294013493	1.28567586	1.356934609	1.266865093	1.329120596	1.224255085	1.279996309	1.186104113	1.216948953	1.370146466	1.229204198	1.26434697	1.36963728	1.275264096	1.207644962	1.218775026	1.400710654	1.307720766	1.317380525	1.318632262	1.239603867	1.317475573	1.174673504	1.286161385	1.235741896	1.207018878	1.355483736	1.368793128	1.32258437	1.149710833	1.284896872	1.243829857	1.231391119	1.189897476	1.326330773	1.237369761	1.323991266	1.298123976	1.314259917	1.25967248	1.262063934	1.301301476	1.226452262	1.324191633
S023	1.333082803	1.302038794	1.328035285	1.443416281	1.432858499	1.294752832	1.276067197	1.338109442	1.342020176	1.370782484	1.396861139	1.27851056	1.23581203	1.453325312	1.236395559	1.266194712	1.430830437	1.365544907	1.33617861	1.28816625	1.243049136	1.219644778	0	1.310638637	1.332273844	1.293090777	1.397304811	1.370901014	1.485052443	1.268517654	1.270532702	1.353512873	1.368263322	1.31389954	1.22662875	1.372389976	1.406925267	1.384896177	1.402850798	1.338700586	1.333497124	1.293309062	1.338567361	1.253818996	1.382002982	1.394549043	1.305204063	1.326923089	1.31579237	1.337801889	1.408008696	1.378131137	1.219222733	1.413844287	1.337420898	1.295381874	1.273650231	1.36422623	1.330678645	1.372676985	1.264226902	1.329635777	1.346643465	1.260705357	1.283310549	1.327946508	1.282137914	1.281661224	1.382809346	1.340195706	1.227054134	1.276978594	1.375796542	1.246905224	1.265985069	1.347608398	1.281514963	1.343989279	1.310896324	1.364226307	1.278973556	1.201406036	1.391408052	1.349360842	1.341518722	1.190671609	1.423197006	1.210668217	1.221185443	1.311519144	1.266970835	1.222884103	1.247267908	1.329906908	1.343453513	1.372735796	1.24116979	1.323305778	1.330393698	1.363098035
S024	1.349948052	1.298590619	1.397993984	1.454739962	1.388932018	1.365968683	1.379914638	1.297934283	1.328490291	1.292139911	1.33087975	1.307008881	1.245849475	1.476116059	1.272403336	1.282569957	1.450567656	1.384441564	1.296655569	1.316928315	1.334584037	1.344377217	1.310638637	0	1.336959965	1.328104626	1.40687063	1.299092233	1.402739262	1.381164711	1.319635267	1.402524806	1.372474903	1.306672781	1.306465029	1.494883569	1.338807396	1.463683532	1.318573213	1.301750043	1.257143701	1.365407949	1.39444096	1.395752735	1.315261639	1.365941608	1.39486879	1.365496498	1.365306091	1.452678796	1.344929463	1.352387334	1.296650044	1.416489868	1.460700953	1.311461075	1.360360166	1.378654939	1.396480894	1.314858624	1.351415487	1.244695096	1.386558638	1.258203036	1.30618416	1.395663609	1.357169601	1.335275789	1.273610865	1.381037927	1.304454685	1.314599997	1.381323187	1.353385153	1.302804206	1.279507819	1.333800174	1.368729448	1.321455947	1.44767801	1.351343427	1.304123617	1.357759231	1.335634355	1.413833541	1.279858532	1.357476809	1.25000678	1.301995874	1.340499075	1.427683944	1.285915966	1.317257933	1.450592887	1.287895362	1.346142657	1.307088891	1.339092463	1.332416675	1.358488466
S025	1.188119659	1.236550128	1.306442343	1.360650519	1.321549967	1.249167732	1.224790773	1.179275038	1.287186814	1.268023298	1.375482143	1.299765358	1.238195932	1.428869288	1.267767211	1.277366166	1.313829509	1.394436413	1.288572442	1.17779995	1.408777146	1.282004138	1.332273844	1.336959965	0	1.205112081	1.269750235	1.322520082	1.314657683	1.282479902	1.356488792	1.306214599	1.362875868	1.325899896	1.187235982	1.352756996	1.333306501	1.356023947	1.30004193	1.329041408	1.22740933	1.367906252	1.285676627	1.320917572	1.342621768	1.381060555	1.273795017	1.341223207	1.317088842	1.355934529	1.200063306	1.316775253	1.252917199	1.408785203	1.355484566	1.234493056	1.363944829	1.379191752	1.294886131	1.302360723	1.290523256	1.398516939	1.269304497	1.256109215	1.271417483	1.27306696	1.305210914	1.258828894	1.368310752	1.328703382	1.213010674	1.310196142	1.361842582	1.274078312	1.351931105	1.434521002	1.133219311	1.299909441	1.310746038	1.454176559	1.206408214	1.17626684	1.361847934	1.31998303	1.286892388	1.259566659	1.294221292	1.243433489	1.238994829	1.22750268	1.331677949	1.315862509	1.206453868	1.310820068	1.233137983	1.324212254	1.233232714	1.269916458	1.268542782	1.245903439
S026	1.215742376	1.211989945	1.287915832	1.380678822	1.271767548	1.213785199	1.25025777	1.216139485	1.288727175	1.216087753	1.340772462	1.244929509	1.222676775	1.295668217	1.218569128	1.259175149	1.283618504	1.304087404	1.155418557	1.280930253	1.284573549	1.283910453	1.293090777	1.328104626	1.205112081	0	1.291420746	1.205613733	1.268983478	1.300364829	1.266938089	1.171890356	1.315368755	1.346092447	1.217446827	1.278096117	1.328258304	1.308356202	1.367951095	1.321618691	1.155255013	1.334486075	1.343588414	1.217318207	1.361679055	1.312283632	1.187039902	1.335542748	1.289541371	1.27792083	1.300608515	1.246692352	1.250150206	1.361895232	1.354050015	1.240391359	1.371338432	1.295230135	1.264689242	1.359780576	1.266302239	1.317147298	1.300900684	1.235377738	1.244084618	1.320759989	1.213010111	1.253061927	1.316384537	1.252161131	1.240747873	1.218270267	1.379424903	1.207298629	1.252795362	1.342743711	1.211038036	1.32130074	1.301561057	1.312595138	1.240246841	1.189329075	1.284197285	1.294134613	1.315513647	1.202229734	1.301942967	1.222704422	1.240085574	1.220833755	1.24165693	1.24281858	1.236406975	1.308236175	1.245189038	1.268239641	1.199345371	1.198377157	1.255749115	1.273678776
S027	1.26062425	1.306406877	1.39334294	1.375727638	1.32749462	1.211048285	1.209944152	1.203832011	1.251921553	1.294086939	1.424459848	1.309026495	1.256953635	1.405830261	1.177442348	1.254579559	1.328694818	1.342511588	1.268896527	1.237765171	1.370688169	1.257229869	1.397304811	1.40687063	1.269750235	1.291420746	0	1.445809091	1.35562122	1.247216815	1.310692027	1.272888514	1.387701317	1.341857779	1.256592239	1.355609641	1.391462904	1.30682166	1.365182173	1.321196191	1.198176985	1.333863107	1.23082476	1.326485441	1.328835811	1.296727964	1.19017231	1.406387814	1.312701475	1.307158004	1.247467929	1.273384298	1.238655256	1.43410811	1.410157353	1.263948777	1.31314905	1.398315209	1.260708216	1.382671942	1.371019375	1.316371086	1.27580579	1.200322676	1.244783132	1.423296457	1.251582389	1.319021471	1.342615237	1.209233631	1.216694919	1.231791703	1.302214929	1.358885205	1.349277736	1.323998701	1.14352243	1.260901224	1.278060365	1.427572984	1.285050309	1.205728517	1.324728283	1.267749443	1.373149281	1.237406938	1.353476899	1.275517854	1.273434914	1.263269183	1.219739556	1.368954364	1.307270207	1.385384525	1.227327072	1.275822877	1.204932005	1.283607151	1.246079111	1.314253926
S028	1.351597739	1.284182588	1.375420401	1.393882721	1.390461847	1.347526638	1.354717469	1.29699369	1.371135242	1.338804546	1.426941461	1.287529094	1.273283522	1.462327656	1.285811263	1.30545033	1.405262789	1.376213969	1.32477478	1.329138258	1.355178682	1.38154086	1.370901014	1.299092233	1.322520082	1.205613733	1.445809091	0	1.307729035	1.284685374	1.36182879	1.343787161	1.431977402	1.32355932	1.329580772	1.458325918	1.479691371	1.408620937	1.357167116	1.358676052	1.33417903	1.337062482	1.374022067	1.334429876	1.45662577	1.445582869	1.298874203	1.367707469	1.36885984	1.411607455	1.384232694	1.339964121	1.261341055	1.400337937	1.400779874	1.291924848	1.410422255	1.294565768	1.329752041	1.409774921	1.350511046	1.425458699	1.351352017	1.329222913	1.335974753	1.416760448	1.35799431	1.382574276	1.375077244	1.332391084	1.260123432	1.301653358	1.514463094	1.31841218	1.305535897	1.380059216	1.394767035	1.376497979	1.282205378	1.371611185	1.316858554	1.332956144	1.402087978	1.449767244	1.442346234	1.340621375	1.410843536	1.302032951	1.370850749	1.315988214	1.324763477	1.338072379	1.31445396	1.487300388	1.374737339	1.293045402	1.328450502	1.303170982	1.323901904	1.289438735
S029	1.29689989	1.354422771	1.400207678	1.35147539	1.388639806	1.334914331	1.279422078	1.347881491	1.329807221	1.318124099	1.36986478	1.301853453	1.331452597	1.420980503	1.382820894	1.351217797	1.255172666	1.372905446	1.260651565	1.347543151	1.414796043	1.332491767	1.485052443	1.402739262	1.314657683	1.268983478	1.35562122	1.307729035	0	1.368319593	1.308585463	1.329037408	1.404636761	1.390723207	1.275650905	1.416847239	1.287471852	1.403893816	1.423459165	1.307016505	1.269670911	1.408009027	1.397982578	1.365264207	1.385509155	1.390115218	1.3926926	1.365414536	1.376936573	1.45322259	1.344753015	1.319762908	1.365397202	1.461667042	1.450346661	1.353224879	1.357040468	1.397176237	1.368146442	1.352079852	1.360538407	1.36386609	1.417425188	1.290953252	1.342028326	1.471997609	1.304517383	1.410664353	1.414681117	1.330524341	1.360316579	1.362873335	1.515804349	1.281452851	1.39301513	1.469500567	1.356009468	1.332969902	1.427942479	1.402247232	1.401355351	1.266644619	1.353118151	1.350229435	1.323161669	1.324284064	1.426294921	1.30193712	1.435934176	1.280790029	1.29826415	1.332650778	1.376306025	1.382192487	1.279163508	1.408793931	1.300333495	1.306996887	1.302764303	1.382511336
S030	1.215601073	1.277841034	1.262233257	1.405421495	1.411328729	1.214173446	1.177840849	1.248378036	1.219489948	1.279241146	1.338515017	1.190491036	1.364928848	1.304008216	1.250369609	1.186294654	1.340551305	1.269234153	1.288715444	1.21268617	1.343601122	1.263232948	1.268517654	1.381164711	1.282479902	1.300364829	1.247216815	1.284685374	1.368319593	0	1.256007958	1.219095377	1.35218055	1.297760472	1.261255366	1.312233868	1.398740055	1.353896509	1.36013271	1.184357026	1.182280198	1.26394023	1.306414919	1.258777446	1.29762632	1.329115377	1.242656609	1.302359755	1.297633262	1.325710983	1.28084889	1.269360637	1.151855211	1.338505887	1.38812533	1.24993796	1.318279135	1.2548131	1.250643525	1.298037651	1.306713342	1.340494545	1.303381409	1.231943015	1.188461509	1.354803126	1.25536739	1.31963039	1.34341728	1.201736918	1.263106006	1.222862466	1.344166778	1.267216962	1.240039557	1.414349898	1.249948431	1.251679017	1.358676506	1.358620693	1.27586398	1.195197084	1.366165384	1.279106842	1.367521104	1.185995583	1.340427704	1.274916259	1.226052187	1.194364376	1.276904697	1.318928423	1.241073752	1.33611218	1.231417959	1.166835426	1.226864494	1.307641802	1.293379186	1.207711437
S031	1.327577151	1.26027854	1.339604285	1.315347437	1.408263119	1.31977796	1.337713165	1.242223208	1.351605722	1.34590219	1.297920929	1.286346708	1.249681084	1.394772942	1.180028975	1.299878348	1.376403719	1.339327413	1.29346354	1.246135508	1.33319847	1.272534194	1.270532702	1.319635267	1.356488792	1.266938089	1.310692027	1.36182879	1.308585463	1.256007958	0	1.379542739	1.257388778	1.39034712	1.313706316	1.272642348	1.362883083	1.287324127	1.392796498	1.304116126	1.211219942	1.213763068	1.313245475	1.187818982	1.301201006	1.365537027	1.334443587	1.296322113	1.256296628	1.341659701	1.286785806	1.220221711	1.235448799	1.365894059	1.36887858	1.249802136	1.337111995	1.34533198	1.306911841	1.294157637	1.30674229	1.317065611	1.284691683	1.244670155	1.258461261	1.243598452	1.24654888	1.284636694	1.266247126	1.350950314	1.239423868	1.307036208	1.352793156	1.230220696	1.363128857	1.348908492	1.292721867	1.245812461	1.325631698	1.393443259	1.31338477	1.251197528	1.376346442	1.288789258	1.317693338	1.294525719	1.361486806	1.191726781	1.291599061	1.295918604	1.297184177	1.259587665	1.272991786	1.422576778	1.318198237	1.259114682	1.251454022	1.331687882	1.35396996	1.315648073
S032	1.264888716	1.271520369	1.259471908	1.394500508	1.351558766	1.256823797	1.208048672	1.261498561	1.332325055	1.288105753	1.37900049	1.251221447	1.295374057	1.390813239	1.287039384	1.284455181	1.381009998	1.400641622	1.276736657	1.217229563	1.370281819	1.343765047	1.353512873	1.402524806	1.306214599	1.171890356	1.272888514	1.343787161	1.329037408	1.219095377	1.379542739	0	1.385300181	1.248635791	1.241799263	1.416791191	1.395236392	1.410982238	1.337630891	1.329860237	1.224138373	1.359380477	1.341389282	1.267269751	1.340868305	1.334295362	1.171371062	1.399736174	1.315490487	1.418727746	1.306214117	1.290985196	1.295801994	1.40274153	1.474138447	1.244788989	1.373541922	1.441837765	1.315285476	1.305753088	1.262485965	1.386189258	1.346955372	1.29402766	1.372944606	1.310075525	1.352310543	1.298332515	1.343076579	1.224440965	1.237869027	1.335058769	1.491411925	1.292248327	1.382014454	1.434460453	1.270326012	1.348046196	1.409023361	1.354200982	1.294461169	1.203618501	1.381986557	1.308743113	1.389134765	1.283923782	1.334603715	1.29650558	1.299068104	1.274357721	1.307690572	1.38304859	1.262742231	1.422358871	1.284522512	1.305787645	1.212986271	1.313396891	1.257648797	1.307690848
S033	1.424402755	1.321940334	1.350881161	1.344481059	1.420204929	1.27620425	1.350097449	1.364954712	1.39934389	1.3731513	1.402024295	1.35719653	1.32673533	1.43829067	1.318593881	1.391521966	1.506936781	1.438621329	1.286946254	1.292555124	1.409637362	1.277733648	1.368263322	1.372474903	1.362875868	1.315368755	1.387701317	1.431977402	1.404636761	1.35218055	1.257388778	1.385300181	0	1.421382456	1.294976934	1.301424926	1.385440101	1.391366047	1.453027106	1.382714496	1.331608244	1.399778316	1.338218291	1.339307724	1.341080244	1.443920853	1.402926945	1.380877475	1.450878062	1.444907175	1.438998546	1.412046597	1.257749131	1.390302763	1.406843354	1.355614978	1.380657149	1.437561434	1.402036539	1.309290691	1.396370938	1.392796745	1.334845517	1.322227595	1.382601241	1.314484388	1.37998783	1.409954806	1.39354055	1.3884317	1.335223546	1.27118336	1.454749808	1.350309532	1.393091095	1.479466784	1.402673475	1.325481893	1.419118068	1.428610929	1.328910056	1.254576362	1.351685778	1.403598998	1.42848228	1.294884571	1.438476516	1.254997163	1.320759841	1.318164924	1.432372089	1.376896429	1.453149246	1.468320158	1.359683601	1.365329556	1.345267414	1.249346434	1.381803844	1.423805555
