	S001	S002	S003	S004	S005	S006	S007	S008	S009	S010	S011	S012	S013	S014	S015	S016	S017	S018	S019	S020	S021	S022	S023	S024	S025	S026	S027	S028	S029	S030	S031	S032	S033	S034	S035	S036	S037	S038	S039	S040	S041	S042	S043	S044	S045	S046	S047	S048	S049	S050	S051	S052	S053	S054	S055	S056	S057	S058	S059	S060	S061	S062	S063	S064	S065	S066	S067	S068	S069	S070	S071	S072	S073	S074	S075	S076	S077	S078	S079	S080	S081	S082	S083	S084	S085	S086	S087	S088	S089	S090	S091	S092	S093	S094	S095	S096	S097	S098	S099	S100
S001	0	1.71752407	1.700166342	1.709181999	1.73467869	1.735317527	1.711557459	1.714302486	1.486779912	1.741483084	1.807700363	1.661736141	1.725143927	1.737273287	1.661007262	1.704802906	1.785728641	1.796876274	1.696673456	1.763753983	1.682293163	1.646524212	1.799017574	1.70914028	1.761081496	1.691580158	1.568047651	1.670126586	1.766918675	1.797095835	1.672544432	1.682926191	1.660306625	1.629773404	1.715197577	1.635008175	1.546232028	1.805204725	1.615120097	1.667188845	1.71834161	1.702929357	1.70446491	1.813347528	1.743160096	1.70784344	1.628130693	1.754100145	1.698114547	1.623849431	1.619981084	1.775949582	1.814621938	1.508692553	1.711251182	1.733620529	1.717847436	1.718002011	1.716493802	1.75812571	1.687785441	1.762430263	1.761520706	1.750639459	1.619485448	1.772513276	1.756985297	1.68635387	1.680932978	1.726529178	1.731483013	1.672786916	1.604443502	1.728844072	1.650210093	1.72317333	1.730666712	1.724361597	1.663731306	1.726027713	1.76078123	1.772290574	1.7533158	1.655166191	1.654343024	1.731251598	1.747118098	1.666367177	1.686588919	1.770802933	1.767258521	1.725274393	1.746122214	1.77614396	1.69531086	1.794585458	1.66424848	1.635860544	1.751894336	1.787604462
S002	1.71752407	0	1.74123349	1.768127395	1.779745972	1.810111587	1.794547829	1.725678556	1.716738426	1.689809584	1.787607833	1.616781531	1.878995097	1.727845253	1.763815988	1.73794276	1.831467377	1.753783162	1.871459808	1.690235363	1.766626267	1.678967502	1.665704318	1.681932332	1.569968038	1.797170504	1.662898557	1.697032894	1.868034661	1.816139901	1.670161458	1.577446935	1.727469535	1.762728936	1.758905779	1.703126455	1.63637429	1.795394457	1.622374907	1.720771571	1.568860356	1.725552747	1.753252274	1.7200369	1.76109975	1.79819286	1.792354911	1.711491399	1.743898551	1.797178651	1.645183998	1.728979766	1.66981365	1.689365649	1.78312099	1.754606457	1.69826618	1.732849721	1.793734784	1.697054364	1.814437391	1.667496795	1.6573179	1.752876993	1.728222188	1.711014908	1.804662129	1.779522682	1.743644142	1.810424956	1.665298853	1.71176988	1.74827724	1.711569454	1.703038865	1.728036768	1.810772028	1.808959551	1.681173512	1.712289871	1.654556332	1.737565638	1.692239178	1.691208343	1.682427968	1.70193484	1.80047015	1.719178125	1.636742009	1.777068759	1.745168489	1.742556273	1.813639848	1.771929422	1.741293338	1.760733266	1.720784304	1.832511536	1.688161894	1.780288004
S003	1.700166342	1.74123349	0	1.782160311	1.772681132	1.728779505	1.784898393	1.74529536	1.687833824	1.782030552	1.850249431	1.718516917	1.794212279	1.773674155	1.712794244	1.777515292	1.747052611	1.821830996	1.79430839	1.739364401	1.697082057	1.794722966	1.781671024	1.744959518	1.757084094	1.808518054	1.758181057	1.721031436	1.773313569	1.785079853	1.72704969	1.733011967	1.761050407	1.853217068	1.802219789	1.799327785	1.817833988	1.818932247	1.786364815	1.768696693	1.598255446	1.789461099	1.79444618	1.795074662	1.791138686	1.784371588	1.687380483	1.768390205	1.836598257	1.774169895	1.712247706	1.758683118	1.778439052	1.718948225	1.80927027	1.746253543	1.835445284	1.671911795	1.75238517	1.738129336	1.744614233	1.732855873	1.784075896	1.703395757	1.692049438	1.82055483	1.826131905	1.808355828	1.739492164	1.689918414	1.779376045	1.831338934	1.786404638	1.751592576	1.795818853	1.806243014	1.769852206	1.769271249	1.76225355	1.729358049	1.737076234	1.836868558	1.824398654	1.803157889	1.769090308	1.662769878	1.811896176	1.839041805	1.809557115	1.800462535	1.849930109	1.832587065	1.711937242	1.84018611	1.758560194	1.77039172	1.747722672	1.753426544	1.666891038	1.648029112
S004	1.709181999	1.768127395	1.782160311	0	1.790449211	1.82062016	1.636210152	1.647346079	1.647960823	1.806342005	1.782655078	1.73876997	1.83197031	1.702150292	1.793037219	1.807904939	1.814589884	1.747147941	1.880845131	1.640792464	1.741375632	1.708914487	1.704832061	1.755261461	1.770603383	1.731006765	1.783532928	1.646917415	1.820310392	1.747226142	1.760039767	1.741868682	1.784214496	1.767504163	1.82868679	1.74516099	1.704266527	1.703671582	1.670703566	1.771970252	1.715385335	1.717794308	1.758932423	1.779432743	1.796132785	1.786399943	1.736698218	1.67052311	1.749292964	1.668312134	1.775086073	1.719710663	1.768489043	1.749053804	1.687500553	1.58667633	1.745292503	1.854003776	1.687608897	1.773459399	1.833989758	1.770353286	1.738761969	1.713900138	1.849588407	1.739898631	1.795718978	1.816523997	1.774934793	1.872426909	1.723924554	1.793901135	1.725495111	1.758955821	1.754078436	1.719488313	1.793631981	1.750040882	1.646122913	1.691707778	1.821326067	1.774773383	1.740119003	1.755195436	1.642721817	1.774247705	1.831181077	1.739342008	1.671344364	1.751122674	1.784713386	1.783354172	1.795340337	1.812712281	1.795163801	1.729159937	1.736032221	1.630589165	1.724472329	1.765830863
S005	1.73467869	1.779745972	1.772681132	1.790449211	0	1.795537765	1.767426491	1.716351306	1.748538606	1.744536282	1.736874385	1.755271779	1.699360625	1.852948893	1.585957632	1.644721428	1.794630291	1.822059436	1.623746836	1.621903329	1.718001387	1.64313019	1.74123667	1.664731636	1.71762228	1.726450848	1.704434477	1.72319889	1.765217227	1.768801089	1.75678961	1.683186099	1.763825373	1.77188483	1.688777953	1.744811263	1.68901222	1.751682075	1.742203175	1.737867771	1.689191862	1.636600381	1.70596409	1.756017746	1.806081492	1.714999684	1.771056133	1.745006411	1.659559679	1.700918945	1.610515524	1.722733752	1.722172832	1.777248881	1.814654334	1.816953359	1.633354784	1.790844991	1.722483228	1.652596484	1.777713097	1.695521153	1.701040026	1.669617177	1.75937082	1.758657274	1.710306255	1.793264132	1.7129988	1.74996363	1.673984039	1.825818288	1.744192614	1.720997658	1.740677473	1.65409532	1.68293357	1.767954385	1.73948861	1.704603035	1.806996034	1.807553912	1.729595368	1.671778893	1.742772066	1.689274736	1.72625425	1.672017925	1.663587699	1.804371499	1.732710393	1.768373223	1.6862126	1.73006171	1.744748462	1.651254638	1.786315996	1.769196418	1.760561984	1.745077584
S006	1.735317527	1.810111587	1.728779505	1.82062016	1.795537765	0	1.750189962	1.811245367	1.698230855	1.839292525	1.74799565	1.674771022	1.697132616	1.76123097	1.803240191	1.751542695	1.7427803	1.758254911	1.774753287	1.705768196	1.719028146	1.723141173	1.720158653	1.639298315	1.681076859	1.747981025	1.731139988	1.778040087	1.793649588	1.718496414	1.782199631	1.785518246	1.730937672	1.685419019	1.752908698	1.74198317	1.731221773	1.748096172	1.804338842	1.695315432	1.730355149	1.707708132	1.750362551	1.698653981	1.699198161	1.735924207	1.6917247	1.766078766	1.672550184	1.695345482	1.654445885	1.726233525	1.715520105	1.487320488	1.738214757	1.76416237	1.727823929	1.796516576	1.737750019	1.781093763	1.72437705	1.679879034	1.748256237	1.753370764	1.755813715	1.746317735	1.850854816	1.722232299	1.709850891	1.725229949	1.730615098	1.830254787	1.687831399	1.732451517	1.715351682	1.652938487	1.812914461	1.658092532	1.746691117	1.689024274	1.751167023	1.794237499	1.673478805	1.68267085	1.702703001	1.728000757	1.753291911	1.71003687	1.73203901	1.685275354	1.805233472	1.82413267	1.678855853	1.735183611	1.749233887	1.607504795	1.816071353	1.802026037	1.622772651	1.666889883
S007	1.711557459	1.794547829	1.784898393	1.636210152	1.767426491	1.750189962	0	1.794945011	1.714298375	1.715218705	1.740720672	1.742119762	1.720263452	1.758285154	1.750584863	1.760541813	1.780802228	1.838032637	1.734836987	1.70798398	1.710380856	1.752960351	1.704832463	1.737517389	1.730066043	1.691685671	1.730058988	1.729914007	1.64297273	1.757142504	1.767313573	1.717168612	1.677421768	1.634950913	1.703600586	1.756178168	1.715649789	1.72809689	1.79847834	1.656441166	1.753994193	1.721946634	1.650690789	1.784269319	1.712722037	1.682662421	1.766845442	1.757261956	1.749577566	1.65561711	1.672684267	1.721761873	1.808754285	1.681765286	1.612202383	1.775982842	1.754506025	1.817266502	1.627527889	1.726275277	1.6485954	1.795869618	1.751818651	1.663602858	1.775085371	1.729526297	1.649580148	1.708750527	1.737258945	1.602497579	1.714534754	1.782160579	1.688511239	1.674862205	1.729098562	1.779464847	1.720279351	1.747061478	1.613278241	1.731730998	1.786085093	1.777574513	1.704773165	1.81618402	1.695379975	1.812227939	1.886731907	1.78715114	1.707524418	1.731871114	1.752767366	1.74404259	1.718835127	1.671376167	1.723599265	1.729223083	1.722969595	1.793445217	1.686303479	1.655059209
S008	1.714302486	1.725678556	1.74529536	1.647346079	1.716351306	1.811245367	1.794945011	0	1.660514946	1.7202667	1.704369459	1.682977301	1.729121409	1.680563567	1.681467534	1.671584102	1.757949531	1.69575856	1.78514235	1.776647541	1.718494349	1.675543034	1.766067768	1.735429258	1.776511918	1.778993414	1.818183653	1.634019722	1.745230103	1.769782475	1.65239158	1.766512543	1.851876531	1.664551724	1.740299095	1.742970447	1.71221251	1.803265891	1.758229589	1.728549755	1.598093954	1.814165689	1.826268358	1.822961354	1.779451304	1.713336698	1.711192879	1.761642555	1.651072813	1.785196327	1.744296198	1.791904976	1.832971714	1.786350241	1.69581689	1.716629129	1.74370769	1.746309971	1.665826288	1.780001622	1.745680929	1.721199157	1.552150646	1.674677795	1.568358482	1.773846358	1.669159689	1.74941989	1.687960022	1.781634308	1.783986271	1.67497467	1.728458582	1.689289872	1.717530943	1.746305372	1.755645724	1.620980091	1.787055656	1.793110371	1.718143302	1.729569704	1.688247164	1.734948949	1.70043253	1.798877152	1.75188583	1.659950925	1.733189599	1.689964395	1.715494925	1.741746967	1.777411838	1.719264728	1.79392864	1.653119214	1.694539668	1.752504534	1.67157059	1.69573307
S009	1.486779912	1.716738426	1.687833824	1.647960823	1.748538606	1.698230855	1.714298375	1.660514946	0	1.6290475	1.695724235	1.609160315	1.691268529	1.612616821	1.700297086	1.60803481	1.629726813	1.615378882	1.644893932	1.771299451	1.667365809	1.618141248	1.607220816	1.67483068	1.71347042	1.681520696	1.769999061	1.730010522	1.645824563	1.713910547	1.663689662	1.658752967	1.686480557	1.63065143	1.763528129	1.659347945	1.615624908	1.768445637	1.740906737	1.653016471	1.761027352	1.671398855	1.769906814	1.655649958	1.727729574	1.686383568	1.547459335	1.657596597	1.738583489	1.586339799	1.626661926	1.712774906	1.799049132	1.584041711	1.668779928	1.669116037	1.708135448	1.678398971	1.764854446	1.683092972	1.667086085	1.651951653	1.632909568	1.718146371	1.728355202	1.596433384	1.719176309	1.66646225	1.622349124	1.673926388	1.707045431	1.60964144	1.701632222	1.678585108	1.676140803	1.696761366	1.70625276	1.629412841	1.663388244	1.632659921	1.718816894	1.595857158	1.58256716	1.717458839	1.666411018	1.70637724	1.752908962	1.683654117	1.654198813	1.720231531	1.677970331	1.699348547	1.727363022	1.605344896	1.622484254	1.599663626	1.616070548	1.571537034	1.633408352	1.799903986
S010	1.741483084	1.689809584	1.782030552	1.806342005	1.744536282	1.839292525	1.715218705	1.7202667	1.6290475	0	1.801039859	1.701861433	1.741658239	1.869941099	1.626567256	1.720907154	1.745680325	1.810046138	1.80277581	1.618741615	1.713609007	1.669334498	1.769038006	1.74053769	1.691427328	1.641952994	1.815557861	1.741796314	1.752591021	1.843487371	1.757059088	1.652699027	1.732260615	1.70896089	1.794368399	1.706864389	1.69637841	1.795471035	1.863948509	1.729959849	1.696064486	1.735067029	1.757518484	1.708391484	1.837245296	1.712358922	1.697077751	1.679815179	1.764503161	1.579734197	1.689023148	1.713249774	1.814892974	1.787693457	1.778716612	1.752810603	1.838314014	1.719925235	1.848051136	1.75279652	1.743708967	1.741165937	1.60688415	1.763969827	1.641005194	1.778404224	1.744550109	1.692961716	1.714294438	1.742729574	1.695539843	1.812165768	1.720061872	1.769318592	1.782596069	1.788467472	1.780762666	1.815455235	1.735934984	1.738012811	1.679512798	1.613296974	1.654458692	1.806243333	1.660288954	1.690068774	1.802055446	1.760110421	1.679669079	1.811240081	1.754141499	1.753286221	1.747231942	1.6594452	1.743913482	1.7179478	1.693749652	1.779808658	1.670968464	1.762587638
S011	1.807700363	1.787607833	1.850249431	1.782655078	1.736874385	1.74799565	1.740720672	1.704369459	1.695724235	1.801039859	0	1.673037348	1.771959788	1.668049048	1.654203727	1.751635281	1.75401771	1.673489475	1.732880249	1.7258398	1.722933994	1.783301577	1.681303869	1.616145933	1.771518561	1.802817667	1.743207996	1.678147317	1.743430604	1.739992004	1.769328253	1.69230591	1.735638242	1.751006415	1.758811114	1.809748964	1.619193639	1.77980003	1.712002274	1.645016702	1.638063173	1.819842526	1.756973489	1.736866439	1.752445183	1.781774419	1.770590822	1.77139233	1.747491648	1.710533356	1.706568721	1.839983159	1.722795617	1.71414576	1.706815517	1.791683746	1.768293467	1.846210224	1.758707223	1.758163683	1.742071888	1.74600002	1.725942133	1.671130768	1.765340271	1.671919389	1.691436618	1.778292159	1.699468855	1.691975903	1.672321758	1.712742521	1.626792255	1.652494957	1.763805358	1.730852721	1.706880527	1.778832024	1.632920199	1.666577416	1.628227859	1.757304431	1.699906185	1.83453061	1.661779525	1.729268235	1.776486817	1.730949548	1.662815608	1.663144676	1.586571776	1.720076168	1.778882171	1.736566841	1.707680639	1.706609623	1.793647149	1.814476779	1.666236685	1.681927549
S012	1.661736141	1.616781531	1.718516917	1.73876997	1.755271779	1.674771022	1.742119762	1.682977301	1.609160315	1.701861433	1.673037348	0	1.781237594	1.725473352	1.679332665	1.725734715	1.68538535	1.728740937	1.729694663	1.637488446	1.758376832	1.708929327	1.697104001	1.631909405	1.696239567	1.692993915	1.707351942	1.608412947	1.789510092	1.732921464	1.635553879	1.735949214	1.635952502	1.682634077	1.65775494	1.6863369	1.718437941	1.729695198	1.641656294	1.625361132	1.672177383	1.6458082	1.598619531	1.608200511	1.798975793	1.734170895	1.688646194	1.686247312	1.613744908	1.631465718	1.604075401	1.649281337	1.722963281	1.60448298	1.748794699	1.744433374	1.599783361	1.75628894	1.606941009	1.693453541	1.791515134	1.677875484	1.687856337	1.69904459	1.682009513	1.588964845	1.741643066	1.688648683	1.744418869	1.649103941	1.697229464	1.757992749	1.695368463	1.597502403	1.67160226	1.730767087	1.657050749	1.690873362	1.624983869	1.576461838	1.767907685	1.649820863	1.598260277	1.682092474	1.670731167	1.650916247	1.685194089	1.60988262	1.59182428	1.641505588	1.645907676	1.67598221	1.663229707	1.655136791	1.653684069	1.640479919	1.628092059	1.697642729	1.616601491	1.712694949
S013	1.725143927	1.878995097	1.794212279	1.83197031	1.699360625	1.697132616	1.720263452	1.729121409	1.691268529	1.741658239	1.771959788	1.781237594	0	1.744600624	1.748105847	1.767678077	1.842004956	1.707691513	1.803093883	1.760115678	1.745331756	1.796705525	1.725754347	1.752738565	1.728100089	1.695443135	1.752629158	1.758558533	1.702583584	1.756442642	1.695203743	1.697682004	1.70077678	1.637409967	1.794928636	1.849578508	1.741171285	1.713806816	1.689478354	1.693916552	1.671094419	1.782625852	1.808456563	1.837986535	1.811263677	1.696346269	1.723541156	1.765495132	1.660547828	1.683412936	1.710022715	1.742924821	1.804582739	1.697695328	1.715858745	1.806562014	1.668520073	1.83594898	1.785691705	1.639528193	1.752126532	1.719088596	1.556199427	1.78867927	1.801338429	1.793931223	1.807371296	1.779357947	1.796033783	1.801843823	1.659103098	1.721239889	1.733504633	1.852502035	1.747315006	1.733404081	1.639592337	1.710586554	1.715206903	1.66473991	1.754996251	1.852137077	1.719841849	1.79337921	1.728558551	1.767113889	1.751066033	1.745636358	1.694865678	1.865213692	1.721578542	1.705049708	1.746251225	1.675229051	1.754233179	1.695454301	1.764499065	1.773355207	1.768445229	1.746072469
S014	1.737273287	1.727845253	1.773674155	1.702150292	1.852948893	1.76123097	1.758285154	1.680563567	1.612616821	1.869941099	1.668049048	1.725473352	1.744600624	0	1.721192947	1.734875141	1.670131686	1.773531001	1.737129581	1.7098134	1.67707717	1.686313135	1.683118969	1.791251519	1.776025829	1.658355203	1.706801546	1.730322941	1.723830042	1.578266038	1.720548777	1.780412664	1.685909466	1.748151441	1.829331446	1.803677352	1.706167507	1.698566172	1.680117952	1.594705188	1.771896167	1.71220523	1.797703059	1.760647745	1.756596087	1.771715491	1.735726398	1.783591442	1.71831576	1.820084194	1.710897563	1.669252335	1.834537349	1.660388064	1.746222037	1.77089889	1.657565267	1.76451416	1.642427585	1.740604589	1.762736458	1.582884084	1.867237953	1.62259831	1.688006163	1.617661591	1.771929514	1.787632415	1.755204765	1.697018469	1.718157936	1.724439481	1.749429773	1.620313483	1.690427732	1.648554009	1.768722707	1.815701624	1.693511695	1.702622086	1.766576029	1.742887149	1.661383661	1.71338483	1.765074445	1.710434535	1.827129987	1.739094842	1.782464852	1.767658036	1.583365844	1.731661806	1.705839617	1.753643221	1.729599697	1.648123373	1.651083345	1.641617889	1.597968435	1.785347949
S015	1.661007262	1.763815988	1.712794244	1.793037219	1.585957632	1.803240191	1.750584863	1.681467534	1.700297086	1.626567256	1.654203727	1.679332665	1.748105847	1.721192947	0	1.687384802	1.617502449	1.741619514	1.6300436	1.553042041	1.724048697	1.736853242	1.732406436	1.573693096	1.755662938	1.743902682	1.650378587	1.55449467	1.773685721	1.737393747	1.771921308	1.709879887	1.666135303	1.721711318	1.704027823	1.631867441	1.494848202	1.678500473	1.692241825	1.732825169	1.71562827	1.649075567	1.708518428	1.682125706	1.78457542	1.764383142	1.769694495	1.681141419	1.646164645	1.605659505	1.69115861	1.682761814	1.711930556	1.672404793	1.752780748	1.749341977	1.69535903	1.807170679	1.549205492	1.53588569	1.739426171	1.611171027	1.667826324	1.645341017	1.763679052	1.700801368	1.629185865	1.69132251	1.621883786	1.651950102	1.702436311	1.765808602	1.80443174	1.669437242	1.669133737	1.63605204	1.783907822	1.708276633	1.71279259	1.604262345	1.675482586	1.763685872	1.578777144	1.799931479	1.774922348	1.711717218	1.633972806	1.678390919	1.539830921	1.717690669	1.578298431	1.698399889	1.731137078	1.60587254	1.68443067	1.546916614	1.732686296	1.752447658	1.67844148	1.729476804
S016	1.704802906	1.73794276	1.777515292	1.807904939	1.644721428	1.751542695	1.760541813	1.671584102	1.60803481	1.720907154	1.751635281	1.725734715	1.767678077	1.734875141	1.687384802	0	1.750533895	1.680253334	1.780899752	1.652894075	1.672834061	1.72092945	1.783518152	1.651454706	1.638072184	1.728216332	1.675308989	1.750134772	1.652848311	1.748694403	1.671944956	1.640690687	1.756161401	1.649237406	1.750229275	1.784146777	1.74073697	1.729855467	1.700670583	1.652835007	1.688273818	1.774437415	1.61625202	1.691694706	1.78827109	1.712821772	1.592939719	1.755751437	1.630489261	1.732270963	1.554962574	1.668375786	1.809073182	1.742780757	1.638391104	1.736647741	1.687650098	1.636599517	1.719595088	1.62588651	1.777460603	1.668174909	1.645597682	1.514664279	1.689762998	1.770600532	1.633174657	1.751179836	1.761596174	1.625979982	1.728344109	1.635182224	1.710556024	1.713733296	1.739004961	1.626349914	1.718258996	1.689397501	1.692508126	1.672901125	1.606004356	1.590772726	1.770722398	1.692187109	1.594165222	1.760611072	1.750675646	1.599043695	1.753444643	1.741468753	1.744826671	1.574247721	1.66116765	1.730927826	1.698877468	1.660527106	1.685624092	1.640182538	1.673505258	1.737978044
S017	1.785728641	1.831467377	1.747052611	1.814589884	1.794630291	1.7427803	1.780802228	1.757949531	1.629726813	1.745680325	1.75401771	1.68538535	1.842004956	1.670131686	1.617502449	1.750533895	0	1.632679543	1.817900315	1.610055508	1.833591954	1.750323817	1.783231659	1.696077447	1.718735317	1.721869167	1.755202418	1.739187565	1.786658054	1.843200584	1.761417441	1.744366846	1.770128156	1.788307587	1.753122748	1.801701132	1.739847707	1.730437538	1.750000836	1.699767184	1.679446973	1.77283529	1.728484463	1.714474251	1.825443885	1.713130441	1.714773288	1.79415514	1.717645856	1.695136762	1.750091053	1.807559571	1.746530971	1.620940368	1.698689621	1.756298024	1.678520943	1.714441836	1.691769849	1.631018531	1.627056554	1.636877308	1.806732797	1.731425414	1.767603347	1.683506665	1.62353018	1.718245567	1.602231805	1.728424085	1.779814066	1.702350473	1.737058989	1.679101849	1.678173464	1.688623657	1.763575561	1.74444692	1.758833283	1.783599612	1.785268021	1.676083017	1.636513185	1.761901338	1.672739853	1.752615953	1.774225765	1.72973882	1.711170816	1.793821926	1.75503763	1.702755476	1.617467105	1.724683971	1.675632131	1.645546573	1.743140967	1.740670787	1.691336713	1.744762875
S018	1.796876274	1.753783162	1.821830996	1.747147941	1.822059436	1.758254911	1.838032637	1.69575856	1.615378882	1.810046138	1.673489475	1.728740937	1.707691513	1.773531001	1.741619514	1.680253334	1.632679543	0	1.803862876	1.672463713	1.774013877	1.710628628	1.807482596	1.779273856	1.7065032	1.771007054	1.761069879	1.735503974	1.798139561	1.747393585	1.664014252	1.727541017	1.782811105	1.773826976	1.776089235	1.801892503	1.766749008	1.809999771	1.843098657	1.814358911	1.750651002	1.710824671	1.823071738	1.761852656	1.884039406	1.731791344	1.710556125	1.647026053	1.808131337	1.765975995	1.713688918	1.76011282	1.741950296	1.706238043	1.570964584	1.717278795	1.805620754	1.782656431	1.746063416	1.74244532	1.702738393	1.762234885	1.754163136	1.704191383	1.726315516	1.732414974	1.686369685	1.753883246	1.767821318	1.697921006	1.879941497	1.720413124	1.727790214	1.773023338	1.772468219	1.721160698	1.774919966	1.620361725	1.730659846	1.615734595	1.751362868	1.698554706	1.74656081	1.775592305	1.651559426	1.772935206	1.766832608	1.739210737	1.663078269	1.811223501	1.752921925	1.647447445	1.729317948	1.737270078	1.712614836	1.679373946	1.797657498	1.796103008	1.760574148	1.760592344
S019	1.696673456	1.871459808	1.79430839	1.880845131	1.623746836	1.774753287	1.734836987	1.78514235	1.644893932	1.80277581	1.732880249	1.729694663	1.803093883	1.737129581	1.6300436	1.780899752	1.817900315	1.803862876	0	1.768679325	1.786456449	1.714780806	1.77119502	1.736343018	1.729810304	1.607476648	1.671386223	1.76168	1.797309873	1.818483345	1.73922356	1.675260527	1.755614995	1.688825978	1.729496913	1.767582329	1.585190232	1.641365095	1.723002851	1.659035971	1.71914765	1.631909807	1.70067449	1.765618944	1.854044198	1.763235568	1.810142145	1.762160747	1.719171095	1.736216825	1.655860754	1.787598538	1.815641266	1.606366755	1.73856901	1.830958081	1.697841958	1.675642915	1.776584384	1.695135514	1.788141117	1.740872291	1.771599172	1.542804051	1.811742858	1.721780576	1.803979257	1.464985334	1.769735994	1.736733428	1.854010709	1.69619491	1.704115792	1.677424398	1.675252839	1.832564644	1.68091421	1.791595967	1.819671774	1.708447595	1.770629908	1.741775044	1.647066676	1.795102061	1.731603176	1.712159298	1.695862318	1.670957397	1.628987273	1.851323315	1.840704355	1.757654121	1.691188018	1.784314312	1.69514653	1.672768944	1.738430778	1.637595308	1.6934034	1.815046996
S020	1.763753983	1.690235363	1.739364401	1.640792464	1.621903329	1.705768196	1.70798398	1.776647541	1.771299451	1.618741615	1.7258398	1.637488446	1.760115678	1.7098134	1.553042041	1.652894075	1.610055508	1.672463713	1.768679325	0	1.640961726	1.663423541	1.680551451	1.607469987	1.692947289	1.675492071	1.753867744	1.701796385	1.750062454	1.742735922	1.704337493	1.623225416	1.781586216	1.623092729	1.62660844	1.709178252	1.623895301	1.693372384	1.799759722	1.708960032	1.693228075	1.676672672	1.668456717	1.679518011	1.736610139	1.706692703	1.739061864	1.763006096	1.647248288	1.705077406	1.687156595	1.764802749	1.678962235	1.653988402	1.698558477	1.709684628	1.625431153	1.774949234	1.717525431	1.632801647	1.796643086	1.650847324	1.629001561	1.654413594	1.729649449	1.625429313	1.803686294	1.718398339	1.619019589	1.704042229	1.724934478	1.793614269	1.685964443	1.638802417	1.668883968	1.699865403	1.703364483	1.764936074	1.721992533	1.57797363	1.675449629	1.648100879	1.679885963	1.765679672	1.567320497	1.685358881	1.647567301	1.72955585	1.662388296	1.679196406	1.722643276	1.735766084	1.646095037	1.620473453	1.783553175	1.772486671	1.753218907	1.767721825	1.533232831	1.561621509
S021	1.682293163	1.766626267	1.697082057	1.741375632	1.718001387	1.719028146	1.710380856	1.718494349	1.667365809	1.713609007	1.722933994	1.758376832	1.745331756	1.67707717	1.724048697	1.672834061	1.833591954	1.774013877	1.786456449	1.640961726	0	1.640087635	1.745980149	1.680821601	1.722349669	1.738783305	1.727483888	1.676288603	1.65930548	1.659054834	1.667550383	1.689858814	1.675704964	1.615844955	1.697220474	1.763737514	1.571199765	1.586626146	1.753821916	1.60676922	1.758640807	1.654937826	1.673200475	1.700618687	1.758763965	1.726960735	1.598545824	1.648346644	1.6618541	1.613633266	1.573704067	1.687114847	1.724885403	1.597405594	1.647658433	1.675865446	1.673455267	1.690379164	1.678587189	1.683707881	1.724568314	1.674868102	1.609270899	1.645325292	1.562699939	1.720155245	1.656372502	1.747703781	1.691825045	1.746595087	1.660994506	1.661161539	1.774452343	1.668841607	1.614900352	1.755570945	1.754493315	1.720371208	1.729965877	1.581628238	1.725053403	1.674808089	1.781205135	1.645423986	1.633390101	1.662153765	1.785135475	1.64912822	1.691085202	1.643032126	1.709220902	1.776700986	1.778981637	1.725278767	1.643777063	1.659087349	1.750660037	1.650947635	1.636681175	1.764973209
S022	1.646524212	1.678967502	1.794722966	1.708914487	1.64313019	1.723141173	1.752960351	1.675543034	1.618141248	1.669334498	1.783301577	1.708929327	1.796705525	1.686313135	1.736853242	1.72092945	1.750323817	1.710628628	1.714780806	1.663423541	1.640087635	0	1.674757744	1.80376033	1.535199886	1.655051276	1.750843593	1.701410196	1.779959647	1.741533411	1.670138998	1.705332145	1.756926401	1.777012216	1.737885995	1.795220517	1.671182578	1.789779411	1.611944103	1.763905495	1.781819166	1.748208913	1.765973104	1.801016246	1.74464547	1.673796624	1.663286853	1.658079753	1.661904281	1.688270489	1.638517408	1.715038922	1.696675878	1.651739639	1.766720842	1.586658041	1.730713548	1.761023783	1.80937332	1.787074274	1.797287643	1.695373371	1.725233668	1.736790121	1.755329968	1.731764998	1.709221819	1.71111894	1.698532532	1.708323094	1.725209063	1.793680044	1.737402396	1.6579445	1.646671825	1.61025205	1.795475034	1.783057173	1.716226862	1.528276965	1.718903248	1.65513297	1.726979058	1.748121589	1.660885708	1.697129256	1.736372296	1.755332441	1.645181497	1.772938609	1.681514863	1.714845429	1.638412618	1.591182642	1.784799588	1.65394434	1.708187236	1.756485972	1.637305992	1.784443544
S023	1.799017574	1.665704318	1.781671024	1.704832061	1.74123667	1.720158653	1.704832463	1.766067768	1.607220816	1.769038006	1.681303869	1.697104001	1.725754347	1.683118969	1.732406436	1.783518152	1.783231659	1.807482596	1.77119502	1.680551451	1.745980149	1.674757744	0	1.701002678	1.702189712	1.709514036	1.736784129	1.698176194	1.672138203	1.718512839	1.675318708	1.683873403	1.692793873	1.622711218	1.826346769	1.650729575	1.704184524	1.760803593	1.715752141	1.762063303	1.660768032	1.708053943	1.729262694	1.628179932	1.661774642	1.646861542	1.648240115	1.627791427	1.768210269	1.752461853	1.651263556	1.69304657	1.746717986	1.684934921	1.729587486	1.694052323	1.712643508	1.815878549	1.695936324	1.672176766	1.788057015	1.681025997	1.781970644	1.727377323	1.74735899	1.70866065	1.669093571	1.688679682	1.760680224	1.747427596	1.806312131	1.677186582	1.66467348	1.710355138	1.690311807	1.706387332	1.634632138	1.677679691	1.627020394	1.674513419	1.783510396	1.763014114	1.703045216	1.670590985	1.59454324	1.741134442	1.84009201	1.711768917	1.659396597	1.689671565	1.713264593	1.722749357	1.675001464	1.6531897	1.786450048	1.709800454	1.62197467	1.763594092	1.669083646	1.780072236
S024	1.70914028	1.681932332	1.744959518	1.755261461	1.664731636	1.639298315	1.737517389	1.735429258	1.67483068	1.74053769	1.616145933	1.631909405	1.752738565	1.791251519	1.573693096	1.651454706	1.696077447	1.779273856	1.736343018	1.607469987	1.680821601	1.80376033	1.701002678	0	1.740467316	1.656686796	1.761363007	1.721086404	1.661236161	1.661589003	1.698932936	1.605911809	1.738360551	1.765824146	1.734122803	1.601517663	1.506941916	1.708440517	1.685907707	1.691607487	1.705723946	1.614975697	1.664709936	1.745122562	1.741520772	1.700386916	1.603846123	1.618595761	1.728362767	1.689803727	1.607267896	1.7517638	1.76068591	1.584334773	1.714533622	1.813738705	1.554069704	1.833999479	1.739238912	1.773903088	1.703046045	1.583630715	1.628803636	1.617024135	1.741602904	1.673888952	1.721288223	1.716410042	1.704193542	1.704994068	1.674749623	1.73493489	1.672738938	1.686961316	1.606598745	1.601975024	1.725164114	1.607572971	1.703266476	1.650435373	1.655540814	1.712404416	1.669138016	1.692531437	1.648410462	1.728353176	1.6051244	1.626889449	1.658270971	1.704502907	1.673145145	1.682224193	1.730484038	1.659867244	1.776761686	1.586644158	1.72682261	1.753233586	1.692528612	1.57732848
S025	1.761081496	1.569968038	1.757084094	1.770603383	1.71762228	1.681076859	1.730066043	1.776511918	1.71347042	1.691427328	1.771518561	1.696239567	1.728100089	1.776025829	1.755662938	1.638072184	1.718735317	1.7065032	1.729810304	1.692947289	1.722349669	1.535199886	1.702189712	1.740467316	0	1.819442946	1.660227135	1.727320738	1.718687927	1.734354009	1.669991668	1.617716505	1.726113449	1.613656512	1.715257973	1.707312865	1.658699518	1.759807417	1.753274109	1.751428939	1.592569798	1.677383031	1.732380578	1.783342174	1.724737924	1.682919882	1.652930777	1.748948245	1.597029413	1.657934509	1.560058258	1.66640119	1.750497392	1.661777139	1.786162772	1.732619907	1.645849728	1.745767469	1.760801424	1.722738568	1.767445651	1.668616831	1.664176826	1.581652159	1.713444888	1.645567146	1.649903841	1.741816292	1.682359926	1.776760766	1.744859247	1.759870556	1.691433508	1.722263596	1.727167567	1.680995264	1.730201194	1.689177569	1.636069328	1.628945297	1.562735508	1.610811566	1.656374022	1.666356735	1.615427426	1.715878406	1.653402598	1.671847237	1.690413405	1.764166295	1.705722413	1.649779639	1.646423612	1.651647732	1.742319896	1.662626252	1.787358174	1.671431984	1.667804656	1.789943714
S026	1.691580158	1.797170504	1.808518054	1.731006765	1.726450848	1.747981025	1.691685671	1.778993414	1.681520696	1.641952994	1.802817667	1.692993915	1.695443135	1.658355203	1.743902682	1.728216332	1.721869167	1.771007054	1.607476648	1.675492071	1.738783305	1.655051276	1.709514036	1.656686796	1.819442946	0	1.816706877	1.684214928	1.790584495	1.740619445	1.779356122	1.626623105	1.800576375	1.726997538	1.647041925	1.753851849	1.701623362	1.714706003	1.764241435	1.718008333	1.762199934	1.586434729	1.796566296	1.757692862	1.770682356	1.776123102	1.709434603	1.705432859	1.661621007	1.753789647	1.7156215	1.741160964	1.802759292	1.762665569	1.772804414	1.723531331	1.761346376	1.554046655	1.772559378	1.704925644	1.748935899	1.692327089	1.750842122	1.750509009	1.75422522	1.73946458	1.752395385	1.72607198	1.766377162	1.739956688	1.772631295	1.747951032	1.70245153	1.67929024	1.691793831	1.761104064	1.726599	1.684196793	1.7828186	1.809366045	1.80424146	1.822048112	1.670168934	1.821264505	1.586875504	1.682030072	1.72976609	1.760749405	1.733063231	1.808090195	1.711593201	1.763680889	1.749242302	1.650296372	1.734230656	1.676383102	1.803916462	1.651190244	1.741531192	1.736270346
S027	1.568047651	1.662898557	1.758181057	1.783532928	1.704434477	1.731139988	1.730058988	1.818183653	1.769999061	1.815557861	1.743207996	1.707351942	1.752629158	1.706801546	1.650378587	1.675308989	1.755202418	1.761069879	1.671386223	1.753867744	1.727483888	1.750843593	1.736784129	1.761363007	1.660227135	1.816706877	0	1.677868463	1.718888702	1.730531254	1.713361343	1.679087996	1.655111872	1.791191477	1.710626918	1.76016923	1.614863951	1.63628575	1.574531314	1.807666182	1.706254397	1.705402732	1.806853065	1.720347787	1.757516817	1.769077497	1.721370052	1.71885793	1.717303592	1.685629112	1.654028175	1.663933169	1.784276229	1.67868569	1.718992661	1.698458798	1.665581075	1.777351438	1.693804981	1.713291377	1.660152858	1.742320554	1.747850597	1.578059734	1.673121127	1.745631209	1.71986312	1.785898017	1.747355831	1.700362655	1.707303512	1.665120189	1.684090551	1.734609173	1.708900826	1.608054313	1.753306971	1.723175428	1.655523043	1.679568698	1.812743407	1.727513239	1.653071309	1.754640016	1.686418933	1.732165895	1.692335087	1.716481804	1.686567936	1.784023752	1.704467318	1.66391598	1.626105207	1.705784649	1.697372211	1.663767249	1.757368899	1.812399089	1.691742969	1.769502509
S028	1.670126586	1.697032894	1.721031436	1.646917415	1.72319889	1.778040087	1.729914007	1.634019722	1.730010522	1.741796314	1.678147317	1.608412947	1.758558533	1.730322941	1.55449467	1.750134772	1.739187565	1.735503974	1.76168	1.701796385	1.676288603	1.701410196	1.698176194	1.721086404	1.727320738	1.684214928	1.677868463	0	1.714555505	1.712080455	1.732045536	1.667037203	1.736295813	1.72650594	1.716399041	1.746155441	1.712986424	1.729362729	1.628230291	1.768133683	1.755240616	1.703781897	1.70459348	1.704471166	1.661249392	1.748246452	1.651857621	1.666466807	1.721334331	1.633453313	1.689043562	1.710280504	1.624801492	1.646937697	1.642020658	1.699661451	1.711000168	1.746872489	1.678121588	1.683983876	1.748012577	1.660375021	1.676547766	1.608449933	1.767037092	1.660045764	1.642255921	1.789930362	1.718980466	1.75776809	1.703572013	1.714811584	1.684752632	1.702293462	1.700804807	1.657550208	1.676168886	1.664429469	1.548629282	1.628062943	1.777181038	1.716973336	1.531417332	1.773216315	1.700401942	1.734780004	1.722995834	1.689672247	1.654929217	1.689732897	1.627247667	1.636412031	1.710816504	1.682578414	1.664386646	1.743947306	1.806574552	1.761383374	1.703174142	1.627737762
S029	1.766918675	1.868034661	1.773313569	1.820310392	1.765217227	1.793649588	1.64297273	1.745230103	1.645824563	1.752591021	1.743430604	1.789510092	1.702583584	1.723830042	1.773685721	1.652848311	1.786658054	1.798139561	1.797309873	1.750062454	1.65930548	1.779959647	1.672138203	1.661236161	1.718687927	1.790584495	1.718888702	1.714555505	0	1.676302088	1.665248507	1.723346862	1.759318086	1.758341541	1.770734684	1.727342266	1.699488523	1.731379442	1.6868006	1.746083898	1.769511401	1.729075702	1.742505685	1.813868875	1.744241967	1.678286193	1.642341774	1.697531368	1.766602996	1.686651286	1.728710645	1.759053749	1.829522111	1.652458044	1.705116657	1.664968628	1.811064427	1.731292698	1.716238087	1.692348317	1.724750996	1.733964532	1.560056921	1.760955528	1.637321781	1.652848893	1.66435082	1.841040341	1.735111279	1.758730407	1.774951746	1.721663507	1.696869969	1.702769539	1.702478792	1.696861129	1.697871837	1.682774132	1.741392381	1.799216878	1.786448555	1.783659905	1.708813545	1.841603646	1.661435747	1.753027519	1.800983349	1.75625888	1.764966748	1.802220956	1.704445506	1.718061842	1.764490833	1.688501177	1.762711269	1.714601837	1.789665743	1.755335057	1.757363675	1.789249089
S030	1.797095835	1.816139901	1.785079853	1.747226142	1.768801089	1.718496414	1.757142504	1.769782475	1.713910547	1.843487371	1.739992004	1.732921464	1.756442642	1.578266038	1.737393747	1.748694403	1.843200584	1.747393585	1.818483345	1.742735922	1.659054834	1.741533411	1.718512839	1.661589003	1.734354009	1.740619445	1.730531254	1.712080455	1.676302088	0	1.751855359	1.75254712	1.749108706	1.657610957	1.715195008	1.739126412	1.646835731	1.760233884	1.7420756	1.676539236	1.795087721	1.71305291	1.785393335	1.690612109	1.668175319	1.789137157	1.588474602	1.637251252	1.709683538	1.69983087	1.734687755	1.703577245	1.722303997	1.629827106	1.728778999	1.718331538	1.710661965	1.879284576	1.786421769	1.681871741	1.742547474	1.703230894	1.728011107	1.611399188	1.713469073	1.688497645	1.833199956	1.814365087	1.723774035	1.841313297	1.721530892	1.690973311	1.727838865	1.762195433	1.725671078	1.734628767	1.775052117	1.680027492	1.773857479	1.715728898	1.678192999	1.828218573	1.749806331	1.60843635	1.855352059	1.742292943	1.844775077	1.70760304	1.75294437	1.755330106	1.592782714	1.729435528	1.602358647	1.700262243	1.775895743	1.607209163	1.729878163	1.596679963	1.705992851	1.767992543
S031	1.672544432	1.670161458	1.72704969	1.760039767	1.75678961	1.782199631	1.767313573	1.65239158	1.663689662	1.757059088	1.769328253	1.635553879	1.695203743	1.720548777	1.771921308	1.671944956	1.761417441	1.664014252	1.73922356	1.704337493	1.667550383	1.670138998	1.675318708	1.698932936	1.669991668	1.779356122	1.713361343	1.732045536	1.665248507	1.751855359	0	1.682506311	1.776722095	1.695081158	1.875967075	1.731784085	1.614605682	1.685476937	1.584647255	1.681874961	1.65001321	1.692324763	1.736643088	1.782424932	1.774392152	1.691103268	1.659742111	1.724999419	1.679345029	1.841725035	1.708744198	1.749547454	1.782937028	1.633859661	1.677166984	1.715173221	1.744861614	1.736455025	1.787756568	1.859255296	1.822073843	1.603479391	1.65969481	1.585617035	1.74086252	1.73249698	1.618654257	1.68457904	1.760112156	1.716287034	1.780534811	1.617633168	1.658056188	1.723347562	1.644370005	1.790359166	1.766856178	1.682487595	1.71113944	1.709866293	1.641673144	1.746935458	1.733190388	1.742615239	1.75316321	1.708106074	1.729722354	1.661167539	1.732254591	1.834361513	1.727971425	1.741931293	1.704539646	1.673319066	1.70518309	1.711207958	1.74494524	1.7531982	1.69325692	1.665427898
S032	1.682926191	1.577446935	1.733011967	1.741868682	1.683186099	1.785518246	1.717168612	1.766512543	1.658752967	1.652699027	1.69230591	1.735949214	1.697682004	1.780412664	1.709879887	1.640690687	1.744366846	1.727541017	1.675260527	1.623225416	1.689858814	1.705332145	1.683873403	1.605911809	1.617716505	1.626623105	1.679087996	1.667037203	1.723346862	1.75254712	1.682506311	0	1.726971202	1.734394883	1.670368104	1.678389326	1.626934249	1.702420954	1.599194872	1.690769602	1.567862403	1.473366466	1.757559253	1.767213065	1.759695927	1.639004885	1.67349588	1.720968776	1.635758722	1.727151734	1.539184529	1.707332959	1.783333779	1.680099454	1.691472103	1.696288974	1.731065541	1.710564438	1.775777175	1.598465867	1.735932342	1.696813632	1.661464513	1.659006914	1.654546233	1.688452289	1.61992481	1.742310273	1.712162761	1.761488931	1.627932114	1.640409541	1.638322425	1.505774711	1.726199412	1.652725509	1.662516351	1.736067446	1.616062845	1.663181564	1.698075359	1.753711015	1.696504671	1.80547996	1.614333419	1.686935191	1.730762295	1.64894771	1.592922464	1.74363636	1.645454462	1.668298316	1.477170251	1.765622807	1.748133551	1.693397401	1.683486101	1.705711305	1.670421207	1.734454193
S033	1.660306625	1.727469535	1.761050407	1.784214496	1.763825373	1.730937672	1.677421768	1.851876531	1.686480557	1.732260615	1.735638242	1.635952502	1.70077678	1.685909466	1.666135303	1.756161401	1.770128156	1.782811105	1.755614995	1.781586216	1.675704964	1.756926401	1.692793873	1.738360551	1.726113449	1.800576375	1.655111872	1.736295813	1.759318086	1.749108706	1.776722095	1.726971202	0	1.771106029	1.673643718	1.68612382	1.711007757	1.771504076	1.721726054	1.697538502	1.768624449	1.749271572	1.747475229	1.744218209	1.707344029	1.734937247	1.738586142	1.6858086	1.702740256	1.583820424	1.649591355	1.706186661	1.632010055	1.652275452	1.711197699	1.807124044	1.649883167	1.662665484	1.785820515	1.674719429	1.620506574	1.749541958	1.715625411	1.692199244	1.715295577	1.705356501	1.810446504	1.684322085	1.775285869	1.652663527	1.709457342	1.703685087	1.672844739	1.716850099	1.71709973	1.469039959	1.780606971	1.719498804	1.679920663	1.656789782	1.715457677	1.664361069	1.709232739	1.66720161	1.700574587	1.552839981	1.777825701	1.804417826	1.665360546	1.749902082	1.67884456	1.711754914	1.631417853	1.722322815	1.718446297	1.665008995	1.671772145	1.750664775	1.688949613	1.792352027
