	S001	S002	S003	S004	S005	S006	S007	S008	S009	S010	S011	S012	S013	S014	S015	S016	S017	S018	S019	S020	S021	S022	S023	S024	S025	S026	S027	S028	S029	S030	S031	S032	S033	S034	S035	S036	S037	S038	S039	S040	S041	S042	S043	S044	S045	S046	S047	S048	S049	S050	S051	S052	S053	S054	S055	S056	S057	S058	S059	S060	S061	S062	S063	S064	S065	S066	S067	S068	S069	S070	S071	S072	S073	S074	S075	S076	S077	S078	S079	S080	S081	S082	S083	S084	S085	S086	S087	S088	S089	S090	S091	S092	S093	S094	S095	S096	S097	S098	S099	S100
S001	0	1.712410607	1.710432341	1.696014769	1.712567899	1.729533466	1.692535003	1.718931678	1.479432178	1.731850984	1.793873453	1.67117206	1.718552948	1.773497602	1.659399754	1.718036776	1.78659347	1.776312985	1.684998514	1.736285162	1.675322326	1.683036892	1.801761597	1.676774408	1.753313788	1.659090717	1.59852473	1.642715923	1.740523271	1.791146502	1.720451977	1.671403521	1.645077599	1.603166136	1.6833564	1.623775404	1.540315034	1.787600948	1.625834649	1.667258646	1.712968977	1.709772452	1.681131872	1.791429382	1.733846703	1.687263343	1.620013375	1.744248242	1.717689887	1.648654573	1.623045119	1.777623159	1.801428596	1.517487141	1.701482601	1.76602477	1.706143085	1.692792201	1.720791579	1.733066251	1.657448567	1.74822009	1.754054349	1.770276877	1.655501085	1.763981667	1.763263944	1.68701436	1.683484065	1.72281113	1.725627054	1.677455975	1.610204261	1.72530076	1.632092121	1.700498613	1.707289876	1.713122014	1.674242658	1.704381661	1.762864033	1.734426149	1.76334891	1.649895083	1.686170309	1.740162351	1.736107555	1.633159103	1.666062395	1.772452699	1.765808699	1.710903354	1.724391683	1.75598901	1.71741089	1.745200695	1.636922004	1.659202041	1.723114396	1.784965239
S002	1.712410607	0	1.766835264	1.789865294	1.76294048	1.832812917	1.80527159	1.726232741	1.735543307	1.681240013	1.783177512	1.609055121	1.874728987	1.754820341	1.735961615	1.749272223	1.819406925	1.775318082	1.862713891	1.712070185	1.767096389	1.727419713	1.687902154	1.668004865	1.593756479	1.79961047	1.662279861	1.679272272	1.859602984	1.825362067	1.658914398	1.626964518	1.740107628	1.775202385	1.780139951	1.666020187	1.673826871	1.781719883	1.681570354	1.754208377	1.599184634	1.727267415	1.719945955	1.716065561	1.757605774	1.804596344	1.806584686	1.710469845	1.7616569	1.798455304	1.672305752	1.733892468	1.666660323	1.701171304	1.781487166	1.769416235	1.686402672	1.769377288	1.76850722	1.689470998	1.803246008	1.713332489	1.655619444	1.756155228	1.692430212	1.734172744	1.832283521	1.794524321	1.765347736	1.802869355	1.690762751	1.730095086	1.734071492	1.697321203	1.717047954	1.701606808	1.796529417	1.768953585	1.713835663	1.72905014	1.682390638	1.709237864	1.716446229	1.708168872	1.713093352	1.752790844	1.812350964	1.758521506	1.662294776	1.772368348	1.780217994	1.749986279	1.802821042	1.767373117	1.692158509	1.733048604	1.696677931	1.80391518	1.699270655	1.785691466
S003	1.710432341	1.766835264	0	1.784742226	1.73729833	1.756869923	1.78524952	1.747468207	1.691612087	1.759051991	1.846675056	1.729565041	1.780981505	1.758174387	1.652336701	1.767644289	1.724990963	1.809215676	1.754467921	1.729719199	1.649144337	1.781780269	1.765241846	1.720670457	1.780070457	1.788805266	1.738079955	1.689120344	1.70757531	1.754218869	1.738132532	1.705738596	1.7345818	1.844500501	1.786316845	1.790804919	1.826373103	1.805088691	1.774108648	1.750023893	1.605141798	1.773266809	1.762351569	1.758880321	1.786183934	1.79384115	1.638967872	1.732885557	1.815225348	1.743428196	1.70920782	1.726527626	1.753587879	1.723654492	1.759262042	1.709433645	1.801373038	1.762920026	1.748424734	1.687823588	1.710898704	1.733070267	1.782320832	1.685352168	1.664031526	1.791180772	1.850557241	1.776475435	1.745351214	1.652435811	1.774223505	1.814496386	1.768523584	1.735832133	1.762118456	1.761040466	1.748217255	1.717302383	1.757496795	1.691850762	1.740606228	1.798048088	1.789258759	1.79058775	1.77444773	1.722528976	1.786050764	1.83574423	1.788644	1.822790104	1.857175024	1.788839153	1.666587826	1.820711697	1.743636841	1.770055124	1.745740429	1.721662228	1.677529327	1.646089588
S004	1.696014769	1.789865294	1.784742226	0	1.78520278	1.805026221	1.618006234	1.605267087	1.634220583	1.815973077	1.78597381	1.722631705	1.806906737	1.707162229	1.780678707	1.769929397	1.806388947	1.760345586	1.869189183	1.675079189	1.704682785	1.719343159	1.719491786	1.753529995	1.757337975	1.73005233	1.760304725	1.659107298	1.807926638	1.742989445	1.766320692	1.729181568	1.775283034	1.738079989	1.821155857	1.754399937	1.692504079	1.653353347	1.673783912	1.762511305	1.70844358	1.726005453	1.749584779	1.808748177	1.806301514	1.773049522	1.714795444	1.702605491	1.726740064	1.636645772	1.751356474	1.762938926	1.765101403	1.75103856	1.668269302	1.621642819	1.736988238	1.828974676	1.685841538	1.777515924	1.821194062	1.775639099	1.709325792	1.709789926	1.816607352	1.730653524	1.803374121	1.793155075	1.764461682	1.845255873	1.700628583	1.777317306	1.70455854	1.737196031	1.727480964	1.70816983	1.780016843	1.749422171	1.658047329	1.70861871	1.822243338	1.754075152	1.758602357	1.7642553	1.6879437	1.767131708	1.822089746	1.704962638	1.63772831	1.741629564	1.780996604	1.792130791	1.77740613	1.812410803	1.775561777	1.701870218	1.749585817	1.635513942	1.722846477	1.771615382
S005	1.712567899	1.76294048	1.73729833	1.78520278	0	1.764978361	1.778856432	1.688521013	1.713522777	1.737476391	1.740443652	1.735712743	1.677633763	1.844044615	1.549176841	1.634974405	1.772040979	1.804433006	1.609260297	1.624123001	1.734289513	1.686125527	1.756690664	1.656149929	1.696397437	1.719761248	1.710330377	1.711170602	1.746502514	1.782579829	1.763970388	1.677758206	1.744081192	1.791912809	1.688551573	1.683621865	1.693256965	1.759480287	1.756487538	1.743570313	1.671890724	1.605677519	1.662738109	1.761540495	1.827436726	1.698381742	1.775856622	1.723568415	1.661156754	1.683861432	1.617774838	1.723303744	1.713176489	1.770288032	1.816926558	1.811544125	1.603591414	1.787156828	1.726949316	1.652415792	1.743948582	1.703227477	1.670256136	1.67984681	1.746889358	1.76506373	1.694954623	1.770970891	1.709609824	1.743400907	1.681872355	1.820347424	1.74269689	1.731759051	1.75323018	1.601597558	1.639588945	1.754941393	1.723432121	1.727348852	1.781009036	1.77841885	1.727831909	1.668438938	1.745070788	1.664707444	1.67932697	1.665632626	1.658443548	1.801819062	1.743665118	1.749152137	1.652900818	1.756861279	1.719600179	1.63614908	1.779572585	1.729007158	1.766840433	1.734792572
S006	1.729533466	1.832812917	1.756869923	1.805026221	1.764978361	0	1.755061139	1.764371092	1.714950798	1.866768996	1.756399041	1.716309012	1.738960884	1.777530444	1.790537138	1.750212926	1.74965953	1.758087699	1.769119822	1.703193778	1.730226778	1.728969246	1.736917213	1.635521884	1.701243248	1.754748757	1.726225076	1.770266437	1.774445427	1.72660638	1.782028745	1.795205217	1.723439405	1.724349232	1.748823052	1.76165358	1.744207412	1.759218438	1.781587329	1.73807232	1.735400705	1.702924334	1.736366094	1.704602222	1.745008553	1.688396727	1.729110261	1.774652624	1.681579055	1.721814341	1.698027419	1.746576791	1.743454788	1.505494259	1.743858089	1.737809582	1.751177311	1.810625157	1.755862305	1.770264437	1.725052153	1.714210798	1.756565269	1.759092033	1.744014307	1.729340241	1.84223753	1.726932518	1.712230055	1.744854116	1.796059244	1.826319929	1.691358163	1.734885006	1.671317767	1.607516653	1.789192732	1.654447278	1.749408866	1.676785189	1.783126289	1.782433421	1.665050444	1.694963551	1.725965091	1.714454773	1.770928937	1.695222051	1.745286697	1.747339549	1.791432101	1.7936921	1.677268695	1.743394836	1.78349349	1.620477873	1.797609652	1.801652569	1.667331552	1.664581283
S007	1.692535003	1.80527159	1.78524952	1.618006234	1.778856432	1.755061139	0	1.757112997	1.686450295	1.700734249	1.74925969	1.713788761	1.722851701	1.752255069	1.754574587	1.763455095	1.790677509	1.834266924	1.697570385	1.680895781	1.700931147	1.731831517	1.715871402	1.717314757	1.714309055	1.646228208	1.723716337	1.739785794	1.679392238	1.738022799	1.774355036	1.710620958	1.677335388	1.604808023	1.685323781	1.758955185	1.702047803	1.706341319	1.802585528	1.648894227	1.760316864	1.694647321	1.659367717	1.760730383	1.71558436	1.695031626	1.755173204	1.759764105	1.74617813	1.650960982	1.702824284	1.735689408	1.800987993	1.681277684	1.609555764	1.805006771	1.745852558	1.784664204	1.678212792	1.73760998	1.647768804	1.783363523	1.758294008	1.615278782	1.764469228	1.717966962	1.656386233	1.701371815	1.73973211	1.591942033	1.729986197	1.76263687	1.699760044	1.680608663	1.726713878	1.762088276	1.682102937	1.739772887	1.622132979	1.719009678	1.756190396	1.749791576	1.693806627	1.808248774	1.701072696	1.814310284	1.8605204	1.787061394	1.702999286	1.74555387	1.74836294	1.708728653	1.675033836	1.703123331	1.725290251	1.707805368	1.698859645	1.781946368	1.701687807	1.664375198
S008	1.718931678	1.726232741	1.747468207	1.605267087	1.688521013	1.764371092	1.757112997	0	1.642535638	1.708365094	1.743366221	1.67712495	1.732622578	1.654466446	1.676379376	1.64722743	1.742529654	1.722118621	1.772087412	1.759210632	1.704493772	1.669886068	1.762617053	1.730349436	1.751590432	1.762416049	1.809060772	1.628803049	1.739181269	1.770114336	1.705926075	1.774680153	1.829901165	1.649507238	1.72398374	1.729418892	1.707293462	1.739951014	1.779244883	1.691968038	1.561783773	1.798102776	1.818047312	1.826653182	1.781652431	1.710217797	1.747131683	1.735478746	1.648521343	1.753289043	1.719553457	1.797997479	1.803790978	1.767925423	1.673089517	1.711566536	1.683932643	1.732055483	1.650622573	1.777868587	1.710553551	1.69273579	1.516980129	1.669585507	1.624337471	1.756662567	1.665916968	1.743911646	1.660185585	1.745474384	1.779309968	1.733038165	1.726321259	1.67387692	1.685259279	1.713905417	1.753850034	1.653550286	1.783119018	1.766259295	1.728205467	1.717278579	1.686987038	1.711511719	1.699335173	1.794618041	1.757551643	1.681593953	1.717535975	1.684591581	1.721742269	1.700777946	1.763306629	1.738822922	1.792655818	1.627313651	1.709929594	1.736131627	1.637476102	1.678066435
S009	1.479432178	1.735543307	1.691612087	1.634220583	1.713522777	1.714950798	1.686450295	1.642535638	0	1.622809954	1.696300283	1.666102638	1.687195778	1.614619668	1.68471864	1.581436834	1.621912734	1.654924643	1.621010564	1.76491044	1.661897022	1.624453724	1.616461007	1.6359113	1.695358028	1.647330637	1.785915474	1.732283267	1.630246583	1.738136624	1.662521941	1.634896183	1.703553137	1.615351144	1.74454759	1.642962418	1.565623138	1.774853922	1.756815887	1.669821474	1.779334317	1.700046028	1.760291648	1.664493066	1.760354239	1.681298247	1.542839251	1.670797494	1.707648771	1.594957917	1.643049459	1.737280465	1.805758084	1.604768481	1.690533521	1.69550727	1.725953381	1.660137487	1.759739609	1.647001499	1.686589833	1.646172516	1.641263231	1.709251749	1.739353803	1.625626975	1.685795636	1.68600034	1.642565475	1.695397504	1.708782634	1.616467647	1.723103005	1.709261996	1.655973599	1.681187059	1.70081102	1.641933332	1.678952426	1.644950393	1.732811413	1.611669273	1.585418048	1.718199613	1.649561537	1.733461279	1.761637193	1.692920967	1.666829579	1.738581439	1.679088239	1.69571154	1.723067545	1.642729696	1.67258694	1.598590763	1.612688668	1.579137657	1.650240186	1.791566979
S010	1.731850984	1.681240013	1.759051991	1.815973077	1.737476391	1.866768996	1.700734249	1.708365094	1.622809954	0	1.795891831	1.712697568	1.722523332	1.87997585	1.650484028	1.722846716	1.747429136	1.854957885	1.796498462	1.659917686	1.699535588	1.686764608	1.770921219	1.723079364	1.705579864	1.632691207	1.80738853	1.761599581	1.742156521	1.839037902	1.743920737	1.676032945	1.736133615	1.726367274	1.792549274	1.689960388	1.703608566	1.790311058	1.866695739	1.744738408	1.739035511	1.738516606	1.757565906	1.719568266	1.836723915	1.724726029	1.681420187	1.724762522	1.772829391	1.599545759	1.705028363	1.736039003	1.830806778	1.801435781	1.772761707	1.763839992	1.836083159	1.717397421	1.832180691	1.754824935	1.732047271	1.752165358	1.660521965	1.802256501	1.623450163	1.779476453	1.7518452	1.68874589	1.705259105	1.75163465	1.676799206	1.801603051	1.727679517	1.756923128	1.800021123	1.786722859	1.772204662	1.79772142	1.736234772	1.774583645	1.680876675	1.618109211	1.662940858	1.804511093	1.697125759	1.709208637	1.796194505	1.737635049	1.660140399	1.798903623	1.769885915	1.748155266	1.746316207	1.66918272	1.758361682	1.708621313	1.695423098	1.787473945	1.669921278	1.774452781
S011	1.793873453	1.783177512	1.846675056	1.78597381	1.740443652	1.756399041	1.74925969	1.743366221	1.696300283	1.795891831	0	1.697043423	1.790692081	1.672128189	1.677734135	1.750201889	1.754782675	1.712036456	1.754400303	1.733793491	1.754278119	1.779381249	1.707987306	1.624592829	1.763928009	1.78895736	1.728586395	1.685598368	1.744273446	1.780283779	1.758713058	1.687838756	1.759431688	1.789412843	1.742772021	1.801250963	1.610707497	1.763195955	1.72473397	1.681169709	1.643027752	1.805264531	1.779909963	1.739115537	1.775761882	1.771398928	1.771514426	1.779366929	1.740184126	1.749726334	1.7015627	1.836083744	1.743817087	1.729661052	1.745279406	1.798936917	1.800898358	1.834842402	1.768442124	1.764602706	1.747766186	1.759467835	1.744891744	1.696754678	1.764410668	1.70651096	1.712233283	1.800877465	1.682447276	1.736176509	1.674889043	1.768244048	1.65440884	1.673549501	1.738619398	1.712253006	1.701385357	1.795434833	1.639571353	1.7049533	1.692830846	1.761231	1.716839321	1.847357822	1.678747164	1.719861776	1.764322872	1.739845098	1.715163406	1.71069296	1.630786938	1.736250379	1.776681964	1.756760167	1.706681459	1.72126172	1.797566485	1.828478614	1.708365149	1.678067046
S012	1.67117206	1.609055121	1.729565041	1.722631705	1.735712743	1.716309012	1.713788761	1.67712495	1.666102638	1.712697568	1.697043423	0	1.78833543	1.748567832	1.667959252	1.718899642	1.717861632	1.734546655	1.715800912	1.648609142	1.737533756	1.688681422	1.681268275	1.63307186	1.710607788	1.671345133	1.689667578	1.615436471	1.772700273	1.745891006	1.598648975	1.725087509	1.650763543	1.719474038	1.658492132	1.694770138	1.716890202	1.723639846	1.654185485	1.662156764	1.718940755	1.64135073	1.59695021	1.601054382	1.799660129	1.737060257	1.681145825	1.659519578	1.609492015	1.650568787	1.637200467	1.702461921	1.73331321	1.640256365	1.770347447	1.762492192	1.613993943	1.753147671	1.631385821	1.714814871	1.787147151	1.67015101	1.677349011	1.683460701	1.686398855	1.605327121	1.722862846	1.732410318	1.756766153	1.688538652	1.722304474	1.764823781	1.695884419	1.606697142	1.706297935	1.701292197	1.63471421	1.69564086	1.626258728	1.572985323	1.784184533	1.653394821	1.648268506	1.708231905	1.661068735	1.685304425	1.692987669	1.597128547	1.602699619	1.681140981	1.646996173	1.70224555	1.654979817	1.66516696	1.673393114	1.614182821	1.608825188	1.694950031	1.677670354	1.720626349
S013	1.718552948	1.874728987	1.780981505	1.806906737	1.677633763	1.738960884	1.722851701	1.732622578	1.687195778	1.722523332	1.790692081	1.78833543	0	1.731842472	1.746482088	1.763560644	1.841444328	1.723199185	1.776965706	1.732738406	1.75444123	1.800600016	1.713434011	1.74257027	1.73506118	1.669781773	1.77521384	1.770854503	1.719133275	1.745590968	1.706805423	1.697999577	1.711070231	1.671775902	1.778240936	1.83258269	1.739688674	1.711903452	1.688854009	1.700825276	1.682233055	1.77534986	1.781386326	1.82419534	1.810030699	1.699159597	1.718049273	1.748646848	1.677374305	1.702847631	1.686115567	1.743221777	1.807134972	1.718585429	1.720447251	1.810603402	1.650925993	1.812453089	1.794772455	1.680899677	1.745690225	1.74916816	1.621843399	1.777198355	1.806785193	1.765129353	1.8420757	1.74370963	1.789425281	1.8072842	1.717021898	1.733244053	1.713875391	1.840517386	1.767362579	1.723464163	1.640603884	1.729296184	1.74147592	1.656804959	1.736367597	1.834573939	1.70849445	1.808531403	1.734850195	1.773653553	1.733757463	1.707627399	1.719712563	1.858059979	1.749575661	1.669029318	1.756804897	1.727537526	1.767448428	1.695116515	1.77320646	1.763303707	1.787168614	1.796210365
S014	1.773497602	1.754820341	1.758174387	1.707162229	1.844044615	1.777530444	1.752255069	1.654466446	1.614619668	1.87997585	1.672128189	1.748567832	1.731842472	0	1.715532314	1.71110061	1.649398506	1.773847343	1.748455684	1.691644888	1.697719724	1.681208082	1.691766153	1.780616386	1.785320718	1.674328509	1.724128748	1.729975109	1.719335583	1.590818532	1.704196287	1.778196087	1.714504323	1.717274914	1.815878004	1.81979507	1.69242121	1.704230476	1.658480325	1.608729992	1.771950791	1.722436042	1.791453018	1.735105502	1.796267555	1.747027099	1.771215081	1.774950908	1.703290397	1.813829931	1.744988683	1.677383187	1.817602054	1.678175177	1.757148485	1.774815478	1.661516795	1.736238835	1.695918095	1.756788619	1.733742641	1.56808074	1.873235511	1.607004409	1.703524331	1.638002817	1.76506732	1.803820534	1.751479143	1.696556122	1.712588974	1.728352429	1.741801303	1.661169586	1.677497321	1.636279551	1.742112918	1.81289332	1.696995568	1.680304119	1.764713337	1.721534245	1.66456487	1.726794877	1.802385475	1.690429157	1.814748495	1.722667805	1.781877423	1.754624297	1.665559919	1.723839884	1.734552687	1.754062316	1.721679156	1.678173301	1.630543248	1.641069257	1.593578478	1.768801231
S015	1.659399754	1.735961615	1.652336701	1.780678707	1.549176841	1.790537138	1.754574587	1.676379376	1.68471864	1.650484028	1.677734135	1.667959252	1.746482088	1.715532314	0	1.699669138	1.60260837	1.754415835	1.62737705	1.5707222	1.714125816	1.715953438	1.708642183	1.57909071	1.740303388	1.705411845	1.648560766	1.555204167	1.769167337	1.755205976	1.761985567	1.741088085	1.668599711	1.725943614	1.692892722	1.651874612	1.508701672	1.626008568	1.721963509	1.735295216	1.747417739	1.623578888	1.70515482	1.692429322	1.786691877	1.735092809	1.758972747	1.69240439	1.643847547	1.628109761	1.713881403	1.662513445	1.717917118	1.678909011	1.767327705	1.733967572	1.675967845	1.792190085	1.572834271	1.559590317	1.704872847	1.602296272	1.698438371	1.668948925	1.771352777	1.685303895	1.626751032	1.708036982	1.637446363	1.662625412	1.700766782	1.793291165	1.803378647	1.661622862	1.684080045	1.594739029	1.760841076	1.708024436	1.723128378	1.622476847	1.726481105	1.749732069	1.586190248	1.803894815	1.778809627	1.725084389	1.599893031	1.690103149	1.555907975	1.727735329	1.616850095	1.68829833	1.709088797	1.625100054	1.701805798	1.583734321	1.730362594	1.760900061	1.664068982	1.748937671
S016	1.718036776	1.749272223	1.767644289	1.769929397	1.634974405	1.750212926	1.763455095	1.64722743	1.581436834	1.722846716	1.750201889	1.718899642	1.763560644	1.71110061	1.699669138	0	1.751452424	1.724886497	1.77212094	1.651754696	1.684288152	1.734829364	1.780306769	1.64769766	1.654551966	1.696628333	1.688811664	1.747591927	1.673096175	1.775444066	1.701787355	1.684782327	1.740392079	1.66441993	1.726640376	1.781130784	1.727871304	1.734066768	1.677250817	1.620097396	1.684476591	1.777363394	1.650229996	1.679416396	1.807856255	1.754171507	1.600559561	1.733968692	1.635891461	1.725385979	1.574309717	1.669567521	1.797067032	1.740837185	1.647460581	1.722767866	1.666044723	1.612174493	1.702612455	1.666158111	1.737338575	1.670841134	1.658795799	1.571663679	1.687211387	1.770377905	1.623600012	1.729505472	1.765109369	1.613873374	1.71449221	1.667577625	1.667898889	1.700740154	1.726387595	1.639452939	1.715743924	1.717819552	1.717969772	1.650005735	1.633710075	1.587833271	1.756144394	1.678045425	1.601289097	1.754714353	1.735905413	1.644768975	1.709334807	1.743503319	1.768416849	1.616754216	1.666543175	1.731994848	1.692363858	1.661656419	1.68070923	1.626613899	1.650896362	1.744439633
S017	1.78659347	1.819406925	1.724990963	1.806388947	1.772040979	1.74965953	1.790677509	1.742529654	1.621912734	1.747429136	1.754782675	1.717861632	1.841444328	1.649398506	1.60260837	1.751452424	0	1.624919663	1.80935014	1.586801754	1.8163595	1.718152802	1.767227009	1.693611414	1.704407232	1.685619615	1.76365041	1.727618299	1.753970141	1.837950856	1.758217023	1.756081607	1.746323043	1.754794004	1.76399475	1.792554708	1.713903684	1.747582086	1.705553343	1.705749378	1.675431197	1.77141761	1.713351384	1.683269876	1.820313977	1.726005861	1.709686231	1.769538172	1.741285501	1.716135145	1.770202683	1.779965925	1.752425986	1.622012347	1.703451523	1.75736098	1.693297003	1.714406109	1.729157171	1.661076593	1.636213695	1.615698976	1.810807189	1.707876737	1.746941227	1.705718619	1.59680756	1.739886028	1.626341067	1.725710648	1.797455074	1.681639253	1.745926087	1.715568232	1.678677105	1.643901829	1.799524528	1.721049866	1.765038028	1.777164547	1.787238501	1.702007185	1.64999268	1.759843051	1.655620389	1.730340859	1.786817805	1.719614127	1.727351957	1.791458053	1.751043073	1.762171534	1.596147847	1.706817636	1.659812098	1.655193407	1.721799526	1.723069789	1.681908368	1.736719581
S018	1.776312985	1.775318082	1.809215676	1.760345586	1.804433006	1.758087699	1.834266924	1.722118621	1.654924643	1.854957885	1.712036456	1.734546655	1.723199185	1.773847343	1.754415835	1.724886497	1.624919663	0	1.808428491	1.699650645	1.768221221	1.703922561	1.81524046	1.752923281	1.692283349	1.772305792	1.756955221	1.748969108	1.789226174	1.769191643	1.71842	1.723421572	1.766848818	1.733851803	1.778894163	1.801459493	1.776868493	1.801047683	1.826673132	1.826372771	1.734124374	1.682458327	1.812558939	1.772879105	1.880454012	1.741655544	1.763125192	1.652121089	1.795921564	1.798673398	1.751852818	1.777728368	1.773040283	1.714445926	1.601152666	1.761233055	1.802139534	1.762646578	1.763567416	1.724712712	1.741499798	1.768575863	1.765576936	1.756077104	1.77141083	1.71854783	1.716708037	1.778581401	1.739057278	1.733051489	1.837650579	1.72951669	1.738475554	1.771391925	1.76664489	1.716781344	1.740951499	1.661005705	1.747285241	1.61306935	1.768015568	1.720515602	1.766530349	1.786350674	1.651993888	1.784238114	1.79457342	1.75703379	1.649714216	1.833455846	1.775299678	1.679184227	1.713832522	1.760289231	1.740296983	1.726464266	1.791864447	1.822470538	1.771484997	1.78604109
S019	1.684998514	1.862713891	1.754467921	1.869189183	1.609260297	1.769119822	1.697570385	1.772087412	1.621010564	1.796498462	1.754400303	1.715800912	1.776965706	1.748455684	1.62737705	1.77212094	1.80935014	1.808428491	0	1.76921454	1.784593582	1.70848355	1.782843181	1.723135776	1.702505968	1.670557849	1.650910038	1.748815567	1.753250197	1.82195641	1.726310627	1.705024045	1.756174695	1.709547606	1.778899166	1.76293365	1.62419077	1.706402648	1.722870815	1.694877926	1.755025955	1.694210852	1.680082188	1.762940596	1.874568419	1.759492447	1.788788705	1.771493062	1.735147759	1.758983037	1.641303449	1.792025937	1.825510484	1.639329641	1.765159847	1.805026568	1.671386395	1.748595543	1.777838925	1.692353791	1.781253125	1.720696204	1.764640111	1.532183905	1.806614991	1.728557171	1.799972082	1.501969804	1.736113997	1.75036997	1.830223008	1.729011143	1.733288907	1.728223172	1.692158659	1.824012221	1.662169386	1.772268332	1.797416998	1.701771333	1.792658673	1.711310261	1.665502178	1.775892503	1.766874357	1.763535697	1.657968733	1.659735011	1.623041023	1.865807695	1.821448519	1.7515602	1.683628111	1.761025172	1.69852547	1.692146611	1.73804581	1.660745459	1.710193742	1.813903687
S020	1.736285162	1.712070185	1.729719199	1.675079189	1.624123001	1.703193778	1.680895781	1.759210632	1.76491044	1.659917686	1.733793491	1.648609142	1.732738406	1.691644888	1.5707222	1.651754696	1.586801754	1.699650645	1.76921454	0	1.615617758	1.645944892	1.689827911	1.57313089	1.649225546	1.686660251	1.726922812	1.707275897	1.732093763	1.743688486	1.695141593	1.666274441	1.752875999	1.626997882	1.622870676	1.70729866	1.634185888	1.714412322	1.775261153	1.69310563	1.681159283	1.674003436	1.65301647	1.687824686	1.723845217	1.684471017	1.717911135	1.759799572	1.654831759	1.683558217	1.703527115	1.772112509	1.681974132	1.648538795	1.674385827	1.737644072	1.582290395	1.781410433	1.713377079	1.689040031	1.775316831	1.651629298	1.617049281	1.672607297	1.715582069	1.636532847	1.79624482	1.69512019	1.632344147	1.680882454	1.708546444	1.776420605	1.657630559	1.669653326	1.628587265	1.685716633	1.683748696	1.753791912	1.710429498	1.546855111	1.694260567	1.642369241	1.69706894	1.743210153	1.604026035	1.673936223	1.625113537	1.708866599	1.655476045	1.707048845	1.723487535	1.72749936	1.657684519	1.627683888	1.773610202	1.741069147	1.732481502	1.740410591	1.552332666	1.619488453
S021	1.675322326	1.767096389	1.649144337	1.704682785	1.734289513	1.730226778	1.700931147	1.704493772	1.661897022	1.699535588	1.754278119	1.737533756	1.75444123	1.697719724	1.714125816	1.684288152	1.8163595	1.768221221	1.784593582	1.615617758	0	1.584362618	1.720796029	1.657711114	1.706075078	1.717115637	1.708728114	1.694074239	1.639312961	1.676232068	1.680142829	1.709930777	1.638234391	1.66490285	1.687915524	1.73618274	1.589430738	1.613538694	1.747571619	1.621297394	1.765547643	1.664385802	1.668101996	1.692370058	1.774407677	1.749042005	1.550624711	1.631881502	1.684136005	1.593358321	1.537230767	1.688159991	1.689108368	1.597889889	1.654947073	1.675856796	1.648252465	1.701454229	1.642276373	1.693990773	1.699813851	1.671757056	1.653206647	1.674212681	1.554301795	1.731391029	1.688132442	1.720728286	1.669390533	1.722121562	1.634048272	1.685490451	1.773482433	1.665789226	1.599910823	1.737711519	1.751658298	1.73139766	1.711076348	1.576120023	1.697823791	1.656459939	1.790474504	1.636508737	1.630429903	1.668979489	1.770285239	1.693644867	1.671514997	1.642152439	1.712941263	1.755910148	1.783327313	1.723574152	1.622936932	1.673608473	1.756133526	1.662217585	1.63506169	1.726359861
S022	1.683036892	1.727419713	1.781780269	1.719343159	1.686125527	1.728969246	1.731831517	1.669886068	1.624453724	1.686764608	1.779381249	1.688681422	1.800600016	1.681208082	1.715953438	1.734829364	1.718152802	1.703922561	1.70848355	1.645944892	1.584362618	0	1.698709949	1.770127816	1.556443326	1.631311475	1.779739728	1.712062701	1.712247841	1.748387002	1.677557515	1.727190385	1.744521935	1.794686408	1.71638507	1.787700994	1.6804812	1.759300038	1.615608567	1.755883408	1.810254803	1.724993194	1.732044752	1.792935288	1.771634153	1.707275409	1.683228435	1.6926147	1.675082799	1.661958107	1.676440881	1.764147707	1.679705012	1.662298009	1.778974733	1.638496538	1.724591259	1.782952831	1.794860619	1.781451669	1.788822413	1.668620028	1.714804093	1.737602907	1.737507441	1.726403953	1.726954874	1.711267016	1.699687177	1.711953088	1.70378029	1.802320609	1.752176997	1.651749174	1.648049149	1.624949681	1.773956664	1.752933676	1.73790027	1.516739545	1.738392963	1.640673349	1.71945074	1.701148701	1.709933559	1.682140743	1.723785643	1.736765841	1.633658041	1.757573835	1.636335155	1.722331832	1.683319131	1.595486582	1.787700336	1.666926033	1.710826926	1.740951709	1.652499868	1.748593183
S023	1.801761597	1.687902154	1.765241846	1.719491786	1.756690664	1.736917213	1.715871402	1.762617053	1.616461007	1.770921219	1.707987306	1.681268275	1.713434011	1.691766153	1.708642183	1.780306769	1.767227009	1.81524046	1.782843181	1.689827911	1.720796029	1.698709949	0	1.698509505	1.693086437	1.717974208	1.752203769	1.682820564	1.694813392	1.709968315	1.662845096	1.679363658	1.657530738	1.670164245	1.820765263	1.675984915	1.707505345	1.748130935	1.711158596	1.784854969	1.69157429	1.698418969	1.727088433	1.647533265	1.693532318	1.674938988	1.689545014	1.663142283	1.765545364	1.752090276	1.639138604	1.707980014	1.766611043	1.703052256	1.742969984	1.716533785	1.705500594	1.813478194	1.700224092	1.68864416	1.782563768	1.681220169	1.762392226	1.713537324	1.739255722	1.720535966	1.718971779	1.683801269	1.776085274	1.760539023	1.799827747	1.678984098	1.683173986	1.706941479	1.701726398	1.699190114	1.652220859	1.683354201	1.613365345	1.661579916	1.780518496	1.746134532	1.722424447	1.700028718	1.66813437	1.749341436	1.824377014	1.715092754	1.645186018	1.70487288	1.705450488	1.701907131	1.698813946	1.675171423	1.781999697	1.70765093	1.654537221	1.746027248	1.692723931	1.786365796
S024	1.676774408	1.668004865	1.720670457	1.753529995	1.656149929	1.635521884	1.717314757	1.730349436	1.6359113	1.723079364	1.624592829	1.63307186	1.74257027	1.780616386	1.57909071	1.64769766	1.693611414	1.752923281	1.723135776	1.57313089	1.657711114	1.770127816	1.698509505	0	1.719657006	1.648300315	1.754778396	1.714692281	1.658881713	1.693286276	1.708990841	1.592597799	1.723527807	1.733571714	1.708969266	1.596658304	1.500492962	1.701169732	1.691241999	1.703677486	1.686416801	1.59150146	1.64326098	1.729659548	1.752611801	1.661661975	1.594712451	1.631002062	1.714228609	1.691249223	1.588252461	1.750468457	1.763225652	1.560644115	1.709255537	1.80959169	1.525175451	1.807877669	1.723371833	1.747874593	1.707782347	1.582390852	1.648669909	1.608875561	1.764814545	1.656304403	1.717074212	1.714357804	1.707009873	1.710571152	1.672042624	1.720161715	1.672424057	1.670862118	1.589262077	1.589654975	1.68851155	1.622050252	1.679711304	1.624576165	1.660876357	1.673610825	1.692128248	1.698531839	1.631997023	1.704236721	1.605606165	1.652538641	1.660980923	1.726793843	1.710605775	1.659729252	1.709438413	1.675877804	1.752383776	1.569541681	1.69632671	1.741085889	1.66822057	1.540995803
S025	1.753313788	1.593756479	1.780070457	1.757337975	1.696397437	1.701243248	1.714309055	1.751590432	1.695358028	1.705579864	1.763928009	1.710607788	1.73506118	1.785320718	1.740303388	1.654551966	1.704407232	1.692283349	1.702505968	1.649225546	1.706075078	1.556443326	1.693086437	1.719657006	0	1.783153119	1.654243248	1.715082843	1.694536365	1.754811568	1.674380563	1.636165153	1.716013563	1.653710164	1.699506094	1.727557032	1.644961308	1.716765082	1.746642321	1.776810014	1.596845473	1.656428298	1.714752246	1.777026906	1.747640193	1.686739237	1.669010313	1.759792696	1.593767561	1.660908317	1.576748141	1.731677131	1.73732839	1.667289809	1.792087235	1.718578532	1.640342673	1.746175383	1.742538833	1.710551713	1.715044315	1.688504654	1.658792187	1.552001379	1.707866177	1.644571021	1.6783622	1.767004286	1.682244069	1.744491338	1.75713027	1.764422755	1.690555629	1.71322323	1.702396357	1.705468689	1.711979028	1.62745246	1.687201648	1.667902689	1.598358207	1.588110975	1.682752352	1.671803061	1.633196541	1.740341465	1.642370787	1.674370491	1.677377701	1.759320609	1.679719403	1.679870274	1.639214819	1.642994552	1.741392466	1.664365825	1.760274394	1.655864287	1.659160912	1.790746623
S026	1.659090717	1.79961047	1.788805266	1.73005233	1.719761248	1.754748757	1.646228208	1.762416049	1.647330637	1.632691207	1.78895736	1.671345133	1.669781773	1.674328509	1.705411845	1.696628333	1.685619615	1.772305792	1.670557849	1.686660251	1.717115637	1.631311475	1.717974208	1.648300315	1.783153119	0	1.782117987	1.665797506	1.764922948	1.714139921	1.752113188	1.644821912	1.781821732	1.679941303	1.687053193	1.746636517	1.692463457	1.723585291	1.710928674	1.729510555	1.741868568	1.642032021	1.772779437	1.758835115	1.77125285	1.739402926	1.709113032	1.712100563	1.620150554	1.727016002	1.700990202	1.737977842	1.806178549	1.734003442	1.757403798	1.708800421	1.730371988	1.541277602	1.742845516	1.71931	1.73120007	1.654012133	1.702862558	1.719127628	1.728724508	1.717624792	1.709174827	1.723455809	1.759569762	1.737376665	1.748990033	1.72504555	1.680429252	1.683734351	1.645398084	1.716197708	1.720650701	1.669680475	1.752022373	1.772326144	1.784335744	1.792843882	1.678418679	1.772683096	1.64037947	1.66585063	1.715536194	1.701706192	1.712449544	1.794754438	1.685831162	1.732312353	1.727096976	1.623198749	1.717448523	1.655988664	1.777412081	1.640795422	1.720104975	1.703949358
S027	1.59852473	1.662279861	1.738079955	1.760304725	1.710330377	1.726225076	1.723716337	1.809060772	1.785915474	1.80738853	1.728586395	1.689667578	1.77521384	1.724128748	1.648560766	1.688811664	1.76365041	1.756955221	1.650910038	1.726922812	1.708728114	1.779739728	1.752203769	1.754778396	1.654243248	1.782117987	0	1.681056879	1.700266289	1.759554296	1.751521859	1.680065421	1.644386693	1.792956134	1.686504934	1.748941408	1.61258358	1.630847846	1.602966081	1.825289468	1.691562929	1.681389876	1.781450498	1.718185994	1.749247387	1.799634431	1.707548683	1.694079106	1.731578707	1.666307319	1.675176863	1.669102223	1.78230893	1.715940085	1.721627707	1.681677994	1.660517739	1.763506909	1.692673085	1.713165653	1.611742675	1.74513988	1.743834779	1.566661157	1.664645289	1.720399427	1.761243604	1.772108496	1.737097863	1.716513728	1.708099566	1.676587685	1.672321801	1.743023672	1.711389735	1.617346237	1.729762004	1.702658992	1.666862894	1.663732391	1.825177827	1.744543343	1.651999496	1.757747395	1.684351045	1.713061245	1.700122371	1.731248379	1.682990703	1.792063805	1.710433869	1.676402184	1.618577089	1.719304584	1.674844074	1.676785829	1.738466132	1.823768035	1.696916924	1.785828877
S028	1.642715923	1.679272272	1.689120344	1.659107298	1.711170602	1.770266437	1.739785794	1.628803049	1.732283267	1.761599581	1.685598368	1.615436471	1.770854503	1.729975109	1.555204167	1.747591927	1.727618299	1.748969108	1.748815567	1.707275897	1.694074239	1.712062701	1.682820564	1.714692281	1.715082843	1.665797506	1.681056879	0	1.714188332	1.703499793	1.741030344	1.649204404	1.719283662	1.725091035	1.695282659	1.727782335	1.703169007	1.734373055	1.636998634	1.755556081	1.745338342	1.697541659	1.693233169	1.677497627	1.691798186	1.759826716	1.66718574	1.663197189	1.722098844	1.639983778	1.690540722	1.724499062	1.647018791	1.654685484	1.65290369	1.729008349	1.707350352	1.749333686	1.677042834	1.67784959	1.72629182	1.641109129	1.67854363	1.649309676	1.764007716	1.650988406	1.661161925	1.780493987	1.71336128	1.752122161	1.721201367	1.713977116	1.652295058	1.688930827	1.694649892	1.644142514	1.650784461	1.640106783	1.569416329	1.658481516	1.775332962	1.72636233	1.543900425	1.78496566	1.7144758	1.708434426	1.70706804	1.690283578	1.637525958	1.704520208	1.633106388	1.649354619	1.696082472	1.707338205	1.664872657	1.733688662	1.793112955	1.757782428	1.712356487	1.636443428
S029	1.740523271	1.859602984	1.70757531	1.807926638	1.746502514	1.774445427	1.679392238	1.739181269	1.630246583	1.742156521	1.744273446	1.772700273	1.719133275	1.719335583	1.769167337	1.673096175	1.753970141	1.789226174	1.753250197	1.732093763	1.639312961	1.712247841	1.694813392	1.658881713	1.694536365	1.764922948	1.700266289	1.714188332	0	1.679662079	1.679712816	1.702606274	1.7308042	1.767667355	1.750363433	1.741743301	1.665779765	1.783909469	1.72219837	1.731247969	1.749089688	1.734786471	1.742501171	1.778696489	1.771314662	1.685441494	1.598710346	1.669351345	1.742598374	1.675439818	1.714409904	1.77666434	1.804027835	1.650395512	1.706701666	1.650536283	1.778678086	1.72220756	1.718242114	1.680149314	1.69190725	1.737238031	1.608114008	1.765807462	1.614214732	1.669137524	1.741061453	1.819927511	1.735627828	1.758177541	1.754439831	1.73241269	1.676264558	1.695052285	1.707338884	1.682596028	1.671727281	1.672941819	1.731340285	1.757131936	1.753624346	1.765176398	1.684892059	1.840012106	1.675614284	1.766111684	1.786493472	1.758614584	1.763087696	1.81571934	1.699064384	1.711460097	1.726156886	1.732733163	1.752432247	1.70143416	1.797916973	1.76844175	1.760601149	1.813905664
S030	1.791146502	1.825362067	1.754218869	1.742989445	1.782579829	1.72660638	1.738022799	1.770114336	1.738136624	1.839037902	1.780283779	1.745891006	1.745590968	1.590818532	1.755205976	1.775444066	1.837950856	1.769191643	1.82195641	1.743688486	1.676232068	1.748387002	1.709968315	1.693286276	1.754811568	1.714139921	1.759554296	1.703499793	1.679662079	0	1.748486889	1.727750023	1.748499417	1.66338213	1.711032106	1.74608097	1.644179278	1.734926554	1.767013915	1.660818822	1.818940849	1.70428626	1.784382502	1.723079608	1.704372287	1.779897731	1.635789057	1.621767904	1.703365523	1.705313851	1.764417877	1.723482855	1.72697311	1.603894319	1.769867853	1.660416416	1.711414867	1.859804055	1.774928575	1.699640715	1.733340113	1.714022328	1.731058993	1.631821881	1.732135333	1.667787753	1.877735962	1.806993126	1.736534453	1.838573724	1.744083588	1.706169349	1.698013075	1.738987258	1.724690171	1.730326543	1.755992762	1.712297776	1.773301384	1.700039697	1.731078905	1.831517755	1.749251356	1.671205011	1.830547103	1.751796641	1.825416277	1.708370261	1.765225373	1.787784891	1.577084561	1.708811922	1.619131647	1.71553524	1.777955318	1.654745727	1.716124414	1.593696201	1.71170477	1.756883621
S031	1.720451977	1.658914398	1.738132532	1.766320692	1.763970388	1.782028745	1.774355036	1.705926075	1.662521941	1.743920737	1.758713058	1.598648975	1.706805423	1.704196287	1.761985567	1.701787355	1.758217023	1.71842	1.726310627	1.695141593	1.680142829	1.677557515	1.662845096	1.708990841	1.674380563	1.752113188	1.751521859	1.741030344	1.679712816	1.748486889	0	1.685764438	1.732130558	1.699127345	1.867933121	1.688715821	1.609563219	1.710125309	1.587560858	1.696427717	1.647670092	1.694895885	1.743767027	1.735858347	1.783875752	1.716717184	1.677897384	1.656308567	1.657394152	1.83858824	1.711368494	1.737784604	1.769253613	1.656140394	1.687771534	1.741834549	1.744123352	1.765934198	1.793523774	1.858151134	1.809959048	1.599757513	1.72180725	1.617840992	1.759819112	1.723776312	1.684640625	1.675234967	1.768763408	1.724366971	1.763077165	1.616083702	1.669947678	1.696923129	1.66227477	1.80343059	1.756668939	1.714394559	1.693559863	1.684859196	1.625973942	1.719496082	1.698009009	1.761673506	1.771863132	1.707620578	1.74954014	1.681692562	1.725628718	1.83896519	1.739345696	1.741354369	1.683637368	1.695085593	1.697169021	1.69986907	1.748544041	1.726778912	1.698757919	1.693737678
S032	1.671403521	1.626964518	1.705738596	1.729181568	1.677758206	1.795205217	1.710620958	1.774680153	1.634896183	1.676032945	1.687838756	1.725087509	1.697999577	1.778196087	1.741088085	1.684782327	1.756081607	1.723421572	1.705024045	1.666274441	1.709930777	1.727190385	1.679363658	1.592597799	1.636165153	1.644821912	1.680065421	1.649204404	1.702606274	1.727750023	1.685764438	0	1.70950002	1.725248165	1.721686581	1.683693339	1.616824209	1.719617111	1.600065462	1.712556835	1.592112472	1.529157755	1.759388441	1.745554309	1.76611994	1.67830687	1.673357344	1.723952763	1.665352856	1.735813786	1.612009632	1.728847622	1.766423123	1.673492448	1.669190686	1.723960233	1.720304806	1.750355134	1.77569442	1.579343964	1.698898078	1.730784119	1.688703016	1.692437742	1.656731996	1.6889974	1.643304173	1.732006891	1.682819752	1.753750987	1.659780619	1.645860058	1.623843334	1.579643787	1.724478834	1.651122404	1.657147157	1.709883751	1.601309043	1.666364814	1.733033906	1.746716872	1.718415963	1.813393052	1.635255302	1.71289341	1.726945318	1.666517194	1.58502628	1.764356618	1.664615732	1.687319913	1.494300998	1.767854531	1.753695505	1.698772018	1.664417519	1.721290382	1.651447395	1.747846416
S033	1.645077599	1.740107628	1.7345818	1.775283034	1.744081192	1.723439405	1.677335388	1.829901165	1.703553137	1.736133615	1.759431688	1.650763543	1.711070231	1.714504323	1.668599711	1.740392079	1.746323043	1.766848818	1.756174695	1.752875999	1.638234391	1.744521935	1.657530738	1.723527807	1.716013563	1.781821732	1.644386693	1.719283662	1.7308042	1.748499417	1.732130558	1.70950002	0	1.769955501	1.640648111	1.697856503	1.703365503	1.738465651	1.696369558	1.690451025	1.773920796	1.723491271	1.729656795	1.730462431	1.708735526	1.737049554	1.713246678	1.693080185	1.697726224	1.59566376	1.663398254	1.718902888	1.624542913	1.651916562	1.712238214	1.772368949	1.642886916	1.645256852	1.775179964	1.644372048	1.617875604	1.759582375	1.710790356	1.67482258	1.695690458	1.690665282	1.805537761	1.669225831	1.77323734	1.690603495	1.718954945	1.646287406	1.682809426	1.719412261	1.69646432	1.515286184	1.750465073	1.694552475	1.685842047	1.64826701	1.698341684	1.64916087	1.705380965	1.662026328	1.671229718	1.544793312	1.74778459	1.800384474	1.67535333	1.754294632	1.722056912	1.685624757	1.657396544	1.722877747	1.734940433	1.666959632	1.648536503	1.74005897	1.708139679	1.786179226
