	S001	S002	S003	S004	S005	S006	S007	S008	S009	S010	S011	S012	S013	S014	S015	S016	S017	S018	S019	S020	S021	S022	S023	S024	S025	S026	S027	S028	S029	S030	S031	S032	S033	S034	S035	S036	S037	S038	S039	S040	S041	S042	S043	S044	S045	S046	S047	S048	S049	S050	S051	S052	S053	S054	S055	S056	S057	S058	S059	S060	S061	S062	S063	S064	S065	S066	S067	S068	S069	S070	S071	S072	S073	S074	S075	S076	S077	S078	S079	S080	S081	S082	S083	S084	S085	S086	S087	S088	S089	S090	S091	S092	S093	S094	S095	S096	S097	S098	S099	S100
S001	0	1.602135381	1.628323218	1.836560371	1.773220424	1.656941439	1.617834153	1.666178825	1.73480844	1.587979135	1.674673782	1.604093133	1.725381972	1.792272365	1.667159039	1.639185272	1.824456298	1.75212772	1.626697928	1.697187577	1.675066653	1.771789915	1.636416551	1.624408696	1.703248542	1.725302092	1.628395731	1.611421179	1.775881085	1.713334394	1.716686063	1.613328735	1.667010004	1.806005739	1.856520099	1.669081608	1.66099075	1.762317088	1.750788697	1.617128948	1.843824716	1.650205472	1.679815827	1.507486414	1.565411228	1.62040829	1.679282521	1.697679133	1.50651918	1.642683015	1.695326701	1.619976623	1.599075236	1.612674207	1.600603221	1.588614344	1.726522303	1.621552594	1.67712879	1.613274594	1.733882658	1.624251465	1.7310735	1.533124053	1.498792916	1.588765762	1.710451149	1.765325266	1.743241591	1.7063455	1.848291876	1.681243487	1.512607353	1.500786923	1.785884233	1.691501994	1.695550223	1.718516477	1.699903422	1.701990152	1.593070218	1.54336211	1.646557328	1.779609506	1.742514455	1.591184501	1.432207461	1.754975535	1.616147795	1.644519452	1.68838917	1.715035562	1.770926223	1.704702628	1.73412846	1.803619077	1.659919259	1.830555191	1.759094424	1.595023588
S002	1.602135381	0	1.669755609	1.737691884	1.775563013	1.765366956	1.723529574	1.68564644	1.705235143	1.661708982	1.555919839	1.735267358	1.608435833	1.660559194	1.556019946	1.652222031	1.846780065	1.780319683	1.617356649	1.616855274	1.567703124	1.650203158	1.710594616	1.658872915	1.684145775	1.768326591	1.4870603	1.805139582	1.736136292	1.741572701	1.829194448	1.632127228	1.527676357	1.77462936	1.776945462	1.662471623	1.724229925	1.773775909	1.661380876	1.441713685	1.796646033	1.694313529	1.687183866	1.594971985	1.746121089	1.707485219	1.557177938	1.736468792	1.738749137	1.748297498	1.710843222	1.633143368	1.732368023	1.810167272	1.777468006	1.724396093	1.709698208	1.719691367	1.608239689	1.488180307	1.690569991	1.71029875	1.827117887	1.644059998	1.619892615	1.613701139	1.715636282	1.713452461	1.745428128	1.647426581	1.756365205	1.7512872	1.776016744	1.64000667	1.674472428	1.620677661	1.834411708	1.77941069	1.788852835	1.702146053	1.662583135	1.828937337	1.643537665	1.680076183	1.621402932	1.622479432	1.787844568	1.661238452	1.623998338	1.824198235	1.544903901	1.631433445	1.72057527	1.627185213	1.752204421	1.681604546	1.696701742	1.704402146	1.749489657	1.495882445
S003	1.628323218	1.669755609	0	1.806915301	1.813103322	1.577846981	1.630250867	1.728608391	1.809778212	1.695576789	1.69105807	1.758550795	1.722609404	1.757771095	1.705449579	1.763471848	1.715513656	1.681845922	1.697536132	1.708266877	1.667785285	1.614627943	1.710410069	1.736105522	1.692787348	1.77428592	1.693761247	1.787826707	1.694573509	1.544584534	1.724242047	1.799608215	1.778416058	1.771231131	1.845719129	1.813088458	1.639920998	1.800996226	1.685359641	1.72962551	1.824674408	1.78149198	1.829548011	1.549446238	1.75966898	1.774515642	1.756202119	1.683161073	1.679908936	1.683982801	1.773012693	1.736613435	1.631714188	1.809645327	1.751682387	1.639360756	1.649348395	1.63710215	1.733849542	1.683598146	1.816785822	1.720581579	1.756402376	1.646318039	1.64062021	1.784398682	1.834485249	1.753939772	1.804107131	1.756953252	1.802503154	1.678102523	1.693025403	1.637456485	1.712349503	1.779142864	1.678291321	1.796869227	1.851250692	1.828119306	1.706223726	1.911099358	1.72256596	1.79124996	1.748727391	1.670443329	1.610761827	1.628109603	1.651144425	1.728564036	1.71655481	1.674588848	1.828330223	1.724031472	1.728387902	1.813413639	1.843821015	1.796765467	1.82166794	1.754407056
S004	1.836560371	1.737691884	1.806915301	0	1.868282701	1.78836753	1.70763067	1.832987598	1.890105429	1.68526107	1.715847643	1.804349342	1.806482275	1.749165382	1.732282646	1.756158687	1.841635585	1.867988875	1.794009811	1.762949942	1.744813586	1.801525036	1.65391553	1.856871625	1.789039039	1.749618123	1.781993854	1.790186294	1.807442294	1.753297849	1.761903864	1.716628082	1.875509749	1.727065722	1.711358956	1.762761321	1.884853001	1.829715307	1.645403138	1.749811653	1.785971763	1.817967585	1.67874055	1.815588675	1.690008863	1.787624659	1.85836297	1.782447266	1.889301831	1.8192845	1.85872809	1.835377628	1.785798541	1.758002976	1.798298396	1.644197843	1.858821896	1.810937909	1.748705721	1.801797767	1.673557851	1.740114184	1.709137217	1.742995574	1.731964967	1.700286895	1.66667221	1.722202619	1.816903818	1.764593765	1.822620329	1.774630226	1.757441432	1.811437616	1.709247022	1.821752195	1.821291228	1.72561395	1.802235161	1.781794033	1.774422187	1.784448635	1.768950871	1.797443297	1.776228518	1.839485982	1.804905148	1.718724002	1.757914076	1.872558627	1.849197185	1.657738161	1.809553738	1.799416419	1.764467533	1.65443305	1.720215222	1.85019036	1.881479699	1.657795491
S005	1.773220424	1.775563013	1.813103322	1.868282701	0	1.758424585	1.817433699	1.793088099	1.794344394	1.738809111	1.709760306	1.806064085	1.82899272	1.748693635	1.720907435	1.822274698	1.714589416	1.730638248	1.888206878	1.839994689	1.741721741	1.623882867	1.752124673	1.840365974	1.887628078	1.7561222	1.838895837	1.677221375	1.787176419	1.732038648	1.831936389	1.818955157	1.80505027	1.863747443	1.883826513	1.728905622	1.815772286	1.852774772	1.861487781	1.636922228	1.80843589	1.833908974	1.799587291	1.790241162	1.86832534	1.80034849	1.805469575	1.790542041	1.788348088	1.709925639	1.746644085	1.789575829	1.768726138	1.741237809	1.808988711	1.812250368	1.763998351	1.810711248	1.799121556	1.783388358	1.847072246	1.791332437	1.81841746	1.807359263	1.75152171	1.753494356	1.697636955	1.704446068	1.894830577	1.51358414	1.711375206	1.814004097	1.659571681	1.807293537	1.740780203	1.874179926	1.885673711	1.884097529	1.906810742	1.808662068	1.673223806	1.764403136	1.829639436	1.712490994	1.804198819	1.835577461	1.728815793	1.708868361	1.780894449	1.833019654	1.705122484	1.742852846	1.696144535	1.759721498	1.722901568	1.870903657	1.744286987	1.842425545	1.843345466	1.727983154
S006	1.656941439	1.765366956	1.577846981	1.78836753	1.758424585	0	1.719631776	1.700050652	1.778080459	1.696089008	1.786826579	1.749407408	1.813819491	1.783236462	1.816178688	1.635240311	1.755394297	1.817642147	1.443128413	1.704067506	1.657628418	1.76986954	1.59245577	1.775883193	1.713048033	1.802102155	1.773814636	1.77992196	1.676386156	1.718793005	1.803963442	1.759428422	1.776938441	1.75782514	1.703556464	1.776762573	1.656374145	1.790249609	1.809639428	1.654849959	1.805832279	1.770483441	1.677266858	1.564847269	1.678147933	1.745005341	1.73863044	1.748193692	1.713755415	1.803625386	1.788463012	1.721445776	1.712275829	1.771802238	1.727727292	1.678164809	1.772053324	1.642429321	1.761635383	1.751573529	1.814256341	1.627278848	1.718615691	1.587613452	1.685196965	1.664752849	1.73356309	1.756660089	1.735583594	1.558739719	1.715774897	1.742040476	1.608060394	1.754325638	1.790040868	1.655857963	1.825318548	1.814320398	1.805673673	1.696911349	1.695149387	1.787417535	1.842100129	1.772878473	1.72251277	1.729075596	1.594301618	1.6757566	1.6379841	1.667801897	1.797382597	1.721851937	1.417265336	1.644765513	1.615207301	1.862726952	1.7825873	1.770168346	1.826293337	1.793243861
S007	1.617834153	1.723529574	1.630250867	1.70763067	1.817433699	1.719631776	0	1.68037588	1.812833899	1.719667956	1.665525053	1.708546832	1.766719481	1.717999486	1.577376074	1.613211559	1.766695367	1.666222753	1.727071057	1.482176644	1.545978038	1.738745676	1.717007952	1.748876227	1.696087999	1.689248077	1.639150474	1.616419434	1.71515821	1.526315365	1.678062708	1.59400826	1.774944509	1.782521386	1.781331536	1.708661549	1.655237881	1.674885901	1.718962612	1.739111421	1.796344311	1.608949393	1.791583314	1.598512031	1.556886979	1.735271865	1.62881194	1.571993504	1.762337363	1.613501426	1.801956764	1.570894448	1.693312467	1.6765806	1.586679262	1.677300175	1.684123186	1.593794129	1.718991417	1.654540005	1.751024685	1.623616022	1.831403955	1.507079328	1.702486655	1.736227039	1.777676702	1.741890411	1.72917088	1.660711801	1.825088681	1.714314482	1.647634802	1.638369504	1.780161044	1.703200465	1.699352772	1.741882872	1.684273917	1.676978305	1.630134377	1.692127141	1.680730449	1.795130081	1.650299776	1.603152892	1.559420016	1.761636686	1.57858475	1.812842571	1.694063677	1.574827973	1.65648645	1.609838933	1.617965311	1.741046052	1.645994662	1.82870415	1.866913551	1.743409887
S008	1.666178825	1.68564644	1.728608391	1.832987598	1.793088099	1.700050652	1.68037588	0	1.797077049	1.750963998	1.784719133	1.8788255	1.706550065	1.80118668	1.716539028	1.767342277	1.801640213	1.744166833	1.671476989	1.806240486	1.622847226	1.803774404	1.795152132	1.633206627	1.817843221	1.602147235	1.642430132	1.777550034	1.743911648	1.764054779	1.791035498	1.738758832	1.807841951	1.578741964	1.819904856	1.728692945	1.746402961	1.610343213	1.69357366	1.623365683	1.799370329	1.827887867	1.607171426	1.623144561	1.709852105	1.723261981	1.693509272	1.684536412	1.763948665	1.77310299	1.79528528	1.757868146	1.705272755	1.675636482	1.759697132	1.711200599	1.75403288	1.620637261	1.640865509	1.749656159	1.788893677	1.67522102	1.808987853	1.757060034	1.701063067	1.706990263	1.655902624	1.825633091	1.815850164	1.717309385	1.832485851	1.627665712	1.774412722	1.831229918	1.704162082	1.760113499	1.76166273	1.709475014	1.808764255	1.719405849	1.723374049	1.815047441	1.812581805	1.690247815	1.74056079	1.680189264	1.59241937	1.695637602	1.651659926	1.755761555	1.761519829	1.802337823	1.736856554	1.584737833	1.798625633	1.759976768	1.84876181	1.699447634	1.833398237	1.707862777
S009	1.73480844	1.705235143	1.809778212	1.890105429	1.794344394	1.778080459	1.812833899	1.797077049	0	1.721101881	1.767823772	1.788708647	1.86852672	1.785781785	1.819060265	1.702325556	1.703157482	1.627961186	1.757388058	1.541511455	1.809098459	1.795716477	1.776465153	1.828601928	1.828099876	1.826258594	1.798002757	1.900762737	1.795440663	1.84769668	1.770720497	1.829894771	1.831639068	1.823051411	1.792058291	1.81838315	1.837544202	1.795567788	1.707459931	1.661054454	1.893674064	1.64144706	1.895442943	1.790419864	1.714063874	1.7005586	1.870270781	1.796165277	1.654456386	1.688992647	1.751112821	1.778827489	1.754089322	1.762073067	1.683896553	1.840107556	1.886384647	1.618905806	1.687515896	1.75117713	1.916128404	1.746047287	1.592320718	1.776387385	1.848835238	1.683596146	1.866900905	1.869080138	1.648928195	1.721482698	1.864053766	1.729248317	1.823363617	1.792110581	1.691869423	1.738449278	1.778357859	1.717977801	1.606869884	1.731306594	1.744265156	1.696671938	1.644587198	1.691994286	1.761005257	1.724904743	1.820076101	1.681062829	1.746397519	1.788638414	1.816866506	1.83590011	1.784712977	1.773230958	1.809146866	1.814986357	1.895415537	1.748089771	1.763601094	1.61994303
S010	1.587979135	1.661708982	1.695576789	1.68526107	1.738809111	1.696089008	1.719667956	1.750963998	1.721101881	0	1.744756293	1.719752162	1.812726777	1.608321796	1.705884906	1.705198665	1.667572701	1.777639311	1.691788155	1.631422284	1.740812564	1.77783572	1.660016422	1.663157437	1.655152657	1.840797383	1.772477972	1.750574692	1.72250045	1.675197409	1.754989164	1.728983374	1.802892365	1.840551084	1.709800408	1.673277649	1.744431263	1.811408259	1.723100292	1.604723159	1.821908297	1.816079627	1.654520974	1.601163819	1.753380609	1.758053579	1.741492966	1.643720264	1.726324415	1.73468672	1.567706942	1.658684598	1.584150731	1.718916552	1.791044244	1.572671383	1.880705884	1.723602575	1.709720411	1.647709503	1.701625733	1.582864356	1.860000817	1.594357922	1.594972621	1.578547717	1.785460174	1.660471355	1.778702904	1.596330121	1.874676327	1.70083194	1.670681328	1.593742802	1.747212262	1.758012797	1.822788444	1.801970514	1.722349919	1.703541453	1.524373587	1.701980063	1.761068201	1.814680317	1.780872886	1.672438814	1.565625278	1.758397262	1.682732192	1.872623589	1.744892725	1.667002871	1.819129362	1.685041453	1.760905737	1.792112482	1.724768468	1.677242934	1.731668527	1.667992299
S011	1.674673782	1.555919839	1.69105807	1.715847643	1.709760306	1.786826579	1.665525053	1.784719133	1.767823772	1.744756293	0	1.677692517	1.740966416	1.566994891	1.660367069	1.692905856	1.646986494	1.662580012	1.725522676	1.632256801	1.645519223	1.734419611	1.651141867	1.6165524	1.760602122	1.707971686	1.598700045	1.719721161	1.657719479	1.683306996	1.773249383	1.595899813	1.679884888	1.704917615	1.731847281	1.713501714	1.758310678	1.771043588	1.670064861	1.701695216	1.733246526	1.618929594	1.768767609	1.615002254	1.79780213	1.817409654	1.762356911	1.703184251	1.701421946	1.673844597	1.753487343	1.719228547	1.505425268	1.774206747	1.586552279	1.840909536	1.770931821	1.663780676	1.658042154	1.661972108	1.731128712	1.675119153	1.815034122	1.710760181	1.664463552	1.700778794	1.588595145	1.75532054	1.813295321	1.676009054	1.669512744	1.739065697	1.612729511	1.691870985	1.676332345	1.732698208	1.910760329	1.689777997	1.535258048	1.65660545	1.652618648	1.784454184	1.706743132	1.75233182	1.559364329	1.693606047	1.761434133	1.715978993	1.721243247	1.825834828	1.621408562	1.634759402	1.740559005	1.654051954	1.694540926	1.599222775	1.681195091	1.674070163	1.793341628	1.762070738
S012	1.604093133	1.735267358	1.758550795	1.804349342	1.806064085	1.749407408	1.708546832	1.8788255	1.788708647	1.719752162	1.677692517	0	1.736775675	1.646810638	1.809746478	1.632300645	1.756880389	1.710540557	1.786028305	1.656486046	1.739555364	1.817948332	1.731423132	1.731093321	1.828138171	1.683119439	1.829918242	1.705821862	1.729930812	1.701696429	1.791691506	1.719387078	1.756613633	1.888022926	1.845484842	1.668882951	1.700922361	1.667310925	1.695681578	1.720386395	1.748436113	1.613592095	1.78907107	1.660423901	1.496720315	1.733598723	1.805849072	1.835621578	1.691622909	1.766831408	1.795497228	1.810909368	1.653786429	1.80456995	1.697172558	1.779890483	1.722383336	1.731380731	1.594041887	1.650364393	1.807537893	1.731617442	1.828451117	1.644707982	1.701159199	1.767695777	1.822715382	1.705944915	1.826318766	1.748261933	1.811677835	1.776406316	1.694531876	1.752023644	1.740096636	1.809213479	1.699085526	1.851717528	1.710861271	1.739597687	1.760952705	1.851876287	1.795544741	1.892905649	1.7732757	1.68122211	1.665286064	1.669050388	1.727141524	1.683765809	1.737174929	1.694407895	1.79522927	1.636064655	1.668945443	1.794981424	1.791979492	1.866220296	1.765356005	1.759353307
S013	1.725381972	1.608435833	1.722609404	1.806482275	1.82899272	1.813819491	1.766719481	1.706550065	1.86852672	1.812726777	1.740966416	1.736775675	0	1.733932603	1.782785469	1.79911425	1.808896542	1.571262758	1.80175913	1.765142367	1.729117905	1.482941241	1.603510365	1.623198922	1.799639546	1.701249338	1.641635443	1.750100773	1.711948211	1.84118769	1.801233697	1.784794433	1.771792272	1.753183509	1.848487989	1.702817542	1.777070976	1.739148884	1.732757049	1.704820414	1.71921073	1.712709794	1.825595121	1.694284208	1.749290266	1.707233428	1.841336705	1.714317287	1.665388066	1.813578509	1.646944693	1.765748891	1.66853793	1.773260233	1.689637563	1.690776856	1.773298433	1.74404331	1.696596606	1.640685618	1.64544444	1.544172269	1.801283186	1.813819343	1.684519602	1.509299182	1.706495457	1.747856254	1.762582465	1.728492788	1.848441892	1.783767725	1.744512227	1.625573403	1.809677035	1.586554402	1.739701753	1.892783393	1.791501088	1.803495972	1.556872944	1.800243372	1.711105778	1.709169062	1.701932215	1.835219261	1.712645261	1.840053937	1.678802719	1.785560792	1.680672048	1.802311834	1.757357819	1.530625226	1.750204888	1.721990071	1.688548947	1.762809235	1.587657174	1.735435864
S014	1.792272365	1.660559194	1.757771095	1.749165382	1.748693635	1.783236462	1.717999486	1.80118668	1.785781785	1.608321796	1.566994891	1.646810638	1.733932603	0	1.68552268	1.621245771	1.831543289	1.691387457	1.554826101	1.734332506	1.76638495	1.72015392	1.59056218	1.792819557	1.765002089	1.653734661	1.731781668	1.65039865	1.772968176	1.733181815	1.68243171	1.805484422	1.722712139	1.76983683	1.805172574	1.724558237	1.836585549	1.738699537	1.735792236	1.482154719	1.763412753	1.798661721	1.785894058	1.754159887	1.752916197	1.715739839	1.836595502	1.553733546	1.863654525	1.862451364	1.731150862	1.772028482	1.753874775	1.756479448	1.800388952	1.782166641	1.84511033	1.710939717	1.736146007	1.604096749	1.767387303	1.619885288	1.640508245	1.61953278	1.803332191	1.664577753	1.745816606	1.799662429	1.728396254	1.578875635	1.807334885	1.7988163	1.677561814	1.724978492	1.862230698	1.830049161	1.813448792	1.795371538	1.805027723	1.759330871	1.701940823	1.808588453	1.858883689	1.857907597	1.784176868	1.69359911	1.564798984	1.683024326	1.69854189	1.916707143	1.622281785	1.735288875	1.765459484	1.608864719	1.730113311	1.752597098	1.7408247	1.773181844	1.766801049	1.789268005
S015	1.667159039	1.556019946	1.705449579	1.732282646	1.720907435	1.816178688	1.577376074	1.716539028	1.819060265	1.705884906	1.660367069	1.809746478	1.782785469	1.68552268	0	1.604385781	1.838621061	1.738745003	1.587266727	1.683149224	1.67189516	1.693938028	1.648882852	1.705150075	1.684138417	1.768130701	1.714173794	1.718961908	1.672611834	1.738170829	1.756077264	1.673151698	1.620221751	1.786084338	1.729435322	1.637442697	1.771191919	1.518842825	1.77482979	1.647652583	1.656196387	1.760639263	1.693323754	1.644121019	1.751548347	1.570045435	1.649076118	1.713503142	1.759995117	1.67554459	1.672026476	1.684670056	1.654566143	1.845923552	1.7445731	1.719758939	1.645724662	1.700762405	1.763011049	1.547113679	1.675358267	1.698588458	1.896350577	1.668751746	1.670271457	1.594609359	1.682337808	1.747828051	1.753104592	1.717364641	1.763703217	1.788111724	1.65291633	1.72973187	1.688394114	1.621867517	1.711895576	1.796236752	1.831655879	1.783244987	1.731144295	1.763031035	1.618604367	1.784309823	1.719028696	1.641646598	1.717212836	1.747400638	1.68255882	1.812150963	1.552955711	1.716944717	1.700886444	1.572590683	1.644586029	1.648549434	1.700436606	1.714046126	1.678157543	1.536899333
S016	1.639185272	1.652222031	1.763471848	1.756158687	1.822274698	1.635240311	1.613211559	1.767342277	1.702325556	1.705198665	1.692905856	1.632300645	1.79911425	1.621245771	1.604385781	0	1.779008586	1.6758988	1.635811252	1.599278527	1.665577749	1.662533477	1.586454059	1.656005534	1.828460666	1.695515696	1.763636283	1.754495701	1.806353935	1.816126256	1.791836685	1.740277377	1.718775556	1.757463677	1.825026013	1.796136752	1.805422996	1.708201536	1.755150609	1.698890798	1.629662418	1.739512916	1.691658259	1.657643402	1.625597302	1.726734082	1.798961511	1.787803411	1.783244196	1.745497781	1.683136477	1.759438353	1.610686482	1.780956923	1.652629509	1.675328376	1.778413519	1.567729264	1.683228978	1.631816854	1.813451076	1.732742057	1.898446316	1.583916903	1.7433481	1.72567299	1.767321293	1.599039306	1.737206415	1.632748694	1.811873956	1.541322265	1.641081773	1.795176391	1.730118919	1.74316324	1.782493001	1.778918755	1.777568988	1.777657038	1.639116196	1.726695464	1.80120469	1.764348862	1.740776823	1.739642769	1.464969961	1.773203833	1.697006061	1.758481322	1.741279258	1.64363432	1.743492777	1.627962412	1.734779134	1.628018697	1.660918295	1.760206109	1.841551402	1.733256138
S017	1.824456298	1.846780065	1.715513656	1.841635585	1.714589416	1.755394297	1.766695367	1.801640213	1.703157482	1.667572701	1.646986494	1.756880389	1.808896542	1.831543289	1.838621061	1.779008586	0	1.611545356	1.69502841	1.747780967	1.622869517	1.777216457	1.753224875	1.598972424	1.713953948	1.710250694	1.824286979	1.762606711	1.777769437	1.63527016	1.816907953	1.696990819	1.831946808	1.528464425	1.915279739	1.752511646	1.789108946	1.807968734	1.753527529	1.672772834	1.827871316	1.786840456	1.871472039	1.695314126	1.732893486	1.724511832	1.877095411	1.802952139	1.746386592	1.788448561	1.708063593	1.851003617	1.672136728	1.824200573	1.703448585	1.845021284	1.763067757	1.702702146	1.767347624	1.814118036	1.776357234	1.760026299	1.771163832	1.757098275	1.791536646	1.774303208	1.849383081	1.797295068	1.838605335	1.712261842	1.75739381	1.687533003	1.624829295	1.727489465	1.652788927	1.787843268	1.856843695	1.649709321	1.798060378	1.595524854	1.725907932	1.69232261	1.795055804	1.84669235	1.866248229	1.732961339	1.853467471	1.737878895	1.767585267	1.832446888	1.864387912	1.738685942	1.760939643	1.810948904	1.776233596	1.768097503	1.728368923	1.461790579	1.808856694	1.7258166
S018	1.75212772	1.780319683	1.681845922	1.867988875	1.730638248	1.817642147	1.666222753	1.744166833	1.627961186	1.777639311	1.662580012	1.710540557	1.571262758	1.691387457	1.738745003	1.6758988	1.611545356	0	1.767552896	1.790967847	1.845615375	1.689667511	1.771727517	1.819824194	1.890207054	1.74692986	1.760454021	1.674249157	1.812815507	1.78224503	1.812212517	1.794976297	1.840416328	1.616092119	1.891385861	1.839389508	1.725482088	1.814148368	1.757027991	1.825133884	1.855338658	1.818406446	1.774729377	1.788083206	1.650923466	1.71329592	1.854937429	1.772727827	1.75668748	1.748241813	1.752946583	1.643236743	1.771363296	1.887415561	1.864331867	1.784910988	1.687502715	1.738247238	1.699924218	1.847827112	1.789312902	1.788182331	1.718379786	1.750041093	1.712728272	1.73192463	1.815989011	1.792139064	1.829101925	1.698188102	1.742689324	1.687625365	1.783206183	1.734587247	1.871283745	1.721448502	1.778184233	1.846679739	1.798225714	1.765658566	1.738686506	1.782235942	1.868099404	1.805733988	1.816620131	1.832376337	1.681894939	1.798173983	1.752867907	1.907038776	1.71185107	1.789426924	1.823596969	1.786852468	1.724677376	1.564056163	1.817516375	1.563775511	1.82712677	1.617008178
S019	1.626697928	1.617356649	1.697536132	1.794009811	1.888206878	1.443128413	1.727071057	1.671476989	1.757388058	1.691788155	1.725522676	1.786028305	1.80175913	1.554826101	1.587266727	1.635811252	1.69502841	1.767552896	0	1.735357155	1.690782239	1.719844085	1.687382425	1.60363918	1.712005428	1.75998059	1.698732179	1.772225167	1.695088573	1.662497446	1.720557515	1.623793553	1.718733528	1.784095733	1.803201011	1.723112948	1.81110099	1.740055974	1.651454399	1.55235964	1.757983382	1.728984092	1.716737257	1.533824104	1.70049178	1.689638506	1.678346447	1.558797215	1.661827822	1.827828721	1.706906679	1.701105529	1.71959856	1.737701263	1.795534347	1.792348872	1.664192231	1.629320714	1.715473574	1.60223438	1.822803978	1.610734245	1.62185212	1.698431525	1.790659586	1.685728298	1.765698953	1.710074582	1.744854977	1.644363304	1.8157927	1.680500247	1.674276833	1.697489169	1.715698621	1.637133678	1.790639775	1.791427637	1.697674254	1.641351118	1.75575816	1.800784368	1.841156338	1.792680954	1.641030963	1.657373453	1.756774069	1.761839749	1.672752483	1.752186824	1.782746296	1.838236334	1.671591083	1.553321888	1.627282978	1.794811175	1.590399569	1.810985281	1.741573162	1.788154748
S020	1.697187577	1.616855274	1.708266877	1.762949942	1.839994689	1.704067506	1.482176644	1.806240486	1.541511455	1.631422284	1.632256801	1.656486046	1.765142367	1.734332506	1.683149224	1.599278527	1.747780967	1.790967847	1.735357155	0	1.625397226	1.727156904	1.647285564	1.772202887	1.748842445	1.765054967	1.726646372	1.73839638	1.749333938	1.737170473	1.567450868	1.773048474	1.797636841	1.808173104	1.862339258	1.736256879	1.760401637	1.829626521	1.749370698	1.692808675	1.744202937	1.609243353	1.807906374	1.681314457	1.669779945	1.683371603	1.813860502	1.79900439	1.610619025	1.656909718	1.833248356	1.608988092	1.716668815	1.625394126	1.646039604	1.619243505	1.794654986	1.622385161	1.566554397	1.781760509	1.844057177	1.680532726	1.684664633	1.662314268	1.490632213	1.574889065	1.706587734	1.712778327	1.652713896	1.699588101	1.824108727	1.76206951	1.654648958	1.628467982	1.600616412	1.742280345	1.77014907	1.784220188	1.684570777	1.675358615	1.685659583	1.509118099	1.709596913	1.807535669	1.743044046	1.71398285	1.645249228	1.637212808	1.676674516	1.750830849	1.850908795	1.705200189	1.731167824	1.611230925	1.693805487	1.665260018	1.72196929	1.763676966	1.908437877	1.558646341
S021	1.675066653	1.567703124	1.667785285	1.744813586	1.741721741	1.657628418	1.545978038	1.622847226	1.809098459	1.740812564	1.645519223	1.739555364	1.729117905	1.76638495	1.67189516	1.665577749	1.622869517	1.845615375	1.690782239	1.625397226	0	1.662275014	1.653625068	1.532056489	1.655388075	1.551093665	1.586701676	1.677880808	1.66778951	1.608813155	1.633052418	1.659716428	1.684459583	1.704779452	1.82304106	1.780247319	1.784988395	1.743046333	1.734144812	1.694437899	1.852441187	1.680293989	1.6943016	1.518774243	1.772442223	1.735007443	1.561392718	1.629123814	1.669949179	1.684666776	1.805428932	1.738251904	1.706737165	1.75547905	1.610422866	1.692182661	1.745805922	1.653804745	1.593709289	1.646233635	1.761720477	1.81040288	1.788071341	1.687541798	1.660863073	1.688736001	1.810601936	1.688910751	1.706732588	1.723720255	1.852560453	1.677865462	1.74752946	1.65478048	1.782282072	1.733096679	1.766340578	1.687687634	1.689828699	1.671702061	1.562716043	1.769251691	1.715351103	1.788294563	1.745761546	1.563699048	1.670227192	1.783121302	1.651443276	1.782825581	1.792632909	1.698132185	1.647186634	1.671030809	1.648161601	1.853272784	1.720996816	1.763404432	1.915292909	1.778930253
S022	1.771789915	1.650203158	1.614627943	1.801525036	1.623882867	1.76986954	1.738745676	1.803774404	1.795716477	1.77783572	1.734419611	1.817948332	1.482941241	1.72015392	1.693938028	1.662533477	1.777216457	1.689667511	1.719844085	1.727156904	1.662275014	0	1.637103296	1.808406273	1.846474667	1.714213873	1.633517854	1.73484033	1.79095948	1.609811241	1.898372068	1.758617098	1.830661509	1.761420836	1.821401856	1.724100143	1.635075955	1.812738175	1.653036392	1.712573779	1.738456103	1.779522953	1.763518254	1.714702941	1.707744851	1.653934663	1.741902622	1.637122788	1.750796305	1.771749092	1.677988266	1.66362482	1.832961861	1.820665156	1.761774476	1.752132825	1.740343564	1.737413925	1.715660077	1.713862105	1.849842071	1.633243382	1.854080613	1.768577364	1.678209145	1.673905011	1.794570074	1.744004305	1.831664724	1.637295645	1.712674377	1.669031008	1.677979354	1.717432626	1.858433908	1.594544987	1.858686318	1.859230922	1.855623433	1.704209035	1.579593627	1.750333185	1.652899731	1.779323597	1.694761442	1.79004649	1.671120346	1.765129182	1.696500004	1.748122239	1.708909661	1.756241503	1.727538238	1.596119717	1.694703485	1.780759076	1.684352872	1.804958028	1.822086401	1.747324353
S023	1.636416551	1.710594616	1.710410069	1.65391553	1.752124673	1.59245577	1.717007952	1.795152132	1.776465153	1.660016422	1.651141867	1.731423132	1.603510365	1.59056218	1.648882852	1.586454059	1.753224875	1.771727517	1.687382425	1.647285564	1.653625068	1.637103296	0	1.724694611	1.715790835	1.724790611	1.780070972	1.701746912	1.717866698	1.841676735	1.790229078	1.642370092	1.710800213	1.850290414	1.706521512	1.687432333	1.861095917	1.767027235	1.804689498	1.699912839	1.758076513	1.643316101	1.721843266	1.529605051	1.721424605	1.694098979	1.686332896	1.710753998	1.706631695	1.70655556	1.705526554	1.78819566	1.661797689	1.702388058	1.677922464	1.631583985	1.87161558	1.737155853	1.602236693	1.629599261	1.723446327	1.69179392	1.722253777	1.761772514	1.702086561	1.682194713	1.717399316	1.674754297	1.766627774	1.710590743	1.788804377	1.783599604	1.658781686	1.727796476	1.789261718	1.738556339	1.831045642	1.70786638	1.814336693	1.774758123	1.589201583	1.846805317	1.816185259	1.706345469	1.854614182	1.767324984	1.596510612	1.698899602	1.664635276	1.747889351	1.676464495	1.789055735	1.774590194	1.618895475	1.696087455	1.713536338	1.659709006	1.809775858	1.786189419	1.761960549
S024	1.624408696	1.658872915	1.736105522	1.856871625	1.840365974	1.775883193	1.748876227	1.633206627	1.828601928	1.663157437	1.6165524	1.731093321	1.623198922	1.792819557	1.705150075	1.656005534	1.598972424	1.819824194	1.60363918	1.772202887	1.532056489	1.808406273	1.724694611	0	1.818027732	1.502205766	1.664566323	1.784706329	1.503478361	1.760309232	1.793992017	1.596911029	1.736182846	1.765204021	1.714964389	1.614050158	1.658476404	1.780444278	1.619933861	1.661603068	1.75307176	1.72975493	1.748324615	1.55085998	1.709481794	1.778760658	1.688507027	1.691029119	1.63651442	1.745985159	1.657895711	1.746237847	1.529856214	1.804121325	1.747983227	1.728890242	1.626299495	1.664009876	1.74165362	1.762858914	1.71723821	1.558402843	1.886683152	1.640494043	1.641207046	1.692816794	1.682886469	1.625977086	1.680923321	1.80879798	1.848469036	1.676024173	1.736886119	1.621131613	1.613246993	1.77464092	1.738754489	1.800983229	1.707572798	1.77655005	1.63004542	1.86038004	1.738398484	1.647708	1.765282375	1.652584099	1.718324585	1.716485845	1.705796265	1.699606486	1.735181124	1.732266114	1.862209587	1.549613076	1.709865962	1.693430931	1.732028505	1.494594579	1.816058762	1.551005908
S025	1.703248542	1.684145775	1.692787348	1.789039039	1.887628078	1.713048033	1.696087999	1.817843221	1.828099876	1.655152657	1.760602122	1.828138171	1.799639546	1.765002089	1.684138417	1.828460666	1.713953948	1.890207054	1.712005428	1.748842445	1.655388075	1.846474667	1.715790835	1.818027732	0	1.7042795	1.797990513	1.857088049	1.759326259	1.674898402	1.863117631	1.758039277	1.871103394	1.817009995	1.844167497	1.834585	1.890921882	1.884040252	1.859169199	1.788846762	1.812489528	1.840165912	1.792644245	1.72114059	1.792641736	1.765444426	1.873481955	1.819199187	1.631078638	1.862105841	1.763655113	1.772511269	1.728841056	1.565029457	1.738045293	1.7055981	1.788417777	1.76142873	1.815778776	1.633650976	1.775472036	1.810734963	1.758585528	1.773562339	1.792796036	1.74314185	1.774475829	1.852919972	1.820945543	1.692575626	1.715334488	1.767727097	1.734156195	1.819369351	1.880422677	1.758664068	1.803044089	1.776504753	1.850812162	1.796655026	1.748340406	1.778388652	1.857065754	1.779231884	1.977034811	1.760455737	1.729936281	1.727227717	1.685518223	1.91904911	1.81786994	1.74782613	1.830460185	1.753634108	1.8921034	1.859083223	1.743130109	1.829012555	1.900765586	1.770230442
S026	1.725302092	1.768326591	1.77428592	1.749618123	1.7561222	1.802102155	1.689248077	1.602147235	1.826258594	1.840797383	1.707971686	1.683119439	1.701249338	1.653734661	1.768130701	1.695515696	1.710250694	1.74692986	1.75998059	1.765054967	1.551093665	1.714213873	1.724790611	1.502205766	1.7042795	0	1.839621955	1.703526939	1.690778355	1.72419039	1.661417605	1.740621783	1.747430976	1.647306715	1.713717739	1.698770374	1.859754214	1.60215122	1.765282181	1.641654406	1.62155555	1.772617386	1.812179971	1.67631021	1.68283321	1.668813828	1.775523913	1.744150161	1.690435714	1.683825221	1.612197565	1.780971257	1.637062196	1.603230343	1.711188489	1.707921958	1.833371163	1.682054808	1.74478986	1.62205488	1.84927436	1.717817389	1.79610268	1.682384583	1.694032808	1.56006097	1.781032325	1.812975402	1.801903135	1.676433626	1.81366227	1.731470417	1.767322639	1.750175557	1.622125381	1.66303278	1.799151083	1.757526453	1.717168616	1.622686048	1.681740556	1.766841218	1.816202008	1.782053484	1.757212259	1.662142465	1.526317457	1.725507813	1.706771035	1.770247022	1.813025564	1.758278268	1.721170919	1.699004154	1.659679414	1.744663865	1.703228617	1.693569259	1.832541686	1.578091338
S027	1.628395731	1.4870603	1.693761247	1.781993854	1.838895837	1.773814636	1.639150474	1.642430132	1.798002757	1.772477972	1.598700045	1.829918242	1.641635443	1.731781668	1.714173794	1.763636283	1.824286979	1.760454021	1.698732179	1.726646372	1.586701676	1.633517854	1.780070972	1.664566323	1.797990513	1.839621955	0	1.649199746	1.784799622	1.773413269	1.801910926	1.672286764	1.701468709	1.813959692	1.890256594	1.693340777	1.864303993	1.651128893	1.703427808	1.767504249	1.833358325	1.771181651	1.832742304	1.566770027	1.622999951	1.818278349	1.902743994	1.77106851	1.872917689	1.481254114	1.864885378	1.674432058	1.753211121	1.704788594	1.744467074	1.782099975	1.81385022	1.766211607	1.796752829	1.659531043	1.666637053	1.763055998	1.781801465	1.753742002	1.780919759	1.795158285	1.712064122	1.805228885	1.637769734	1.741228217	1.856066305	1.823960292	1.60656654	1.673170134	1.654592406	1.559369131	1.782732038	1.87174524	1.778258831	1.739266779	1.792935701	1.700979803	1.557336413	1.778460287	1.649290076	1.539095536	1.612115472	1.69840523	1.720944728	1.800112251	1.636186391	1.735937573	1.747773406	1.754938947	1.713342285	1.831225128	1.739973566	1.73711715	1.888920079	1.733503087
S028	1.611421179	1.805139582	1.787826707	1.790186294	1.677221375	1.77992196	1.616419434	1.777550034	1.900762737	1.750574692	1.719721161	1.705821862	1.750100773	1.65039865	1.718961908	1.754495701	1.762606711	1.674249157	1.772225167	1.73839638	1.677880808	1.73484033	1.701746912	1.784706329	1.857088049	1.703526939	1.649199746	0	1.864641698	1.759001099	1.794314182	1.748830036	1.754063501	1.75978401	1.750705278	1.706718881	1.784582851	1.579812461	1.78771706	1.779632517	1.792147157	1.746547409	1.640089234	1.571799995	1.688445233	1.743755801	1.838822764	1.791181084	1.775720257	1.606508576	1.721165226	1.709104178	1.756139831	1.694462538	1.689481658	1.764350499	1.8002302	1.685773427	1.692071759	1.821274533	1.694538947	1.806907006	1.775859205	1.56998242	1.593457665	1.799370741	1.801312448	1.825949213	1.712759944	1.786771147	1.827472425	1.716942992	1.271105736	1.681324848	1.735549958	1.793751437	1.80319011	1.76312641	1.860913799	1.695014861	1.759060991	1.681320323	1.754548239	1.749353769	1.807899532	1.597880192	1.627027908	1.826297066	1.6736373	1.763399949	1.731738417	1.808968081	1.752370522	1.713545709	1.678467583	1.822857744	1.515902422	1.71022599	1.859060129	1.778227593
S029	1.775881085	1.736136292	1.694573509	1.807442294	1.787176419	1.676386156	1.71515821	1.743911648	1.795440663	1.72250045	1.657719479	1.729930812	1.711948211	1.772968176	1.672611834	1.806353935	1.777769437	1.812815507	1.695088573	1.749333938	1.66778951	1.79095948	1.717866698	1.503478361	1.759326259	1.690778355	1.784799622	1.864641698	0	1.737690493	1.807606232	1.711088762	1.743114719	1.765511338	1.605995088	1.619576541	1.685752273	1.729966399	1.75187351	1.671946033	1.637163167	1.761071881	1.75642187	1.607692135	1.725224733	1.859576633	1.77348035	1.733991752	1.540799873	1.811857092	1.70761792	1.752710234	1.716685847	1.62110109	1.727507348	1.660306715	1.72134581	1.787671433	1.742416487	1.843092101	1.800208957	1.66330446	1.834043365	1.782657532	1.631543247	1.738722677	1.75794201	1.809531791	1.74171322	1.679773671	1.736113293	1.765090764	1.711434224	1.687954496	1.700284604	1.775887205	1.62570081	1.815665684	1.762798071	1.850031499	1.687701581	1.830810947	1.712742197	1.721648787	1.770030326	1.790370468	1.75908165	1.696778966	1.55554252	1.946025339	1.760306207	1.699589369	1.785171756	1.546508089	1.692148911	1.688606378	1.782019256	1.648343706	1.635253623	1.738005659
S030	1.713334394	1.741572701	1.544584534	1.753297849	1.732038648	1.718793005	1.526315365	1.764054779	1.84769668	1.675197409	1.683306996	1.701696429	1.84118769	1.733181815	1.738170829	1.816126256	1.63527016	1.78224503	1.662497446	1.737170473	1.608813155	1.609811241	1.841676735	1.760309232	1.674898402	1.72419039	1.773413269	1.759001099	1.737690493	0	1.795179613	1.592540785	1.854457676	1.736109467	1.834827679	1.77280924	1.652983748	1.767766546	1.673954859	1.75034154	1.819277774	1.74828411	1.688108121	1.663697002	1.796601366	1.739190278	1.704445093	1.752290407	1.7658381	1.742644379	1.869219171	1.617333273	1.774670724	1.670050623	1.770572761	1.751121464	1.651691517	1.699050834	1.68666191	1.746269222	1.81185395	1.677367939	1.764488578	1.692256729	1.704259366	1.759710126	1.767010855	1.73907941	1.809912835	1.749346264	1.80023669	1.640248753	1.721970817	1.597150221	1.761077569	1.781697068	1.756835887	1.650170983	1.81104813	1.653176716	1.74942477	1.669891718	1.69626467	1.813391278	1.704839725	1.684871959	1.648158083	1.701710085	1.659658045	1.686477012	1.904605796	1.600055912	1.662754203	1.701344318	1.713455814	1.730400847	1.697154895	1.798640109	1.723973576	1.666989794
S031	1.716686063	1.829194448	1.724242047	1.761903864	1.831936389	1.803963442	1.678062708	1.791035498	1.770720497	1.754989164	1.773249383	1.791691506	1.801233697	1.68243171	1.756077264	1.791836685	1.816907953	1.812212517	1.720557515	1.567450868	1.633052418	1.898372068	1.790229078	1.793992017	1.863117631	1.661417605	1.801910926	1.794314182	1.807606232	1.795179613	0	1.70217789	1.686092555	1.631944514	1.865451086	1.803836835	1.803275221	1.778341729	1.77256008	1.661175845	1.588573469	1.735451427	1.837758128	1.780222965	1.834334655	1.884300043	1.835222022	1.852575694	1.698645339	1.858046818	1.79417048	1.677366746	1.770219313	1.72730187	1.757510484	1.780877705	1.797749716	1.467392767	1.724550311	1.810831263	1.854257081	1.7918442	1.723801481	1.695797808	1.741931429	1.768710667	1.776331644	1.858847531	1.817585952	1.665463733	1.938815639	1.86535453	1.82533422	1.763115366	1.761052994	1.781313951	1.815459674	1.859790372	1.752450729	1.708778357	1.901085599	1.751249267	1.884837965	1.919797923	1.75213877	1.829800632	1.747754268	1.763070056	1.803254994	1.824287307	1.912430209	1.807474237	1.776436004	1.776845333	1.801291043	1.838113648	1.810396292	1.740162562	1.790512587	1.680925821
S032	1.613328735	1.632127228	1.799608215	1.716628082	1.818955157	1.759428422	1.59400826	1.738758832	1.829894771	1.728983374	1.595899813	1.719387078	1.784794433	1.805484422	1.673151698	1.740277377	1.696990819	1.794976297	1.623793553	1.773048474	1.659716428	1.758617098	1.642370092	1.596911029	1.758039277	1.740621783	1.672286764	1.748830036	1.711088762	1.592540785	1.70217789	0	1.741634123	1.795020166	1.8196926	1.675610259	1.751259419	1.618725577	1.615187178	1.701705455	1.782004337	1.711897677	1.810072408	1.619744773	1.776608873	1.723867411	1.783388494	1.664184736	1.750810723	1.769527328	1.662188188	1.762368224	1.648432393	1.796390832	1.668016484	1.783118045	1.571921792	1.669873151	1.614558101	1.600294793	1.738626977	1.7130725	1.691206363	1.653922136	1.797731711	1.748596539	1.69600767	1.648036151	1.714723666	1.647051033	1.784153001	1.853367828	1.727918044	1.672682094	1.781687806	1.697225803	1.818747738	1.70631361	1.712261497	1.603010763	1.756830633	1.651385017	1.794087353	1.755658353	1.635526764	1.675741416	1.844836204	1.812187816	1.674096934	1.790523935	1.762955665	1.683545427	1.690284264	1.674639249	1.611505893	1.669306036	1.676218836	1.562518436	1.618337189	1.656731499
S033	1.667010004	1.527676357	1.778416058	1.875509749	1.80505027	1.776938441	1.774944509	1.807841951	1.831639068	1.802892365	1.679884888	1.756613633	1.771792272	1.722712139	1.620221751	1.718775556	1.831946808	1.840416328	1.718733528	1.797636841	1.684459583	1.830661509	1.710800213	1.736182846	1.871103394	1.747430976	1.701468709	1.754063501	1.743114719	1.854457676	1.686092555	1.741634123	0	1.768701085	1.795364117	1.809137922	1.793634982	1.65353813	1.791996207	1.587029404	1.71102287	1.723687828	1.832963617	1.725365898	1.756736386	1.786220034	1.834593649	1.805426201	1.681752436	1.640179915	1.786250647	1.827629669	1.556121552	1.797597915	1.777055181	1.733256294	1.768434419	1.70715053	1.709752368	1.738765342	1.84122187	1.856149697	1.78322344	1.573021003	1.824211406	1.817299696	1.857850161	1.714916382	1.896364327	1.796780608	1.791334446	1.742739925	1.799681519	1.728707219	1.726292617	1.817560764	1.815447715	1.865920745	1.705147194	1.858742948	1.832300412	1.775078646	1.827094194	1.80559886	1.691551633	1.853139677	1.791398767	1.797774185	1.769463097	1.79579644	1.766202746	1.788862032	1.711180301	1.654945646	1.771513876	1.799861123	1.858484771	1.642683867	1.855551614	1.718522264
