	S001	S002	S003	S004	S005	S006	S007	S008	S009	S010	S011	S012	S013	S014	S015	S016	S017	S018	S019	S020	S021	S022	S023	S024	S025	S026	S027	S028	S029	S030	S031	S032	S033	S034	S035	S036	S037	S038	S039	S040	S041	S042	S043	S044	S045	S046	S047	S048	S049	S050	S051	S052	S053	S054	S055	S056	S057	S058	S059	S060	S061	S062	S063	S064	S065	S066	S067	S068	S069	S070	S071	S072	S073	S074	S075	S076	S077	S078	S079	S080	S081	S082	S083	S084	S085	S086	S087	S088	S089	S090	S091	S092	S093	S094	S095	S096	S097	S098	S099	S100
S001	0	1.713332342	1.83791671	2.000000001	1.962782877	1.754158132	1.931231016	1.84904926	1.884079011	1.843998345	1.892695879	1.809630867	1.94784065	1.824938949	1.969243182	1.851479119	1.946492213	1.2966283	1.821772415	1.890950683	1.827932913	2.000000001	1.515025773	1.867939396	1.781776581	1.83489722	1.710011625	1.561106452	1.736803809	2	1.914683379	1.84553881	1.880217448	1.801733183	1.886283322	1.799167267	1.873876452	1.894087231	1.92933441	2	1.917473122	1.978665266	1.90626142	1.801457716	1.909752906	1.590228709	1.726783792	1.89619335	1.905024416	1.639239359	1.750689386	1.843642649	1.496286201	1.809905264	1.852441783	1.985758273	1.936875526	1.951360398	1.913436352	1.762598696	1.801369854	1.76386279	1.638004269	1.821248787	1.89321033	1.947126184	1.795601667	1.853529193	1.846808177	1.613929831	1.712678949	1.692269457	1.962761671	1.598759238	1.852837699	1.864189053	1.935678654	1.860670919	1.778368177	1.859153768	1.978665264	1.88073185	1.934774059	1.93722392	1.745914392	1.747395689	1.896582297	1.964396153	1.760300784	1.897204851	1.664769628	1.942334095	2.000000001	1.961993554	1.922567306	2.000000001	1.898071733	1.766950181	1.915611291	1.835468208
S002	1.713332342	0	1.787918656	1.976838107	1.806224877	1.829374846	1.87182078	1.862500322	1.943312113	1.802417925	1.626144493	1.750565267	1.940853346	1.720149707	1.696616624	1.732981117	1.706469391	1.949593004	1.804349389	1.845741877	1.756706169	1.753066727	1.792861763	1.995402858	1.936936985	1.860528842	1.767690519	1.793996378	1.563995329	1.999999998	1.785771005	1.585167736	1.94673028	1.832214035	1.84420733	1.835652571	1.871283078	1.931963257	1.664465296	1.968052988	1.879459128	1.963333264	1.785127086	1.899374356	1.605343478	1.821515839	1.769843596	1.90599624	1.815326608	1.944577281	1.846778102	1.833694281	1.866073813	1.744157812	1.909417159	1.927322897	1.826060548	1.865288758	1.95675743	1.62005911	1.815376516	1.960641974	1.867267815	1.896655001	1.894508574	1.767112162	1.847487093	1.886614897	1.958842865	1.728642977	1.789311971	1.824296761	1.598453131	1.769310782	1.861981721	1.838551817	1.603143932	1.831597951	1.717536035	1.909257166	1.836205114	1.876788964	1.860636937	1.833673574	1.844751804	1.820903443	1.885947777	1.999999999	1.723513784	1.492555053	1.935603342	1.929874657	1.999999999	1.796390552	1.77449722	1.948171671	1.918170145	1.822955361	1.835426323	1.721669076
S003	1.83791671	1.787918656	0	2.000000001	1.970873655	1.752199504	1.883290852	1.8614145	1.750238665	1.833175857	1.685464597	1.751240839	1.786827884	1.721282689	1.455062816	1.795826027	1.756646001	1.947471178	1.823921399	1.912326543	1.794170115	1.942456271	1.844109133	1.95108055	1.861855907	1.900501744	1.772238293	1.837400744	1.749901005	1.498116732	1.843634243	1.742912788	1.944443388	1.861534301	1.806779696	1.903447475	1.593829174	1.873455079	1.904897282	1.966315626	1.81362822	1.894107804	1.792421054	1.804237794	1.770016562	1.750713053	1.854065932	1.89282965	1.801570886	1.750035421	1.832674344	1.809296999	1.494888027	1.79289488	1.962305273	1.703606827	1.90693777	1.945178862	1.933571928	1.89532303	1.779960448	1.947592502	1.867833353	1.800094877	1.939891176	1.798422076	1.766912915	1.882520637	1.762417161	1.770747773	1.652005447	1.788313965	1.769282529	1.848012092	1.876944661	1.687237459	1.638050068	1.846035793	1.837796779	1.855076514	1.951816126	1.688549422	1.703597523	1.857950862	1.71000547	1.872860337	1.966089909	2.000000001	1.829132754	1.878260627	1.943616344	1.848198431	1.910822867	1.646991406	1.838386366	1.740305805	1.937260121	1.744656491	1.919456695	1.67872432
S004	2.000000001	1.976838107	2.000000001	0	1.912845238	1.954338791	1.977969999	1.958135663	1.880752128	1.957415424	1.977970002	1.91923368	1.895310443	1.585116464	2.000000003	1.969022442	1.680925714	1.991871247	1.703784886	1.820347638	1.893657616	2	1.931460238	1.894443395	1.924389258	1.817850545	1.704144278	1.880327593	1.761908624	1.951712115	2	1.808604343	1.820192309	1.880067954	1.766026779	1.79784053	1.968912517	1.982992292	1.960628133	1.927906527	1.698069205	1.507225663	1.899484565	1.822918117	1.926013203	1.94298533	1.918755989	1.717756675	1.971311495	1.999999998	1.848981579	1.93540232	1.962157708	1.994167965	1.89580987	1.768321614	1.947839015	1.796689141	1.767435231	1.942516055	1.702933343	1.950699227	1.925643618	1.828496608	1.876752343	1.744657859	1.863193602	1.801031576	1.927489896	1.555034826	1.793361088	1.976580762	1.989986002	1.825808569	2	1.820535852	1.903054137	1.855786268	1.924866856	1.947612875	1.999999999	1.944406045	1.88457761	1.844779709	1.874919691	1.675353614	1.894443394	1.894443394	1.904415051	1.90410537	2.000000001	1.906509692	1.78600295	1.681392049	1.897074929	1.546372584	2	1.989888558	1.955971032	1.828415553
S005	1.962782877	1.806224877	1.970873655	1.912845238	0	1.849381205	1.999999999	1.910314921	1.914972336	1.980726614	1.73144051	1.953771714	1.940493425	1.999999998	2.000000003	1.911418198	1.870096924	1.884877335	1.881345032	1.87417416	1.914867174	2	1.963618766	1.682736535	1.96715052	1.941131593	1.929111068	1.908353587	1.88160159	1.957704055	2	1.948259739	1.999999999	1.932012216	1.893667935	1.764992848	1.968896209	1.969093204	1.931205369	1.883391423	1.819639621	1.971814909	1.824273499	1.973267325	1.987278939	1.973267328	1.898217909	1.988978511	1.936796611	1.99174628	1.881083645	1.931203522	1.878665986	1.822771325	1.98994447	2	1.852580255	2.000000001	2.000000001	1.726485041	1.962044265	1.969776951	1.969406776	1.95988965	1.960349909	1.814519291	1.84434897	1.981026832	1.793713416	1.981871982	1.790181428	1.967628838	1.912618598	1.963283409	1.745858456	1.903829256	1.940529235	1.535639682	1.816226436	1.904859391	1.689726761	1.853807713	1.8820364	1.868550545	1.874169971	1.967208106	2	1.889330646	1.964756497	1.760855894	2.000000001	1.821735418	1.908769074	1.973267327	1.892495959	1.839613268	1.8433751	1.976279146	1.941846198	1.893902007
S006	1.754158132	1.829374846	1.752199504	1.954338791	1.849381205	0	1.926255016	1.745618394	1.809646029	1.842451431	1.670862705	1.817166955	1.848391884	1.662547601	1.583048688	1.767657471	1.906041349	1.819968868	1.812447625	1.790622471	1.876577919	1.930466135	1.673295957	1.85929602	1.847460475	1.946200982	1.660662795	1.71415244	1.679705583	1.895200342	1.813523951	1.7014206	1.835129466	1.741146911	1.838189346	1.770861691	1.901423276	1.833923261	1.73673785	1.922570754	1.64370404	1.79211183	1.899257228	1.738770978	1.68080628	1.779514651	1.543496094	1.824054886	1.811908098	1.811699279	1.926463806	1.698218229	1.844372367	1.903691272	1.754860927	1.914463185	1.79918924	1.816424518	1.972098406	1.74122217	1.693300714	1.875353402	1.897778567	1.783280705	1.639307158	1.75873288	1.770242891	1.706465925	1.598483821	1.864074311	1.793898349	1.883351841	1.940527503	1.790958076	1.754492793	1.688128449	1.824547434	1.800314903	1.699632811	1.59454267	1.657008414	1.79590917	1.879382909	1.814012184	1.704942816	1.749510169	1.919130163	1.844243003	1.868456628	1.826318441	1.91772024	1.991400041	1.826420879	1.875163208	1.737332544	1.947092915	1.766417263	1.885191813	1.847147903	1.94204764
S007	1.931231016	1.87182078	1.883290852	1.977969999	1.999999999	1.926255016	0	1.776015384	1.845504005	1.768031909	1.926450257	1.882660091	1.807424828	1.882368889	1.79857239	1.800254715	1.947508191	1.849947506	1.811822055	1.993964579	1.743260387	1.905984399	1.902611301	1.901123062	1.934544749	1.966548108	1.878747513	1.744011048	1.826532139	1.626976916	1.877202317	1.951291552	1.805338214	1.999999999	1.877585396	1.901424151	1.96854835	1.766325391	1.901417936	1.869575734	1.845132798	1.923776336	1.91509305	1.949763352	1.4672764	1.852433397	1.985687194	1.921048652	1.884080444	1.969386563	1.847474884	1.966959069	1.861424751	1.73058617	1.861922419	1.774989173	1.797325938	1.961001616	1.918541076	1.746242916	1.912550166	1.945472742	1.933549735	1.889133093	1.738594214	1.920716734	1.662770775	1.845487621	1.194539841	1.859142371	1.976192873	1.938705369	1.726228975	1.893846668	1.880351563	1.949359017	1.646737228	1.831687689	1.876030073	1.934022066	1.8294588	1.743218508	1.782419503	1.84373793	1.780250854	1.724193873	1.999999999	1.957149049	1.585370352	1.906687957	1.89901093	1.999999999	1.999999999	1.795199174	1.789735128	1.748969261	1.829007535	1.550393967	1.836993609	1.907786838
S008	1.84904926	1.862500322	1.8614145	1.958135663	1.910314921	1.745618394	1.776015384	0	1.668579973	1.554051501	1.711969289	1.546968765	1.788382066	1.827473641	1.79840993	1.734628911	1.865814785	1.857012718	1.746409395	1.905462053	1.932637489	1.804438737	1.636887251	1.80752078	1.771459501	1.50788444	1.704175909	1.827026114	1.689288433	1.86217716	1.937477829	1.634336274	1.66061752	1.494623787	1.752268662	1.671320249	1.924191026	1.471201515	1.626947258	1.906812454	1.638239808	1.637206648	1.594246078	1.71523445	1.822499646	1.539321085	1.883013112	1.737105968	1.791935304	1.744127797	1.913586968	1.714088005	1.899170269	1.684923498	1.827950575	1.864458577	1.714874462	1.806791954	1.766123288	1.68521652	1.812289584	1.765852876	1.688542729	1.652871875	1.775009394	1.664752434	1.913805581	1.655927025	1.857816833	1.710438609	1.827121455	1.932607175	1.923737135	1.655569076	1.599458695	1.747104535	1.66988165	1.659957393	1.821365267	1.512784394	1.708478458	1.85390167	1.643186479	1.49537309	1.665204508	1.838264423	1.880276923	1.861655175	1.73847531	1.731060941	1.862644472	1.922076343	1.936769349	1.707974588	1.698902212	1.842755445	1.696490461	1.788661695	1.720703607	1.92712146
S009	1.884079011	1.943312113	1.750238665	1.880752128	1.914972336	1.809646029	1.845504005	1.668579973	0	1.732578096	1.922939796	1.783018676	1.490417019	1.61839806	1.888846073	1.80413236	1.914512916	1.761900105	1.82035998	1.864999382	1.844867956	1.892996644	1.787170962	1.943191901	1.793190846	1.663434173	1.76389262	1.723730453	1.62603033	1.915999811	1.97579095	1.686308293	1.905230399	1.817033226	1.790448903	1.802057466	1.908279579	1.747568756	1.679039111	1.617703895	1.608149167	1.796740747	1.708575195	1.662216053	1.885752101	1.578646254	1.799010101	1.616871823	1.872988263	1.72715342	1.791259021	1.780125024	1.804795194	1.761759491	1.905153142	1.610509086	1.687777703	1.935732191	1.739656183	1.775056135	1.763817589	1.890266207	1.740195932	1.763458894	1.672999993	1.702893491	1.643361958	1.866904644	1.64996615	1.793267342	1.76580718	1.825177718	1.926988554	1.756096211	1.898496962	1.732606544	1.652989989	1.736994364	1.715283776	1.598980385	1.767797227	1.661193077	1.835430066	1.710272879	1.715830295	1.669432818	1.905006382	1.812573394	1.861432087	1.90888438	1.854596365	1.963730936	1.979077184	1.772025973	1.788558745	1.454234478	1.90942238	1.842285952	1.594407004	1.879470157
S010	1.843998345	1.802417925	1.833175857	1.957415424	1.980726614	1.842451431	1.768031909	1.554051501	1.732578096	0	1.741169652	1.941642988	1.608300367	1.759700342	1.930775929	1.843434102	1.837247358	1.933700347	1.865845228	1.77293497	1.718665108	2	1.795811498	1.924419997	1.818498744	1.737978859	1.678512738	1.938933613	1.588266114	1.779469699	2	1.713564675	1.871526683	1.820445274	1.563335757	1.708319964	1.982830607	1.709424612	1.846962721	1.930943093	1.895459043	1.696235835	1.716804359	1.787383349	1.776237171	1.743045304	1.844427213	1.802995361	1.813698313	1.728161204	1.786045459	1.681905842	1.926385074	1.661785125	1.765927942	2	1.949905627	1.936580557	1.850374367	1.855969563	1.743256495	1.967151403	1.86612156	1.551288818	1.776990147	1.787742563	1.718821294	1.717814072	1.8553001	1.806187482	1.822267684	1.710566666	1.924672518	1.718102871	1.791840128	1.570840164	1.764727555	1.923428462	1.68578646	1.842719619	1.942892423	1.646768665	1.788765942	1.852108133	1.488393667	1.842785448	1.828453934	1.988331372	1.882561459	1.767660154	1.780845301	1.872105154	1.740458282	1.798938583	1.836822213	1.740190362	1.704729162	1.6940966	1.74360286	1.703044785
S011	1.892695879	1.626144493	1.685464597	1.977970002	1.73144051	1.670862705	1.926450257	1.711969289	1.922939796	1.741169652	0	1.550027194	1.968216107	1.739370432	1.894066463	1.652302106	1.828764482	1.957340113	1.801571818	1.807669896	1.746362986	2.000000002	1.795411094	1.682641269	1.934701316	1.810236607	1.813842612	1.776238409	1.65767436	1.978879179	1.976161192	1.596262687	1.980163987	1.722525832	1.793697677	1.709954386	1.849204957	1.843554278	1.700602471	1.732308701	1.872761063	1.958611809	1.698638695	1.754702249	1.762592219	1.733823268	1.733816737	1.718432617	1.720218399	1.943904924	1.797449757	1.79253219	1.75897534	1.817952495	1.857844808	1.9823473	1.766209133	1.838328381	2.000000003	1.400286335	1.594503579	1.851412407	1.911949706	1.841172122	1.853966461	1.480190149	1.829297596	1.812581006	1.803600348	1.812639714	1.714022632	1.830109828	1.762312266	1.720381535	1.57943713	1.787855354	1.859749783	1.745395438	1.592120912	1.898905185	1.508371557	1.786183351	1.735194566	1.743051857	1.776487105	1.666290852	1.776257468	1.971889492	1.803699513	1.880829622	1.781040705	1.9531167	1.790804156	1.951510937	1.885577353	1.914921374	1.741176936	1.872627386	1.76413151	1.713912199
S012	1.809630867	1.750565267	1.751240839	1.91923368	1.953771714	1.817166955	1.882660091	1.546968765	1.783018676	1.941642988	1.550027194	0	1.936802195	1.647091688	1.858138229	1.903824496	1.97397311	1.952211179	1.607444284	1.857423906	1.948316618	1.59984535	1.865720548	1.917401349	1.789945926	1.500791961	1.758353646	1.899588983	1.587898414	1.903571699	1.980386458	1.779115961	1.524187181	1.902532796	1.942444859	1.8305337	1.989732113	1.430624108	1.712152293	1.979050767	1.839188245	1.913960675	1.872622349	1.773099897	1.756352747	1.357186302	1.819240317	1.922903215	1.854848707	1.887565248	1.911599249	1.850127172	1.834036474	1.752430777	1.945334506	1.982255602	1.846786809	1.742082361	1.915372159	1.750793565	1.698114261	1.957916109	1.805454088	1.747467476	1.854925027	1.661058667	1.894293764	1.826529752	1.92174374	1.755455326	1.890731	1.919670394	1.815685472	1.892588579	1.900108264	1.82250546	1.843385429	1.910151278	1.762370952	1.729353113	1.878282685	1.897221221	1.886144916	1.740043413	1.673154891	1.933305418	1.932733812	1.83181863	1.948557637	1.960275666	1.921490897	1.986742964	1.967989538	1.731874771	1.651180759	1.945791876	1.942226602	1.85398801	1.836377944	1.763609525
S013	1.94784065	1.940853346	1.786827884	1.895310443	1.940493425	1.848391884	1.807424828	1.788382066	1.490417019	1.608300367	1.968216107	1.936802195	0	1.866135137	1.95592482	1.793048177	1.943435421	1.889824848	1.881968123	1.905632063	1.858390887	2.000000001	1.696646451	1.829399436	1.798321431	1.754240536	1.663478363	1.689371436	1.824648441	1.858052072	1.930413645	1.813128478	1.953802712	1.856865965	1.74368733	1.716645715	1.944018998	1.755531785	1.913623522	1.893495908	1.924616478	1.784306812	1.681638264	1.895568314	1.680336404	1.853398863	1.92703426	1.833948954	1.632745558	1.818690619	1.763010288	1.755379265	1.865175439	1.61178505	1.760155801	1.637665347	1.713773512	1.790261526	1.732733574	1.929528758	1.842670988	1.985350084	1.863036997	1.559039531	1.717518934	1.836540608	1.697388313	1.880190443	1.577654155	1.918150131	1.891610655	1.839960665	1.892351145	1.713790796	1.904373757	1.739248495	1.762489664	1.765890977	1.717735141	1.717202478	1.917901632	1.701063376	1.889787935	1.72337352	1.760384938	1.868236203	1.923597221	1.913568947	1.91509504	1.935345413	1.870435848	1.901528931	1.877676663	1.762971368	1.762278908	1.513356115	1.903757483	1.951599873	1.839794621	1.98778917
S014	1.824938949	1.720149707	1.721282689	1.585116464	1.999999998	1.662547601	1.882368889	1.827473641	1.61839806	1.759700342	1.739370432	1.647091688	1.866135137	0	1.759537579	1.842946588	1.79591109	1.805909939	1.849476674	1.781789362	1.783253394	1.903745072	1.781463284	1.957225369	1.96413843	1.848688827	1.83232039	1.873545057	1.635113776	1.804120263	1.847258454	1.765863205	1.819131357	1.705222878	1.834594415	1.925443624	1.902819793	1.801044502	1.907200441	1.999999997	1.655346769	1.782433171	1.853472459	1.803240553	1.776279075	1.745830664	1.835888677	1.759957521	1.777368095	1.744104564	1.742896909	1.82004812	1.785352422	1.911425015	1.805617236	1.761398028	1.864554617	1.826322703	1.999999999	1.796265303	1.604717361	1.944186571	1.900477934	1.81100067	1.633648855	1.718909001	1.813948164	1.813658554	1.936986478	1.731812596	1.87477265	1.781428106	1.879617474	1.813513303	1.901635086	1.72144236	1.819174267	1.917948792	1.617085076	1.698709893	1.923343457	1.776192589	1.87802613	1.958353899	1.715739737	1.76716125	1.810961066	1.882771852	1.768466545	1.896279784	1.948298645	1.947005448	1.824338836	1.878542011	1.866359221	1.821979438	1.938186338	1.889423726	1.819937736	1.653440807
S015	1.969243182	1.696616624	1.455062816	2.000000003	2.000000003	1.583048688	1.79857239	1.79840993	1.888846073	1.930775929	1.894066463	1.858138229	1.95592482	1.759537579	0	1.636906467	1.752362763	1.983241662	1.679741143	1.901924195	1.781676855	1.891762721	1.778396605	2.000000004	1.823041163	1.888459638	1.820336561	1.689689056	1.679327049	1.5980597	1.634586275	1.761661872	1.94444339	1.880989627	1.838150344	1.847233309	1.895071594	1.685127973	1.851585966	1.893040882	1.691203976	1.842352696	1.827978944	1.827654842	1.619045314	1.713359177	1.873728048	1.99411435	1.780291342	1.861525743	1.753235564	1.683473849	1.617923531	1.841240456	1.864240845	1.801984957	2.000000004	1.849757472	1.88093911	1.945911274	1.841009454	1.898578562	1.952197111	1.913159675	1.927035872	1.680595002	1.853979091	1.718658941	1.663342759	1.724470225	1.861096159	1.861621253	1.640254421	1.76698223	1.988017647	1.797913841	1.666568188	1.843977419	1.846291905	1.861343582	2.000000002	1.787175044	1.720647641	1.717707598	1.76388283	1.876953735	1.556217423	1.835894401	1.748906144	1.850978355	1.873213384	1.848794677	2.000000003	1.697670062	1.686048554	1.752820871	2.000000003	1.619321251	1.878467149	1.811396306
S016	1.851479119	1.732981117	1.795826027	1.969022442	1.911418198	1.767657471	1.800254715	1.734628911	1.80413236	1.843434102	1.652302106	1.903824496	1.793048177	1.842946588	1.636906467	0	1.824056044	1.874231267	1.911867898	1.777969282	1.846271466	1.958196336	1.64442158	1.915293385	1.70455119	1.722764891	1.741764214	1.601120859	1.623564886	1.983068753	1.808182802	1.655333427	1.830621163	1.861733992	1.905376947	1.73825496	1.859041069	1.764314508	1.794640957	1.732979619	1.807336727	1.843113857	1.313451333	1.852402649	1.739391173	1.6760541	1.821564491	1.818737045	1.758481037	1.923174734	1.728468387	1.758525642	1.698614624	1.662249093	1.687648138	1.873808162	1.819588635	1.666831709	1.921743307	1.820592119	1.718375275	1.883182519	1.850661608	1.861007568	1.764973227	1.407630043	1.762331436	1.657869134	1.75485196	1.744549834	1.627335502	1.73842858	1.788308436	1.613852719	1.639265214	1.74876511	1.769818711	1.75891143	1.598680946	1.717230277	1.935504245	1.689691207	1.796751596	1.520169225	1.800659347	1.667715418	1.821534218	1.759419706	1.789048703	1.822747882	1.900231127	1.900772576	1.844989056	1.873495003	1.730248027	1.83233805	1.850829242	1.78174626	1.623521046	1.775157417
S017	1.946492213	1.706469391	1.756646001	1.680925714	1.870096924	1.906041349	1.947508191	1.865814785	1.914512916	1.837247358	1.828764482	1.97397311	1.943435421	1.79591109	1.752362763	1.824056044	0	1.916583217	1.699289708	1.749117878	1.758257482	1.793443316	1.8490975	1.981237797	1.848430394	1.851247747	1.782842146	1.891544083	1.877215804	1.999999999	1.716075658	1.812532161	1.950626173	1.655392852	1.901819527	1.850770776	1.866295805	1.886681178	1.803258787	1.983821765	1.729094317	1.866870267	1.806517211	1.815465729	1.782092415	1.750941698	1.761475285	1.898163099	1.958292179	1.885786138	1.762075193	1.864680918	1.825905064	1.772980977	1.914698388	1.828947776	1.892843265	1.496011981	2.000000001	1.861588115	1.887709955	1.950699227	1.837067508	1.962001382	1.929544455	1.838331185	1.926638756	1.810744026	1.932675006	1.76043733	1.525398818	1.835488548	1.924775814	1.901030053	1.874163424	1.789717366	1.719477719	1.601938054	1.827932558	1.959742665	1.949078199	1.628120049	1.511779666	1.794572103	1.873069223	1.925236778	1.85642006	1.926951052	1.777694403	1.773936624	1.847642931	1.829373202	1.853664762	1.670064749	1.665102615	1.918127176	1.858278248	1.81031096	1.829546528	1.961056879
S018	1.2966283	1.949593004	1.947471178	1.991871247	1.884877335	1.819968868	1.849947506	1.857012718	1.761900105	1.933700347	1.957340113	1.952211179	1.889824848	1.805909939	1.983241662	1.874231267	1.916583217	0	1.905864491	1.977817771	1.867514887	1.999999999	1.699138175	1.963521494	1.811502085	1.971265478	1.878020963	1.6822789	1.777857565	1.934073022	1.928925105	1.942651856	1.910911964	1.809217809	1.96633691	1.881736447	1.736437902	1.817431453	1.871214354	1.999999998	1.834633884	1.876423694	1.965467662	1.904433484	1.886633262	1.556046781	1.792674218	1.776230292	1.902410248	1.760155991	1.871409778	1.895422423	1.710325047	1.939858654	1.970034961	1.896346011	1.835654366	1.970310348	2	1.832159828	1.755994496	1.707466926	1.572795015	1.819506895	1.823660414	1.94915505	1.827190283	1.875768289	1.961080293	1.931653491	1.951525865	1.634953573	1.783325459	1.887430778	1.886620149	1.855335545	1.858476316	1.825306873	1.765321221	1.796683856	1.821704812	1.825530708	1.888418337	1.981885184	1.73340273	1.900464051	1.964794541	1.938701931	1.609104882	1.837605159	1.806389476	1.912494351	1.968219133	1.958019608	1.979053796	1.999999999	1.995957859	1.960393749	1.741010213	1.93329483
S019	1.821772415	1.804349389	1.823921399	1.703784886	1.881345032	1.812447625	1.811822055	1.746409395	1.82035998	1.865845228	1.801571818	1.607444284	1.881968123	1.849476674	1.679741143	1.911867898	1.699289708	1.905864491	0	1.61262627	1.897136148	1.926585194	1.736181138	1.797449199	1.677248782	1.773776535	1.435432264	1.711650365	1.606880496	1.644204699	1.975008512	1.631471905	1.808352537	1.873055352	1.624457449	1.877366058	1.811814401	1.73566646	1.795124555	1.965612999	1.675954223	1.952602795	1.874440961	1.840306295	1.584765839	1.415890592	1.602266407	1.798856101	1.770611023	1.797040626	1.637957275	1.592816076	1.617823454	1.760713057	1.958917352	1.939505532	1.761679381	1.736400987	1.907478383	1.782732651	1.627000837	1.832810707	1.744844688	1.676438892	1.889814817	1.671512675	1.846861056	1.93316132	1.62188969	1.805566184	1.693743574	1.880231912	1.7554326	1.771702087	1.920468498	1.462799756	1.568794039	1.698888462	1.74953101	1.533800659	1.922627673	1.791193633	1.5999453	1.741864043	1.629544763	1.911861114	1.764592164	1.71057863	1.531419245	1.833990606	1.980553725	1.94469424	1.800351564	1.457186977	1.672131949	1.712175654	1.928968472	1.785892036	1.728994004	1.916465793
S020	1.890950683	1.845741877	1.912326543	1.820347638	1.87417416	1.790622471	1.993964579	1.905462053	1.864999382	1.77293497	1.807669896	1.857423906	1.905632063	1.781789362	1.901924195	1.777969282	1.749117878	1.977817771	1.61262627	0	1.816214632	1.742555098	1.817060088	1.425045485	1.74334997	1.862713897	1.642903078	1.772346497	1.806597238	1.876600215	1.827423934	1.742299683	1.832497903	1.976860604	1.755951953	1.890793434	1.866184563	1.884680018	1.884456075	1.861278363	1.847361773	1.828664563	1.806743079	1.886750283	1.840848499	1.829583578	1.702914743	1.766175311	1.859929061	1.820006646	1.812180793	1.766633874	1.750494018	1.865410247	1.80158166	1.844719752	1.850565097	1.913209781	1.949064797	1.569177755	1.797959301	1.962508835	1.826882572	1.646684242	1.728840815	1.661435725	1.620078804	1.78731485	1.857822582	1.940063232	1.702915128	1.821593238	1.933189808	1.777103795	1.841282654	1.67421325	1.881900059	1.736495594	1.62267841	1.788499741	1.990731409	1.636105481	1.869327448	1.741890483	1.834046879	1.854412452	1.642448744	1.866778568	1.682222261	1.831441206	1.939190567	1.994950452	1.860280924	1.459591265	1.722719623	1.821064866	1.90671999	1.763961442	1.775235528	1.838741435
S021	1.827932913	1.756706169	1.794170115	1.893657616	1.914867174	1.876577919	1.743260387	1.932637489	1.844867956	1.718665108	1.746362986	1.948316618	1.858390887	1.783253394	1.781676855	1.846271466	1.758257482	1.867514887	1.897136148	1.816214632	0	1.838911578	1.642131676	1.968880441	1.91328644	1.950864949	1.647323556	1.727373205	1.728320058	1.980820363	1.884782352	1.843455743	1.947210205	1.698786534	1.696857407	1.940927162	1.976800981	1.693878598	1.760499155	1.863549415	1.814049947	1.770332833	1.824255945	1.845476599	1.748444257	1.725564158	1.724873185	1.906596645	1.889371035	1.925465088	1.533508293	1.882614642	1.683597982	1.521307229	1.705679566	1.82727999	1.769316719	1.883489701	1.821348509	1.835179393	1.870816901	1.988924355	1.936145662	1.929867078	1.796630201	1.811153947	1.608276134	1.829342008	1.702255162	1.886160496	1.626603224	1.737042996	1.978724504	1.900819619	1.959751644	1.850916908	1.839323853	1.678506236	1.691807058	1.794862901	1.871881605	1.479674487	1.641282422	1.882430547	1.687296997	1.696881704	1.509711254	1.95714905	1.746903697	1.701348306	1.852965477	1.828659388	1.512789624	1.797853431	1.824872713	1.871919598	1.90814928	1.832474234	1.799258656	1.796738123
S022	2.000000001	1.753066727	1.942456271	2	2	1.930466135	1.905984399	1.804438737	1.892996644	2	2.000000002	1.59984535	2.000000001	1.903745072	1.891762721	1.958196336	1.793443316	1.999999999	1.926585194	1.742555098	1.838911578	0	1.932857214	2.000000001	1.919060646	1.497697545	1.913602512	1.991283241	1.911513668	1.817733553	1.818553622	1.988308947	1.638183869	1.959443612	1.853668515	1.901585956	1.999999999	1.550192456	1.779134157	1.999999999	1.862462075	1.972486759	1.978506931	1.760814577	1.830060135	1.818938296	1.835211557	1.914613269	1.916416601	1.876237832	1.950100411	1.877970756	2	1.906274663	1.87314273	1.777498792	1.881420073	2.000000001	2.000000001	1.898879915	1.892060151	1.999999999	1.719638634	1.985386664	1.911957185	1.968992129	1.984220056	1.88520465	1.917674026	1.951920574	1.816956814	1.888901944	1.980023372	1.941519749	1.978313326	1.993351814	1.750689355	1.81966594	1.925495124	1.798972771	1.886572265	1.856027917	1.892399544	1.822087607	1.999999997	1.827026214	1.950196574	1.9535485	1.912778397	1.875053764	1.923106653	2	2	1.743982645	1.611219697	1.88579291	1.872503536	1.79228347	1.929716868	1.855197579
S023	1.515025773	1.792861763	1.844109133	1.931460238	1.963618766	1.673295957	1.902611301	1.636887251	1.787170962	1.795811498	1.795411094	1.865720548	1.696646451	1.781463284	1.778396605	1.64442158	1.8490975	1.699138175	1.736181138	1.817060088	1.642131676	1.932857214	0	1.895347509	1.763554236	1.756580029	1.74882312	1.484222001	1.68051946	1.913728123	1.849468722	1.585072945	1.909896063	1.79976577	1.453452991	1.800286754	1.874707747	1.77013843	1.839657959	1.834818481	1.785959171	1.566291303	1.700192587	1.821311855	1.670109953	1.697433812	1.498494937	1.912836621	1.786261089	1.830975578	1.792065377	1.668087992	1.694380416	1.834922047	1.789404072	1.941289064	1.935995791	1.701115955	1.934321545	1.928696673	1.814078449	1.643841331	1.563715698	1.69318303	1.938445245	1.606941803	1.706274738	1.736224252	1.733312594	1.811267472	1.683900116	1.686734012	1.928591434	1.575123895	1.664274376	1.792927022	1.696525607	1.579191114	1.581748914	1.618502457	1.930933795	1.708749933	1.735824692	1.735395571	1.839459279	1.687048668	1.744348924	1.847001468	1.828824015	1.736446586	1.855115933	1.913705308	1.915512944	1.820837457	1.856048351	1.901527732	1.850728296	1.891986972	1.644349912	1.937790889
S024	1.867939396	1.995402858	1.95108055	1.894443395	1.682736535	1.85929602	1.901123062	1.80752078	1.943191901	1.924419997	1.682641269	1.917401349	1.829399436	1.957225369	2.000000004	1.915293385	1.981237797	1.963521494	1.797449199	1.425045485	1.968880441	2.000000001	1.895347509	0	1.770774621	1.897971622	1.672025261	1.80197555	1.895164273	2	1.994482067	1.830943984	1.908544474	1.930281869	1.83912614	1.700312205	1.93474484	1.962691359	1.906026756	1.965613002	1.87226471	2.000000002	1.906257536	1.977020824	1.835637652	1.971592493	1.977046462	1.707508542	1.643904044	1.949749841	1.973060182	1.740023929	1.878700425	1.879164038	1.899815753	1.994482067	1.45729988	1.912375806	1.996108076	1.5637871	1.95153021	1.853541916	1.967552589	1.755555299	1.825935436	1.76490419	1.865694523	1.764410347	1.868689059	1.939539171	1.941801879	1.919337519	1.980731593	1.74583406	1.822006099	1.785405339	1.856328912	1.821166069	1.839179417	1.74803657	1.851559272	1.95434352	1.913582875	1.807605356	1.975077114	1.930215967	1.748662593	1.753944537	1.682313608	1.951153869	1.837893446	1.976112577	1.846781825	1.631798844	1.716325124	2.000000001	1.780148545	1.857115873	1.879789523	1.91034706
S025	1.781776581	1.936936985	1.861855907	1.924389258	1.96715052	1.847460475	1.934544749	1.771459501	1.793190846	1.818498744	1.934701316	1.789945926	1.798321431	1.96413843	1.823041163	1.70455119	1.848430394	1.811502085	1.677248782	1.74334997	1.91328644	1.919060646	1.763554236	1.770774621	0	1.854024215	1.780119656	1.782522327	1.647234774	1.901626663	1.908122718	1.824469101	1.798091877	1.76094162	1.794024439	1.934830632	1.777751507	1.845797732	1.820256469	1.840602089	1.805779817	1.829797393	1.859897159	1.962090091	1.762697251	1.689490094	1.804964137	1.787546513	1.802688841	1.822285958	1.828265907	1.872165906	1.86164629	1.870162957	1.808588618	1.964853784	1.882334105	1.429810501	1.980938703	1.729311299	1.846722415	1.976047395	1.64441566	1.784397328	1.937853789	1.719741447	1.926222524	1.788211984	1.723131804	1.854120692	1.889140658	1.952476454	1.622769066	1.620201005	1.88018225	1.81885805	1.597180863	1.69500904	1.809829482	1.825299657	1.968747263	1.834120345	1.81287078	1.857427511	1.631738485	1.842382762	1.84816632	1.495028298	1.692608481	1.781238724	1.771337093	1.74239309	1.920497852	1.800934565	1.804636141	1.85603284	1.950637628	1.742641554	1.558196398	1.724079233
S026	1.83489722	1.860528842	1.900501744	1.817850545	1.941131593	1.946200982	1.966548108	1.50788444	1.663434173	1.737978859	1.810236607	1.500791961	1.754240536	1.848688827	1.888459638	1.722764891	1.851247747	1.971265478	1.773776535	1.862713897	1.950864949	1.497697545	1.756580029	1.897971622	1.854024215	0	1.807929355	1.830556836	1.717289857	1.902563448	1.956908447	1.698063568	1.588303706	1.779033971	1.715128406	1.859524517	1.936435326	1.453440053	1.72868829	1.90651054	1.681648982	1.8418576	1.763970284	1.550859892	1.771921814	1.624924769	1.895679656	1.835652928	1.755539188	1.861111543	1.587747776	1.589140487	1.891522093	1.935614744	1.750724185	1.823436481	1.822495678	1.848267166	1.923959374	1.679650038	1.777270064	1.958563786	1.669284891	1.812058605	1.90864702	1.708202584	1.783525589	1.605042967	1.810413679	1.737983663	1.772296247	1.869437151	1.884238665	1.621971214	1.959973999	1.769133853	1.795377856	1.861889057	1.710060845	1.719333196	1.96910613	1.81140457	1.837751043	1.65699733	1.827560504	1.766051477	1.711002119	2.000000001	1.8805998	1.804500937	1.958762692	1.886207631	1.980769689	1.628437326	1.750562384	1.714823789	1.884045823	1.843609525	1.781872619	1.634341968
S027	1.710011625	1.767690519	1.772238293	1.704144278	1.929111068	1.660662795	1.878747513	1.704175909	1.76389262	1.678512738	1.813842612	1.758353646	1.663478363	1.83232039	1.820336561	1.741764214	1.782842146	1.878020963	1.435432264	1.642903078	1.647323556	1.913602512	1.74882312	1.672025261	1.780119656	1.807929355	0	1.798080803	1.6497282	1.944334409	1.863402692	1.770229689	1.815126717	1.639766928	1.812727961	1.621778262	1.862939483	1.713683608	1.841935083	1.890588307	1.731661675	1.936243311	1.753229993	1.809608505	1.771584947	1.546368098	1.735298211	1.809469495	1.813592743	1.881411552	1.823153031	1.736168882	1.789147136	1.473193027	1.907626508	1.911150124	1.861336121	1.705278265	1.844523709	1.898865067	1.507056599	1.832538255	1.774994612	1.59773118	1.725473351	1.615375413	1.878724632	1.77878948	1.674820988	1.701400176	1.610043332	1.76705256	1.949746642	1.785149709	1.897857088	1.47370666	1.672399417	1.811215786	1.781966248	1.531672511	1.852364133	1.552796135	1.882038208	1.737276143	1.708144679	1.795984598	1.737909328	1.802138366	1.781150637	1.867810676	1.932051239	1.840231964	1.870424246	1.410738561	1.733506497	1.940280336	1.817114998	1.76976921	1.76885105	1.778641863
S028	1.561106452	1.793996378	1.837400744	1.880327593	1.908353587	1.71415244	1.744011048	1.827026114	1.723730453	1.938933613	1.776238409	1.899588983	1.689371436	1.873545057	1.689689056	1.601120859	1.891544083	1.6822789	1.711650365	1.772346497	1.727373205	1.991283241	1.484222001	1.80197555	1.782522327	1.830556836	1.798080803	0	1.779963111	1.922846592	1.890506129	1.730273406	1.872089554	1.768113983	1.751587986	1.769532217	1.780689826	1.834515777	1.726001696	1.867722534	1.724978092	1.820205072	1.58469017	1.6874657	1.69425987	1.631454757	1.760134396	1.767079736	1.867466062	1.829963759	1.863104036	1.772923421	1.654451925	1.820257692	1.985980693	1.772611573	1.77389123	1.740042754	1.868244244	1.823733624	1.706139882	1.535145826	1.923699011	1.765297413	1.715197154	1.424296586	1.655214417	1.727090735	1.706990015	1.852956995	1.666487425	1.716362555	1.912832595	1.50441276	1.857645355	1.748471317	1.679344274	1.483515309	1.653346119	1.650719222	1.972504044	1.770464592	1.645852031	1.490224354	1.80931206	1.757363903	1.900730105	1.615196275	1.57955579	1.766244591	1.737182626	1.859668631	1.939783267	1.726408498	1.817990244	1.812246771	1.698417893	1.801105869	1.635062289	1.947199422
S029	1.736803809	1.563995329	1.749901005	1.761908624	1.88160159	1.679705583	1.826532139	1.689288433	1.62603033	1.588266114	1.65767436	1.587898414	1.824648441	1.635113776	1.679327049	1.623564886	1.877215804	1.777857565	1.606880496	1.806597238	1.728320058	1.911513668	1.68051946	1.895164273	1.647234774	1.717289857	1.6497282	1.779963111	0	1.859845839	1.88665784	1.422791873	1.894020989	1.74822181	1.805652191	1.89186919	1.810999817	1.788307858	1.609113661	1.914772335	1.584955833	1.656774309	1.788569681	1.576044343	1.777959919	1.573477902	1.674200715	1.674544873	1.733225303	1.856111684	1.843918215	1.769389966	1.847432352	1.598457573	1.844913304	1.768641668	1.849884923	1.708728487	1.849373485	1.820502521	1.635705717	1.802910821	1.781374872	1.835259732	1.911929157	1.439819839	1.762122194	1.743502086	1.69025454	1.64231124	1.775905162	1.806717246	1.772560238	1.798937987	1.902385902	1.60511708	1.716778343	1.863307568	1.681579892	1.719079281	1.802983579	1.745687023	1.88566793	1.658280771	1.438898945	1.567508208	1.931810526	1.767986494	1.830298685	1.742506604	1.784744253	1.881028694	1.921460254	1.726273897	1.784518271	1.765222746	1.92629064	1.834393538	1.786489762	1.602131599
S030	2	1.999999998	1.498116732	1.951712115	1.957704055	1.895200342	1.626976916	1.86217716	1.915999811	1.779469699	1.978879179	1.903571699	1.858052072	1.804120263	1.5980597	1.983068753	1.999999999	1.934073022	1.644204699	1.876600215	1.980820363	1.817733553	1.913728123	2	1.901626663	1.902563448	1.944334409	1.922846592	1.859845839	0	1.999999999	1.963739404	1.793921648	1.999999999	1.782108706	1.980801027	1.782446238	1.763285829	1.885444904	1.999999998	1.808873428	1.896357044	1.888882456	1.935387778	1.596707632	1.938189279	1.92643937	1.999999998	1.829352612	1.635369723	1.976618456	1.718084029	1.803353171	1.927845812	1.858659723	1.896987133	1.943850528	1.86619698	1.986898172	1.884031322	1.915147444	1.976047396	1.966112415	1.824282107	1.872307094	1.962360334	1.832152651	1.984669161	1.559870225	1.970957255	1.999999997	1.905957491	1.706252345	1.897611136	1.999999999	1.864863661	1.85234169	1.937898605	1.967250843	1.86509554	1.98769399	1.975178128	1.894890615	1.857925396	1.774429438	1.908422875	1.999999999	1.999999999	1.508310452	1.983424315	2	1.999999999	1.999999999	1.841210308	1.881380758	1.680877817	1.872503535	1.800398771	1.893937681	1.999999998
S031	1.914683379	1.785771005	1.843634243	2	2	1.813523951	1.877202317	1.937477829	1.97579095	2	1.976161192	1.980386458	1.930413645	1.847258454	1.634586275	1.808182802	1.716075658	1.928925105	1.975008512	1.827423934	1.884782352	1.818553622	1.849468722	1.994482067	1.908122718	1.956908447	1.863402692	1.890506129	1.88665784	1.999999999	0	1.915693315	1.942692831	1.869461024	1.782271189	1.889613396	1.928925105	1.801871672	1.949539927	1.983643263	1.898567901	2.000000001	1.922383877	1.895830905	1.786679919	1.90524197	1.842449929	1.849185111	1.804330897	1.982601082	2.000000001	1.984369024	1.710376014	1.753095493	1.607658254	1.868740314	1.993014485	1.878646869	2.000000001	2.000000003	1.975161621	1.999999999	1.839888318	1.862431036	1.756874119	1.917311771	1.931997784	1.999999996	1.837670056	1.78733008	1.775620374	1.899196378	2.000000002	1.696961189	1.921369294	1.786025384	1.786816921	1.813464502	1.956095506	1.844521805	1.988461173	1.642494237	1.633975764	1.685334729	1.974005279	1.827536814	1.836952814	2	1.836048101	1.982676134	1.852018065	1.798220592	2	1.736006149	1.703164315	2	1.983487108	1.674191502	1.716488792	1.945381501
S032	1.84553881	1.585167736	1.742912788	1.808604343	1.948259739	1.7014206	1.951291552	1.634336274	1.686308293	1.713564675	1.596262687	1.779115961	1.813128478	1.765863205	1.761661872	1.655333427	1.812532161	1.942651856	1.631471905	1.742299683	1.843455743	1.988308947	1.585072945	1.830943984	1.824469101	1.698063568	1.770229689	1.730273406	1.422791873	1.963739404	1.915693315	0	1.86847693	1.695332623	1.711713838	1.765517681	1.973051098	1.793004811	1.666709376	1.853874788	1.599132838	1.70740857	1.561148134	1.674782908	1.59499993	1.783145739	1.676696572	1.726618642	1.696557062	1.887964143	1.74507053	1.739325441	1.741840353	1.812961838	1.851538333	1.706936193	1.876257376	1.707582106	1.85516554	1.753789	1.79414727	1.79661874	1.857088073	1.883457621	1.689655392	1.613399592	1.799322303	1.701604575	1.804773481	1.637808157	1.666415079	1.782243247	1.780727525	1.78020788	1.773664683	1.591472663	1.72781044	1.750001287	1.636386337	1.735720772	1.901703146	1.72793885	1.660182581	1.759890562	1.715252764	1.714439173	1.770823177	1.803426509	1.807432848	1.665789177	1.814090114	1.894953945	1.919510901	1.776836588	1.732896332	1.621826433	1.926673061	1.724842897	1.728075951	1.793746626
S033	1.880217448	1.94673028	1.944443388	1.820192309	1.999999999	1.835129466	1.805338214	1.66061752	1.905230399	1.871526683	1.980163987	1.524187181	1.953802712	1.819131357	1.94444339	1.830621163	1.950626173	1.910911964	1.808352537	1.832497903	1.947210205	1.638183869	1.909896063	1.908544474	1.798091877	1.588303706	1.815126717	1.872089554	1.894020989	1.793921648	1.942692831	1.86847693	0	1.887155087	1.872768674	1.890341105	1.85084848	1.535401023	1.760394436	1.90935851	1.819661536	1.80361175	1.785128466	1.966804918	1.852851448	1.662534355	1.916320038	1.839681818	1.942686826	1.686119173	1.766610508	1.923054541	1.913968247	1.84566094	1.903585361	1.982007571	1.970383062	1.861295704	1.88535764	1.778555558	1.66886447	1.999999998	1.793669467	1.819571033	1.904697548	1.781119222	1.884811809	1.831789147	1.949781543	1.905716311	1.838648735	1.923311043	1.954173047	1.76714577	1.942657367	1.927132053	1.85405272	1.850375071	1.863919971	1.707767016	1.908451872	1.890819668	1.769865925	1.74014619	1.857337704	1.908445955	1.999999999	1.999999999	1.861950416	1.787197101	1.922406852	1.978748883	1.926850555	1.826968484	1.69284504	1.974204499	1.947342357	1.873069329	1.825548803	1.911217168
