	S001	S002	S003	S004	S005	S006	S007	S008	S009	S010	S011	S012	S013	S014	S015	S016	S017	S018	S019	S020	S021	S022	S023	S024	S025	S026	S027	S028	S029	S030	S031	S032	S033	S034	S035	S036	S037	S038	S039	S040	S041	S042	S043	S044	S045	S046	S047	S048	S049	S050	S051	S052	S053	S054	S055	S056	S057	S058	S059	S060	S061	S062	S063	S064	S065	S066	S067	S068	S069	S070	S071	S072	S073	S074	S075	S076	S077	S078	S079	S080	S081	S082	S083	S084	S085	S086	S087	S088	S089	S090	S091	S092	S093	S094	S095	S096	S097	S098	S099	S100
S001	0	1.630326196	1.819437467	2.000000002	1.950070332	1.765146604	1.944926367	1.841033673	1.895809267	1.786950212	1.861662092	1.790339127	1.942762689	1.881722084	1.954411727	1.841921451	1.945157945	1.539857537	1.801844151	1.888168986	1.75417259	2	1.620118428	1.846779958	1.78204403	1.834473663	1.620820198	1.647646156	1.637399399	2.000000001	1.91668876	1.796771287	1.899102844	1.810369045	1.850200432	1.783328901	1.8884384	1.878839986	1.92251215	2	1.89137989	1.978889622	1.892104447	1.787627914	1.911153877	1.69295511	1.698762167	1.928434462	1.880677105	1.615402811	1.770479983	1.81968246	1.562409551	1.739120257	1.865563873	1.974680524	1.922738981	1.953365873	1.90954348	1.786956481	1.848187584	1.881723764	1.697743884	1.847205197	1.888591063	1.947156439	1.759581887	1.846193237	1.854955197	1.575358496	1.738977642	1.743657485	1.942882611	1.568452318	1.859834101	1.832001487	1.93195914	1.864701408	1.812704567	1.87527039	1.978889624	1.883658097	1.929554751	1.919364998	1.768082173	1.722740885	1.903663578	1.938869574	1.794263542	1.921815766	1.667333839	1.912108149	1.999999999	1.940710153	1.88984725	2.000000001	1.890142526	1.738254978	1.912207003	1.75624292
S002	1.630326196	0	1.840075909	1.989435888	1.83676505	1.819789982	1.833656283	1.853857461	1.960963373	1.73618428	1.605250602	1.737538871	1.951948045	1.77511155	1.683537395	1.707973783	1.683455367	1.949156977	1.803497525	1.817583504	1.66279638	1.739350736	1.826331072	1.992500336	1.958734482	1.885330437	1.67914004	1.822979118	1.498616263	2.000000001	1.766038238	1.571434197	1.930382232	1.842119859	1.873829656	1.845466419	1.828327862	1.909463794	1.699467682	1.95983062	1.868579614	1.931890354	1.801945053	1.875133266	1.629505463	1.807669994	1.704674049	1.923135576	1.809882337	1.963266579	1.870422331	1.83212944	1.801608765	1.721665129	1.886252347	1.920289822	1.823036003	1.854631799	1.954207228	1.651268101	1.864325186	1.97628894	1.86168159	1.883506313	1.866408583	1.813032261	1.839057143	1.908998069	1.962095521	1.70986552	1.813345838	1.743387811	1.671488153	1.767712618	1.874932761	1.878328333	1.588940412	1.843756748	1.789340333	1.89396927	1.782049464	1.826313017	1.869180201	1.826553088	1.798371769	1.827730569	1.872883556	2	1.687552124	1.611573968	1.922997131	1.869753105	1.999999999	1.774514645	1.75665435	1.930982187	1.908780874	1.763581554	1.843667849	1.704227798
S003	1.819437467	1.840075909	0	2.000000003	1.965945703	1.742989663	1.894314976	1.838106384	1.723122746	1.768749167	1.707213271	1.794197814	1.768776966	1.832306121	1.597000244	1.812744238	1.787500284	1.892157758	1.855871384	1.894021833	1.801373103	1.962365783	1.841995767	1.918847739	1.880742331	1.8993782	1.788495823	1.854561173	1.798713806	1.562537448	1.886140523	1.688608032	1.959177199	1.877552664	1.821757783	1.893093144	1.575668489	1.875777917	1.890018337	1.954092949	1.780136343	1.902235845	1.790983392	1.802881635	1.821122224	1.710666183	1.824971484	1.834590825	1.77248011	1.736522604	1.810070828	1.758746391	1.518408878	1.821417726	1.930682118	1.714072071	1.921316674	1.894358486	1.912678965	1.858878786	1.857187043	1.914542487	1.837572229	1.791922368	1.918808244	1.836932662	1.757771006	1.905907226	1.76066867	1.772847917	1.688378125	1.790552138	1.785499762	1.829951383	1.831583722	1.697914438	1.644587871	1.859519641	1.786547888	1.833752747	1.935651011	1.683113022	1.629255948	1.874795489	1.720790488	1.848007046	1.966665821	2.000000001	1.862029287	1.866933211	1.911231818	1.894164126	1.871465696	1.685757238	1.868214007	1.737912434	1.923633473	1.735974763	1.938157518	1.796959245
S004	2.000000002	1.989435888	2.000000003	0	1.952432714	1.943319414	1.966178851	1.976734355	1.946923913	1.941359606	1.966178852	1.898076721	1.877331901	1.404068708	2.000000003	1.974785133	1.740913691	1.991809559	1.807279167	1.82700492	1.87334296	2.000000002	1.929035894	1.943917206	1.954361118	1.813572115	1.744723084	1.867577982	1.857684521	1.918475817	2.000000002	1.910278489	1.85214691	1.935393305	1.843843966	1.795088969	1.96845266	1.974249402	1.972694042	1.934529734	1.772139902	1.491373108	1.877408831	1.91630271	1.902384775	1.937946678	1.934285265	1.834612448	1.956143303	2.000000001	1.889066693	1.94945539	1.958467031	1.995009227	1.875478883	1.869085204	1.937632611	1.771515347	1.816714442	1.946682807	1.708824962	1.962779576	1.92246793	1.833635901	1.877908575	1.829489041	1.819213457	1.801375587	1.926185425	1.644063814	1.851729762	1.975565547	1.985283333	1.803675426	2.000000003	1.856726979	1.935997188	1.906471394	1.915437789	1.944797724	2.000000002	1.888185165	1.920721001	1.81764936	1.871678959	1.727888029	1.943917206	1.943917206	1.866434854	1.887308914	2.000000003	1.885390005	1.841133003	1.667435577	1.866178926	1.619784203	2.000000002	1.979029288	1.948696515	1.730649926
S005	1.950070332	1.83676505	1.965945703	1.952432714	0	1.85748647	2.000000001	1.927690387	1.898161599	1.973148646	1.767962	1.958320315	1.917410849	2.000000002	2.000000003	1.873216549	1.928185273	1.897752081	1.925041943	1.866587208	1.883951594	2.000000002	1.96493608	1.642100162	1.959763904	1.919489125	1.896572334	1.866939964	1.887965375	1.946276921	2.000000002	1.955809537	2.000000002	1.905311259	1.8686334	1.748073171	1.975002238	1.959720252	1.943161064	1.868633398	1.82328602	1.975277068	1.790961139	1.966504124	1.980872751	1.96650412	1.904589459	1.989828826	1.945267835	1.987072133	1.910585347	1.933405242	1.869886129	1.797727009	1.985844629	2.000000002	1.821666079	2.000000001	2.000000002	1.803006181	1.961320362	1.959307382	1.960375664	1.945982899	1.955425787	1.805889773	1.850594909	1.973721247	1.725322955	1.988184306	1.822429642	1.959764729	1.889866303	1.950381466	1.803595263	1.842233237	1.943694096	1.513555128	1.837939297	1.842162	1.768555674	1.794781569	1.918936831	1.862721072	1.888767391	1.956079605	2.000000002	1.80590482	1.950887672	1.734345782	2.000000003	1.702683779	1.952432711	1.966504123	1.866668508	1.777516713	1.797047902	1.97008804	1.914340917	1.83137217
S006	1.765146604	1.819789982	1.742989663	1.943319414	1.85748647	0	1.897507477	1.742587297	1.854857217	1.8005486	1.699353698	1.782302153	1.809452591	1.613497652	1.595827189	1.801318577	1.909405677	1.814453207	1.813924543	1.77190288	1.854498988	1.938096656	1.730220154	1.840803842	1.853740448	1.923533611	1.61845549	1.786642396	1.704612413	1.908610027	1.779793022	1.681939651	1.783694212	1.676597441	1.810051424	1.765960435	1.920646182	1.796174638	1.72908264	1.913611372	1.671837248	1.792267346	1.885816109	1.71744803	1.648033759	1.757977166	1.604124079	1.871437128	1.788942089	1.779943225	1.914480387	1.686235898	1.828944321	1.890609251	1.733072095	1.903853806	1.797580099	1.847417907	1.972937998	1.750177473	1.616814926	1.908019148	1.8661175	1.765226165	1.514388321	1.798059981	1.755129021	1.726642685	1.580290493	1.828585464	1.79002151	1.894520885	1.906536425	1.798259758	1.778956139	1.719197143	1.81924506	1.78248566	1.677152959	1.618780306	1.67774206	1.734325651	1.858919641	1.822810814	1.694567915	1.773288761	1.888128824	1.851792028	1.812090626	1.828731166	1.935294031	1.989640253	1.791108195	1.839294105	1.689556274	1.945530181	1.726311748	1.863697754	1.862513671	1.931627838
S007	1.944926367	1.833656283	1.894314976	1.966178851	2.000000001	1.897507477	0	1.764831438	1.841617068	1.715247051	1.910170475	1.839313362	1.83364975	1.909431349	1.886215204	1.777015988	1.941835156	1.879808902	1.8616776	1.991083799	1.705701817	1.856313607	1.916244281	1.877342505	1.966771659	1.946018122	1.855376437	1.773291743	1.833019148	1.77127106	1.870023525	1.952311644	1.733193289	1.999999998	1.866935207	1.858458176	1.954980773	1.720657501	1.871939843	1.845741845	1.815197845	1.912583217	1.90064032	1.954816617	1.560571258	1.851327147	1.988414504	1.931951763	1.855920518	1.957852718	1.828277474	1.947721511	1.885330006	1.744326818	1.86574258	1.771818439	1.8068408	1.958201474	1.932447941	1.695547512	1.887350959	1.970245843	1.947105087	1.86324741	1.736221128	1.885850576	1.630021352	1.813083214	1.412315436	1.876650341	1.969434923	1.904985358	1.813658524	1.894784519	1.864881342	1.943807538	1.586110241	1.857153179	1.873165252	1.937528667	1.750259923	1.704878454	1.778862814	1.833202621	1.837507704	1.714820652	1.999999999	1.958278005	1.669811041	1.886042093	1.863667732	1.999999998	1.999999998	1.753954706	1.757592409	1.831895598	1.824423989	1.577493959	1.81451778	1.878997733
S008	1.841033673	1.853857461	1.838106384	1.976734355	1.927690387	1.742587297	1.764831438	0	1.765153768	1.549772159	1.715114037	1.599293284	1.82122227	1.850360303	1.74567635	1.731840908	1.868024552	1.877028156	1.751288804	1.908634551	1.913234945	1.840873441	1.644752279	1.807662389	1.723464371	1.520690454	1.745645177	1.825214397	1.73510458	1.848820332	1.928299583	1.67602727	1.695602929	1.496361788	1.734746331	1.699951228	1.907900851	1.515836027	1.679839521	1.885550657	1.651812195	1.727221665	1.639780824	1.749468821	1.803912288	1.615257755	1.881963448	1.743726301	1.802529436	1.684179848	1.898101048	1.752647009	1.859504866	1.722531088	1.823544614	1.845212651	1.707999748	1.803078996	1.799418219	1.72133037	1.791205639	1.822336375	1.727107975	1.65225193	1.76674661	1.711339922	1.905165296	1.691715908	1.86252896	1.695642029	1.794972257	1.917394408	1.909714492	1.639900341	1.563590298	1.7410323	1.644848941	1.610812735	1.804555358	1.592578879	1.736501755	1.86038859	1.657132294	1.549808983	1.74637578	1.838029678	1.893066493	1.877545929	1.691391231	1.644949933	1.814911938	1.88913416	1.911809634	1.712154658	1.775693881	1.86981897	1.681090785	1.730882877	1.6821044	1.857778423
S009	1.895809267	1.960963373	1.723122746	1.946923913	1.898161599	1.854857217	1.841617068	1.765153768	0	1.784970759	1.957331621	1.846574922	1.54130333	1.703723335	1.880107048	1.82331454	1.896552724	1.716908558	1.836646156	1.862749897	1.867510231	1.929634769	1.803729755	1.933989893	1.759158155	1.690448626	1.774621061	1.750879401	1.69591023	1.916204504	1.970619985	1.745448728	1.893010595	1.828249036	1.778045379	1.849244282	1.838016291	1.770517975	1.686013955	1.543283287	1.674272411	1.852634661	1.822795108	1.736899859	1.837307658	1.621281207	1.785590874	1.655489549	1.854053522	1.73562637	1.719337246	1.805365143	1.814586078	1.850713666	1.89838264	1.644425019	1.717767058	1.94026348	1.817589319	1.744851942	1.820331529	1.809462059	1.664873493	1.718961726	1.713018828	1.799436632	1.589283094	1.851453758	1.6273884	1.841901619	1.750412057	1.826330148	1.869972894	1.757888225	1.902077016	1.781527512	1.680020041	1.713318835	1.763299604	1.668813803	1.693421481	1.633767034	1.831160734	1.839966535	1.791048168	1.743910318	1.860509483	1.808386433	1.862011665	1.883459795	1.772471618	1.97297466	1.976302598	1.725990906	1.825994473	1.599643642	1.927517491	1.841918099	1.64577483	1.888499977
S010	1.786950212	1.73618428	1.768749167	1.941359606	1.973148646	1.8005486	1.715247051	1.549772159	1.784970759	0	1.7921235	1.928488833	1.688856737	1.78054822	1.918566385	1.866974237	1.820146201	1.925201371	1.882172845	1.78861834	1.711206956	1.999999998	1.754946534	1.896925338	1.811253702	1.755850459	1.576807296	1.91403167	1.508034787	1.784781049	1.999999998	1.735980559	1.832180618	1.816740575	1.621446874	1.717778631	1.977610106	1.723849572	1.790196056	1.922628326	1.877193062	1.71634924	1.754327613	1.822772964	1.809664963	1.72266984	1.848396753	1.799321506	1.841871819	1.738054533	1.841059213	1.72035458	1.918574259	1.645394517	1.811291307	1.999999998	1.933218287	1.906131721	1.87088208	1.864697643	1.704667776	1.963054016	1.85531905	1.601354823	1.764739419	1.773387181	1.717937679	1.714077393	1.827015781	1.780481956	1.805803696	1.729434039	1.929737245	1.722370536	1.792000491	1.626759375	1.760922818	1.916486638	1.733285439	1.822989912	1.92996445	1.659763965	1.784833465	1.89252825	1.512658321	1.797221205	1.87832515	1.981654702	1.84724725	1.712351302	1.828734001	1.876262267	1.766891749	1.749848921	1.810407776	1.818142075	1.657340478	1.642843472	1.758429769	1.66468309
S011	1.861662092	1.605250602	1.707213271	1.966178852	1.767962	1.699353698	1.910170475	1.715114037	1.957331621	1.7921235	0	1.480311383	1.964594081	1.868756968	1.928872753	1.645775121	1.770180469	1.955920699	1.785693253	1.837446204	1.771758712	2	1.773913106	1.750871548	1.943430458	1.833269511	1.753577252	1.738063188	1.651331087	1.985131803	1.981198646	1.532913603	1.975061356	1.720186483	1.772691786	1.766333687	1.853412138	1.898605996	1.809149206	1.734313774	1.880863274	1.966271202	1.683157481	1.648636494	1.807276113	1.677710336	1.690462337	1.799954526	1.785612977	1.955693013	1.851584653	1.827933478	1.712502015	1.835977757	1.858458549	1.978459952	1.787003317	1.775001853	2	1.522835991	1.701469288	1.856909798	1.882946594	1.836917227	1.868911073	1.584170613	1.840804581	1.846816091	1.769737195	1.767548132	1.686703622	1.837278465	1.763039951	1.704942088	1.685460317	1.819711631	1.848716804	1.755667568	1.671938247	1.928475604	1.606360226	1.803383305	1.689647633	1.76012867	1.770104529	1.714221131	1.818383934	1.95937553	1.806955522	1.886652568	1.832144723	1.922299879	1.849220821	1.951651745	1.883498806	1.909792951	1.753005214	1.85561437	1.759639803	1.80472309
S012	1.790339127	1.737538871	1.794197814	1.898076721	1.958320315	1.782302153	1.839313362	1.599293284	1.846574922	1.928488833	1.480311383	0	1.895254306	1.682579693	1.84869173	1.92123725	1.975235478	1.970184548	1.607026348	1.839363487	1.921403473	1.775211577	1.888728721	1.934743785	1.759659187	1.700698308	1.787449421	1.912430391	1.615158102	1.822460686	1.964801923	1.762168474	1.633889177	1.881666708	1.954019995	1.81928086	1.983806131	1.599040339	1.772536561	1.972546873	1.807955227	1.911233073	1.856725974	1.661500531	1.707764786	1.395155221	1.823342426	1.920795699	1.848794702	1.851216722	1.895531174	1.864208029	1.811666504	1.700799314	1.945221164	1.960730985	1.836811562	1.676234612	1.902162441	1.730126106	1.747868023	1.956673481	1.852322973	1.680138528	1.869522208	1.76587907	1.865808106	1.852105382	1.908768186	1.731215555	1.889746547	1.867361396	1.79116791	1.875001949	1.862706518	1.796461962	1.823585991	1.924697099	1.724004266	1.774425463	1.846204669	1.89086188	1.84420356	1.798108823	1.705756942	1.907553248	1.956507295	1.847070327	1.961383455	1.966616527	1.866321634	1.973622796	1.953985724	1.732489434	1.670553877	1.909821954	1.917679815	1.811676713	1.825737284	1.791281681
S013	1.942762689	1.951948045	1.768776966	1.877331901	1.917410849	1.809452591	1.83364975	1.82122227	1.54130333	1.688856737	1.964594081	1.895254306	0	1.816526709	1.952335132	1.780601316	1.932862392	1.880682812	1.84404662	1.856292635	1.871577305	1.999999999	1.641700221	1.819027209	1.745206865	1.761396376	1.559795997	1.694257051	1.83013595	1.87340503	1.904485603	1.782176926	1.898738071	1.804932562	1.756689607	1.734768566	1.927320501	1.682461873	1.882135035	1.887825087	1.896512727	1.793962359	1.760542046	1.884592241	1.60806588	1.835180221	1.863195924	1.812416343	1.556064944	1.846046312	1.66999086	1.757216897	1.821625064	1.651990336	1.78272711	1.621894503	1.709267364	1.766165482	1.810971239	1.907768156	1.761193429	1.971119753	1.844761173	1.554130914	1.714483032	1.77564797	1.693760668	1.846133406	1.468036108	1.917485955	1.838085691	1.83548786	1.835229028	1.744093095	1.853283888	1.737475332	1.716912223	1.764240145	1.68147891	1.691599391	1.852260935	1.655555338	1.849219112	1.777389893	1.790720838	1.838592716	1.941089603	1.888166097	1.898387539	1.912294535	1.831802656	1.896670814	1.868769968	1.81269859	1.759828649	1.55948551	1.901466611	1.929569181	1.842619852	1.977444571
S014	1.881722084	1.77511155	1.832306121	1.404068708	2.000000002	1.613497652	1.909431349	1.850360303	1.703723335	1.78054822	1.868756968	1.682579693	1.816526709	0	1.799176775	1.867722101	1.754657595	1.812866967	1.816208427	1.807305024	1.819204716	1.914073324	1.805102886	1.936585622	1.932792762	1.885106033	1.783298618	1.863230328	1.747134019	1.691947935	1.858694162	1.846199003	1.735816096	1.665634509	1.822878586	1.935479101	1.881761872	1.836389172	1.923874236	2	1.70032807	1.798946334	1.851766589	1.873041206	1.764275775	1.789388268	1.832727329	1.878948218	1.797241757	1.756965427	1.760012575	1.826165974	1.839998553	1.901830579	1.813143821	1.802263166	1.837480209	1.789780455	2	1.831002675	1.633472326	1.971333354	1.934567392	1.753430759	1.658225997	1.847658893	1.846675593	1.857397339	1.926904685	1.792290124	1.884216834	1.771516035	1.888435671	1.761917928	1.895054949	1.832010759	1.839954066	1.90960814	1.672479215	1.664346102	1.879109824	1.739787853	1.872678931	1.946064386	1.760408279	1.828493789	1.812729846	1.872759592	1.739592338	1.887598752	1.979639557	1.923009651	1.861769339	1.851865881	1.841070738	1.889642129	1.938041594	1.896333996	1.846663845	1.69845512
S015	1.954411727	1.683537395	1.597000244	2.000000003	2.000000003	1.595827189	1.886215204	1.74567635	1.880107048	1.918566385	1.928872753	1.84869173	1.952335132	1.799176775	0	1.65704749	1.779661934	1.97658195	1.70121574	1.861329969	1.768756317	1.867584385	1.794383029	2.000000001	1.814396723	1.84584135	1.854111693	1.717501975	1.737199088	1.716796302	1.630402373	1.778940262	1.959177199	1.908749018	1.833518781	1.830366842	1.904160461	1.627923105	1.821090327	1.868410235	1.695986655	1.874224649	1.849392788	1.851720429	1.698694776	1.657360049	1.846989464	1.976024529	1.796716098	1.850563702	1.688122602	1.666764813	1.657981714	1.873111972	1.846109654	1.794248527	1.999999998	1.865622004	1.882811389	1.948005492	1.874546811	1.927807397	1.939738159	1.912750924	1.917237688	1.726111834	1.86324365	1.719085696	1.760812044	1.717300045	1.901198521	1.86898931	1.746064568	1.729815647	1.953511062	1.850505094	1.640091121	1.837714273	1.821072924	1.852378765	2.000000001	1.81676782	1.728203244	1.731328871	1.828464948	1.854421942	1.440192265	1.850327541	1.838689921	1.803705171	1.851148232	1.869857396	2	1.754173394	1.721629377	1.832207662	2.000000001	1.592677985	1.846890912	1.800497525
S016	1.841921451	1.707973783	1.812744238	1.974785133	1.873216549	1.801318577	1.777015988	1.731840908	1.82331454	1.866974237	1.645775121	1.92123725	1.780601316	1.867722101	1.65704749	0	1.810245652	1.888333126	1.91997178	1.772092135	1.822350131	1.959808607	1.624108637	1.892155347	1.685052587	1.746406326	1.723047807	1.619122331	1.672139792	1.987050962	1.820086357	1.735007504	1.776165595	1.873054796	1.905699829	1.734929982	1.823052759	1.740541443	1.720019463	1.698998815	1.818663377	1.863995559	1.284033006	1.889510351	1.766697636	1.702345987	1.824358602	1.841584137	1.77406444	1.932984638	1.675546208	1.746157691	1.69301349	1.636195796	1.723454122	1.846333853	1.840575886	1.69921711	1.923861607	1.789890776	1.748965207	1.902534671	1.807322919	1.86154156	1.806004696	1.334918018	1.75811834	1.677788804	1.775999486	1.742686913	1.610688143	1.761292892	1.745117822	1.592380809	1.611461724	1.759152286	1.719584211	1.734313167	1.572176098	1.712210167	1.930106901	1.589070828	1.803125792	1.450219473	1.8227008	1.64530173	1.807219945	1.711599867	1.774554857	1.760657643	1.930410612	1.903763896	1.849499148	1.863901396	1.716242637	1.845232336	1.863280271	1.744159963	1.594373244	1.749569619
S017	1.945157945	1.683455367	1.787500284	1.740913691	1.928185273	1.909405677	1.941835156	1.868024552	1.896552724	1.820146201	1.770180469	1.975235478	1.932862392	1.754657595	1.779661934	1.810245652	0	1.896725132	1.718621338	1.737348927	1.752262205	1.866407939	1.855845811	1.989835839	1.821312343	1.847276058	1.768484421	1.907725007	1.84026416	1.999999998	1.832132185	1.794867148	1.922576177	1.691393284	1.898404789	1.877903086	1.820064899	1.886344477	1.775372875	1.981815733	1.757084613	1.871900247	1.842482422	1.843379505	1.79821272	1.687778187	1.788275076	1.885191049	1.962895488	1.891322734	1.77122707	1.871164939	1.846370566	1.84285187	1.918134604	1.837755291	1.900578394	1.358743222	1.999999997	1.867518852	1.883742619	1.962779571	1.870015317	1.943684164	1.911907274	1.830411654	1.920972028	1.836094286	1.906016582	1.760896343	1.650190117	1.802643378	1.885932684	1.918658585	1.880958322	1.856048272	1.752189899	1.713595241	1.847339088	1.939872641	1.936859097	1.684657282	1.52637196	1.791009165	1.889170894	1.92263837	1.839916051	1.917218335	1.735238913	1.782150247	1.854318002	1.86426149	1.92888797	1.730609808	1.742899879	1.93569833	1.855035415	1.819994541	1.815420116	1.957162973
S018	1.539857537	1.949156977	1.892157758	1.991809559	1.897752081	1.814453207	1.879808902	1.877028156	1.716908558	1.925201371	1.955920699	1.970184548	1.880682812	1.812866967	1.97658195	1.888333126	1.896725132	0	1.904471598	1.950319583	1.854013905	2.000000001	1.791988601	1.931063225	1.859678189	1.965665378	1.869953691	1.746955899	1.796377188	1.949180794	1.942008237	1.94024608	1.904070645	1.783369646	1.968407087	1.898751306	1.566002989	1.850809735	1.875572855	2.000000001	1.836748885	1.872707075	1.963633118	1.907579135	1.901764966	1.652422039	1.780938778	1.733847033	1.904498998	1.681254886	1.879953844	1.870703523	1.791843884	1.912658072	1.941528504	1.901372615	1.829750478	1.975825304	2.000000001	1.792210286	1.789818345	1.759815607	1.658521371	1.825939658	1.827562156	1.958062524	1.747983128	1.90187601	1.950590466	1.914335433	1.941999489	1.735566318	1.529466796	1.912549645	1.89779514	1.860388738	1.871066927	1.856401893	1.841199466	1.795105601	1.804121877	1.775102628	1.865080788	1.974893687	1.802037704	1.923327166	1.947194305	1.928890363	1.644664979	1.833481931	1.751929818	1.927847042	1.947298882	1.935407284	1.963693021	2.000000002	1.994289461	1.976395661	1.762866842	1.956975637
S019	1.801844151	1.803497525	1.855871384	1.807279167	1.925041943	1.813924543	1.8616776	1.751288804	1.836646156	1.882172845	1.785693253	1.607026348	1.84404662	1.816208427	1.70121574	1.91997178	1.718621338	1.904471598	0	1.664488933	1.853585391	1.957313995	1.754780363	1.831013387	1.715946045	1.793516364	1.526939605	1.784265419	1.660845126	1.706168056	1.973244113	1.635867064	1.816232529	1.808487902	1.701149721	1.873614894	1.869199429	1.736966351	1.809058731	1.977871321	1.708937485	1.942111851	1.876637442	1.856010961	1.584374664	1.414239037	1.594089914	1.832999477	1.778162676	1.834158596	1.59104234	1.620398829	1.637673898	1.74096683	1.961349492	1.895096789	1.759640484	1.750407504	1.931988121	1.794244692	1.704873629	1.909187423	1.772516917	1.692349568	1.893326968	1.763294758	1.858651832	1.933739198	1.709474622	1.804692101	1.744151687	1.853831922	1.788260844	1.811584433	1.874229032	1.49277277	1.604375859	1.760102285	1.749612104	1.632977521	1.873738343	1.837492376	1.678282142	1.739061645	1.719210976	1.917150768	1.765999261	1.765048711	1.615369963	1.816552161	1.965738538	1.92645798	1.829876526	1.585391164	1.707823247	1.716559706	1.912907707	1.803840577	1.764234306	1.914483279
S020	1.888168986	1.817583504	1.894021833	1.82700492	1.866587208	1.77190288	1.991083799	1.908634551	1.862749897	1.78861834	1.837446204	1.839363487	1.856292635	1.807305024	1.861329969	1.772092135	1.737348927	1.950319583	1.664488933	0	1.855765576	1.696059122	1.823193228	1.611951124	1.732780572	1.859173111	1.755114732	1.72671196	1.810108173	1.776328987	1.837892172	1.766075653	1.779614308	1.935782801	1.792571256	1.910245129	1.82384447	1.859517598	1.829602218	1.818979056	1.808212094	1.778416426	1.765768369	1.858649572	1.812384239	1.834929458	1.717107759	1.820147452	1.843025149	1.723889613	1.810535201	1.734712764	1.727032279	1.832982125	1.765871947	1.746007648	1.849082089	1.895856699	1.92796639	1.564766043	1.76505311	1.97441265	1.844121248	1.694617889	1.706265451	1.685753871	1.625597791	1.734099681	1.831393685	1.938115344	1.704729068	1.844957053	1.862256155	1.730965304	1.791971437	1.654766991	1.888207904	1.772162104	1.634847457	1.820704636	1.977445342	1.658385151	1.809538509	1.71809782	1.843967239	1.776387767	1.739392752	1.925814804	1.703849166	1.770395992	1.960154637	1.987626961	1.888670481	1.573994711	1.734711402	1.767868083	1.822169698	1.740879534	1.765732501	1.80728876
S021	1.75417259	1.66279638	1.801373103	1.87334296	1.883951594	1.854498988	1.705701817	1.913234945	1.867510231	1.711206956	1.771758712	1.921403473	1.871577305	1.819204716	1.768756317	1.822350131	1.752262205	1.854013905	1.853585391	1.855765576	0	1.815284802	1.714149736	1.955878268	1.89650373	1.944482435	1.580625232	1.676455332	1.628668205	1.976815189	1.914087792	1.833419687	1.925541032	1.674675787	1.782338666	1.938671337	1.965808074	1.781282322	1.655266554	1.853691506	1.778971736	1.85375844	1.804882021	1.870513754	1.782526263	1.690180652	1.765126731	1.940404692	1.906794401	1.920179977	1.666728013	1.83407147	1.738821875	1.464770663	1.687425807	1.860501516	1.739383983	1.835014237	1.81423411	1.800157173	1.880551164	1.981022346	1.928548572	1.919011367	1.835606477	1.827730187	1.677489361	1.827643113	1.596273989	1.902295478	1.629489454	1.742937229	1.965808075	1.892660758	1.954044281	1.890139639	1.78213125	1.655871606	1.731706903	1.775450792	1.85348715	1.612944981	1.545485977	1.860894294	1.661944361	1.596315579	1.65347343	1.958278008	1.675210058	1.608260962	1.938749835	1.804274019	1.627695791	1.797317543	1.828646554	1.853776759	1.89858938	1.818747018	1.763863197	1.76906527
S022	2	1.739350736	1.962365783	2.000000002	2.000000002	1.938096656	1.856313607	1.840873441	1.929634769	1.999999998	2	1.775211577	1.999999999	1.914073324	1.867584385	1.959808607	1.866407939	2.000000001	1.957313995	1.696059122	1.815284802	0	1.943827956	2	1.735915054	1.686752501	1.931786816	1.986641718	1.913335525	1.682082139	1.88205689	1.966591965	1.822469148	1.947447277	1.843187456	1.921421755	2	1.756291862	1.848918214	2	1.882791566	1.955879096	1.978452427	1.806388586	1.823816323	1.916724628	1.874867959	1.91095298	1.928663373	1.872560253	1.943426845	1.887269818	2.000000001	1.880457837	1.883099959	1.734704792	1.895830575	1.999999999	2	1.873025577	1.901649926	2	1.84356075	1.979062615	1.864081213	1.987302983	1.979161281	1.908970223	1.906830599	1.962361346	1.848317752	1.860916177	1.961321729	1.944633752	1.920451925	1.989319699	1.725886868	1.861493388	1.903098781	1.846245984	1.822037006	1.912154041	1.884739535	1.901801202	2.000000001	1.798531825	1.955930818	1.958142506	1.93025197	1.921463434	1.747085307	1.999999999	1.999999999	1.788423567	1.761961478	1.908295101	1.822169698	1.791714602	1.929367221	1.835146686
S023	1.620118428	1.826331072	1.841995767	1.929035894	1.96493608	1.730220154	1.916244281	1.644752279	1.803729755	1.754946534	1.773913106	1.888728721	1.641700221	1.805102886	1.794383029	1.624108637	1.855845811	1.791988601	1.754780363	1.823193228	1.714149736	1.943827956	0	1.877270338	1.691414842	1.749405627	1.703173664	1.503237472	1.706960749	1.915124709	1.832901534	1.627470331	1.871182356	1.788206153	1.52647137	1.776486147	1.829514126	1.683327738	1.813403604	1.818731716	1.790254896	1.626635274	1.652944495	1.860990068	1.637256619	1.76621167	1.567685495	1.93897318	1.778514419	1.826660331	1.810307169	1.620527596	1.693576115	1.845913803	1.768565231	1.934534294	1.915269185	1.693282673	1.91078755	1.913298837	1.76561206	1.764668388	1.659090008	1.701461331	1.913751363	1.572398489	1.771773343	1.728345615	1.719997439	1.805774078	1.698121958	1.672655929	1.937353249	1.53078085	1.614489787	1.774579291	1.664621124	1.539003234	1.597873065	1.635788144	1.9213464	1.669262071	1.693706589	1.760892412	1.799223667	1.670340083	1.68482084	1.86457681	1.790012962	1.676752036	1.881220023	1.892105197	1.862827587	1.829831927	1.841114118	1.879619123	1.832596458	1.865598056	1.613344451	1.94530159
S024	1.846779958	1.992500336	1.918847739	1.943917206	1.642100162	1.840803842	1.877342505	1.807662389	1.933989893	1.896925338	1.750871548	1.934743785	1.819027209	1.936585622	2.000000001	1.892155347	1.989835839	1.931063225	1.831013387	1.611951124	1.955878268	2	1.877270338	0	1.748149524	1.899407379	1.748206948	1.779151358	1.901622615	2.000000001	1.991128078	1.832104801	1.892918666	1.892491781	1.819533716	1.671666747	1.927596188	1.948059418	1.906972744	1.977871324	1.832805578	1.999999998	1.875592695	1.95251363	1.753537405	1.967198254	1.967967615	1.693405426	1.583315847	1.909263433	1.965192683	1.764992922	1.841217743	1.887295969	1.873752733	1.991128078	1.511497971	1.898873547	1.996822566	1.642523329	1.921307696	1.828421308	1.957942068	1.867383629	1.783648539	1.839082637	1.873295889	1.740924951	1.828141349	1.92871697	1.946602008	1.912413927	1.969124077	1.73119568	1.863918809	1.625755437	1.815918018	1.82874192	1.850925613	1.65638917	1.911159054	1.935781947	1.896356655	1.784572102	1.975770395	1.911147077	1.851673618	1.707786	1.624668936	1.935406466	1.787166897	1.964580413	1.822999217	1.756094505	1.675970416	2.000000001	1.703229142	1.816461028	1.866773391	1.850727024
S025	1.78204403	1.958734482	1.880742331	1.954361118	1.959763904	1.853740448	1.966771659	1.723464371	1.759158155	1.811253702	1.943430458	1.759659187	1.745206865	1.932792762	1.814396723	1.685052587	1.821312343	1.859678189	1.715946045	1.732780572	1.89650373	1.735915054	1.691414842	1.748149524	0	1.781772961	1.73086467	1.808183878	1.621360557	1.933760705	1.924167872	1.852591369	1.764012084	1.690835845	1.859912578	1.923085213	1.794305816	1.812028086	1.775205742	1.834849434	1.78840928	1.811573226	1.864231823	1.956267672	1.763389539	1.723309452	1.809503579	1.789292138	1.811514887	1.840189973	1.775173183	1.874963394	1.905169603	1.845669557	1.812003871	1.918119034	1.895921389	1.576733923	1.964434346	1.725691031	1.8113119	1.977673022	1.684579464	1.812850791	1.920066611	1.707182685	1.916741551	1.774594209	1.731163397	1.852920618	1.829299598	1.920865345	1.752285995	1.646111224	1.768133823	1.829813775	1.714952782	1.680053408	1.768334365	1.783668722	1.925452806	1.794453957	1.854778421	1.797497926	1.671102759	1.805600825	1.846901982	1.590629676	1.741140974	1.745186776	1.635372803	1.808112639	1.897766435	1.856783227	1.833898238	1.859017151	1.944996228	1.680691542	1.597978325	1.789848704
S026	1.834473663	1.885330437	1.8993782	1.813572115	1.919489125	1.923533611	1.946018122	1.520690454	1.690448626	1.755850459	1.833269511	1.700698308	1.761396376	1.885106033	1.84584135	1.746406326	1.847276058	1.965665378	1.793516364	1.859173111	1.944482435	1.686752501	1.749405627	1.899407379	1.781772961	0	1.813906047	1.844364045	1.725040068	1.89615501	1.946476257	1.718065598	1.753559633	1.777310108	1.683467057	1.873457704	1.909083555	1.630586499	1.784242055	1.893300747	1.661751413	1.835996997	1.789445846	1.596695429	1.787365008	1.706394741	1.885676076	1.832277323	1.75250659	1.843920824	1.556397494	1.641706065	1.860197	1.929675046	1.791141636	1.853029471	1.803274892	1.81799801	1.921933923	1.716200972	1.799399875	1.962779571	1.705672307	1.83767264	1.890872884	1.708082012	1.761844684	1.635016158	1.767728738	1.802257613	1.782239561	1.83164452	1.871211452	1.632433723	1.892795574	1.768844272	1.785529581	1.825183661	1.740769622	1.785866687	1.960532659	1.795554232	1.8386377	1.709764921	1.85653755	1.792110326	1.749934687	1.999999997	1.882357371	1.804864701	1.871705362	1.903035858	1.97156559	1.620535886	1.829807459	1.705263138	1.862435863	1.753319665	1.769837132	1.550637119
S027	1.620820198	1.67914004	1.788495823	1.744723084	1.896572334	1.61845549	1.855376437	1.745645177	1.774621061	1.576807296	1.753577252	1.787449421	1.559795997	1.783298618	1.854111693	1.723047807	1.768484421	1.869953691	1.526939605	1.755114732	1.580625232	1.931786816	1.703173664	1.748206948	1.73086467	1.813906047	0	1.799617844	1.602531825	1.958398281	1.901952688	1.731302373	1.792999542	1.597610259	1.83410314	1.574987027	1.922984716	1.715468386	1.846672228	1.880512242	1.716589328	1.92752648	1.721011575	1.83957278	1.700336207	1.58121876	1.716218723	1.770712164	1.770351417	1.875188479	1.734904501	1.714762678	1.768340347	1.429711705	1.904610793	1.890253206	1.828859457	1.665314283	1.861257188	1.882440161	1.50826488	1.892124576	1.75841896	1.675115563	1.662492563	1.657044731	1.872645901	1.781283919	1.585167217	1.687833992	1.605421246	1.760979917	1.912426841	1.782732328	1.843311413	1.559040721	1.68068975	1.794718456	1.730078149	1.586018026	1.78858035	1.586952889	1.849604627	1.74319443	1.696068861	1.735963657	1.841541694	1.830131918	1.75384488	1.84924722	1.907079821	1.866174527	1.842748673	1.595808853	1.748862486	1.931619601	1.795477484	1.707464606	1.768630427	1.697565464
S028	1.647646156	1.822979118	1.854561173	1.867577982	1.866939964	1.786642396	1.773291743	1.825214397	1.750879401	1.91403167	1.738063188	1.912430391	1.694257051	1.863230328	1.717501975	1.619122331	1.907725007	1.746955899	1.784265419	1.72671196	1.676455332	1.986641718	1.503237472	1.779151358	1.808183878	1.844364045	1.799617844	0	1.833753773	1.950954599	1.911140936	1.744505101	1.845034392	1.770321289	1.785899566	1.763258073	1.780766986	1.807650554	1.698709162	1.827530004	1.763004632	1.843948826	1.472203611	1.677993518	1.715458075	1.676500368	1.767631313	1.809031236	1.850138625	1.794829949	1.851189165	1.760160946	1.709977449	1.808248383	1.982300407	1.794073784	1.784066041	1.723079833	1.846086876	1.832401135	1.75861061	1.653370646	1.905168796	1.773796259	1.719854089	1.437401491	1.637784125	1.702132939	1.756199123	1.852852618	1.63123353	1.768769213	1.936237929	1.502219622	1.906849683	1.738712907	1.721806402	1.463508078	1.631936399	1.715550778	1.975078758	1.746835223	1.654588471	1.547265024	1.833115869	1.715338787	1.924822156	1.71571369	1.571813354	1.671128324	1.795861483	1.791341423	1.904272201	1.752765691	1.841679004	1.835078183	1.6688466	1.805089064	1.638668473	1.905431024
S029	1.637399399	1.498616263	1.798713806	1.857684521	1.887965375	1.704612413	1.833019148	1.73510458	1.69591023	1.508034787	1.651331087	1.615158102	1.83013595	1.747134019	1.737199088	1.672139792	1.84026416	1.796377188	1.660845126	1.810108173	1.628668205	1.913335525	1.706960749	1.901622615	1.621360557	1.725040068	1.602531825	1.833753773	0	1.889711838	1.903637763	1.53395466	1.871181487	1.790714318	1.824792981	1.90015982	1.847098835	1.782419985	1.567009621	1.903130873	1.675375919	1.675420205	1.839913052	1.577156761	1.784679056	1.590498157	1.654841202	1.777280209	1.737976628	1.857631442	1.81435442	1.824988327	1.848881872	1.606932178	1.86122222	1.843539919	1.850342878	1.75230982	1.892302967	1.834694602	1.719763029	1.849745135	1.771539217	1.81238552	1.899435396	1.559015964	1.72525978	1.789438612	1.692458068	1.686246407	1.741225325	1.738285284	1.711424702	1.768835397	1.879818296	1.685293988	1.752735773	1.859740823	1.663128032	1.722519741	1.775494965	1.765937798	1.8890967	1.716108463	1.3703237	1.646562458	1.940294923	1.811395605	1.836778413	1.721918641	1.77319598	1.825640742	1.854501628	1.715637864	1.771518707	1.865098126	1.886636057	1.797133411	1.761810406	1.606158545
S030	2.000000001	2.000000001	1.562537448	1.918475817	1.946276921	1.908610027	1.77127106	1.848820332	1.916204504	1.784781049	1.985131803	1.822460686	1.87340503	1.691947935	1.716796302	1.987050962	1.999999998	1.949180794	1.706168056	1.776328987	1.976815189	1.682082139	1.915124709	2.000000001	1.933760705	1.89615501	1.958398281	1.950954599	1.889711838	0	2.000000001	1.965219652	1.756037557	2	1.829772765	1.98046861	1.816369135	1.780160779	1.886134063	2.000000001	1.777568763	1.873379775	1.860490262	1.949360503	1.71470266	1.931826925	1.941495596	2.000000003	1.849868038	1.698567716	1.967238372	1.748772457	1.838197234	1.904507844	1.87299112	1.835655403	1.92255194	1.825401102	1.989625751	1.880953376	1.876664579	1.977673023	1.965141967	1.830696226	1.819506996	1.967220992	1.860372146	1.978492522	1.696584342	1.966756407	2.000000005	1.90935645	1.774980254	1.920444207	2.000000002	1.890694788	1.880934299	1.932797453	1.951318988	1.840596829	1.990196839	1.984527536	1.93937451	1.871046275	1.862540484	1.8690604	2.000000001	2.000000001	1.664473395	1.987178757	2.000000002	2	2	1.838820724	1.870030569	1.730977874	1.822169699	1.840593187	1.916072952	2.000000003
S031	1.91668876	1.766038238	1.886140523	2.000000002	2.000000002	1.779793022	1.870023525	1.928299583	1.970619985	1.999999998	1.981198646	1.964801923	1.904485603	1.858694162	1.630402373	1.820086357	1.832132185	1.942008237	1.973244113	1.837892172	1.914087792	1.88205689	1.832901534	1.991128078	1.924167872	1.946476257	1.901952688	1.911140936	1.903637763	2.000000001	0	1.912810055	1.959786454	1.912584893	1.763781346	1.895441163	1.942008236	1.782687092	1.94258105	1.980484276	1.876687554	1.999999998	1.941388233	1.928299096	1.754028567	1.925095766	1.863867953	1.870025738	1.742939515	1.973299219	1.999999999	1.981667158	1.678342291	1.822830295	1.594681829	1.851805812	1.989243103	1.829561767	2	1.999999999	1.961534318	2	1.851088864	1.863768085	1.738325365	1.905223571	1.916987735	1.999999999	1.804985753	1.789017414	1.832449828	1.878558507	2.000000001	1.721840246	1.935276409	1.822210875	1.795609396	1.85532697	1.965591337	1.80280442	1.986303054	1.734104233	1.636528205	1.699111794	1.976055701	1.846736577	1.786058656	2	1.857207148	1.986447894	1.822917059	1.858978439	1.999999999	1.766787911	1.787190248	2.000000001	1.985232326	1.725075152	1.756760981	1.93822902
S032	1.796771287	1.571434197	1.688608032	1.910278489	1.955809537	1.681939651	1.952311644	1.67602727	1.745448728	1.735980559	1.532913603	1.762168474	1.782176926	1.846199003	1.778940262	1.735007504	1.794867148	1.94024608	1.635867064	1.766075653	1.833419687	1.966591965	1.627470331	1.832104801	1.852591369	1.718065598	1.731302373	1.744505101	1.53395466	1.965219652	1.912810055	0	1.898787949	1.796059936	1.805910263	1.805799576	1.952034959	1.762782705	1.705206675	1.838051969	1.650108967	1.794654697	1.605478012	1.755292327	1.548834788	1.754895771	1.657545356	1.768113011	1.701229828	1.880155198	1.688760094	1.714754479	1.689159224	1.795825906	1.837433414	1.752593775	1.89181321	1.69523448	1.886949017	1.789373288	1.833047263	1.781258467	1.892485287	1.919857014	1.662056514	1.729211036	1.791542774	1.747433076	1.817811268	1.631996355	1.692699257	1.76920815	1.821039244	1.781381979	1.74264183	1.635043922	1.774917057	1.759006393	1.609275142	1.734368255	1.869849735	1.727393378	1.618643922	1.808798345	1.720170602	1.755703404	1.782161057	1.859445339	1.807640081	1.710915331	1.788839062	1.870849618	1.889018984	1.789796408	1.710436435	1.66970914	1.917512669	1.642620891	1.768458248	1.772023073
S033	1.899102844	1.930382232	1.959177199	1.85214691	2.000000002	1.783694212	1.733193289	1.695602929	1.893010595	1.832180618	1.975061356	1.633889177	1.898738071	1.735816096	1.959177199	1.776165595	1.922576177	1.904070645	1.816232529	1.779614308	1.925541032	1.822469148	1.871182356	1.892918666	1.764012084	1.753559633	1.792999542	1.845034392	1.871181487	1.756037557	1.959786454	1.898787949	0	1.802545353	1.916646364	1.880637183	1.82397641	1.684145394	1.802273212	1.897449404	1.798577058	1.738308382	1.738065183	1.936428848	1.775525549	1.655483238	1.875657321	1.866669894	1.920419313	1.632070125	1.662904741	1.929337578	1.902760293	1.796281509	1.892229329	1.94069348	1.960242081	1.840467257	1.93527817	1.731004465	1.674098262	2	1.854930984	1.756971081	1.863372819	1.722466287	1.846587007	1.796322943	1.955359107	1.870739926	1.793855198	1.905947777	1.918144997	1.81060057	1.907190585	1.909355167	1.82150028	1.814297866	1.802909385	1.707503604	1.84765801	1.840109309	1.708667409	1.77630586	1.829012407	1.889151701	2	2	1.859244924	1.746666182	1.936368753	1.972748751	1.914516109	1.838061775	1.72823796	1.952805357	1.931860012	1.834625346	1.808552027	1.894472888
