	S001	S002	S003	S004	S005	S006	S007	S008	S009	S010	S011	S012	S013	S014	S015	S016	S017	S018	S019	S020	S021	S022	S023	S024	S025	S026	S027	S028	S029	S030	S031	S032	S033	S034	S035	S036	S037	S038	S039	S040	S041	S042	S043	S044	S045	S046	S047	S048	S049	S050	S051	S052	S053	S054	S055	S056	S057	S058	S059	S060	S061	S062	S063	S064	S065	S066	S067	S068	S069	S070	S071	S072	S073	S074	S075	S076	S077	S078	S079	S080	S081	S082	S083	S084	S085	S086	S087	S088	S089	S090	S091	S092	S093	S094	S095	S096	S097	S098	S099	S100
S001	0	1.251055571	1.270779339	1.303434927	1.330023266	1.237780811	1.197539576	1.185049454	1.3094874	1.275932105	1.367755206	1.220911957	1.276538291	1.398903015	1.245195474	1.265100603	1.354347765	1.255681537	1.290990013	1.196504993	1.233627478	1.254465338	1.302513297	1.30564812	1.217544606	1.238493038	1.257709979	1.336656938	1.311072643	1.218027609	1.272765606	1.290204826	1.403459089	1.319147542	1.196644974	1.356319418	1.373959296	1.293039659	1.432649211	1.254621237	1.177191488	1.281515521	1.329913715	1.30736164	1.331668748	1.234044863	1.233213994	1.32198627	1.28199491	1.304549731	1.308883652	1.263564821	1.241668785	1.337730319	1.37347308	1.249003509	1.296457932	1.375653335	1.270186508	1.293961937	1.250804778	1.311026579	1.316093923	1.268517984	1.287693152	1.360400922	1.214210605	1.24485467	1.332058469	1.234565427	1.294826773	1.279131251	1.403910956	1.307123166	1.365876278	1.329355687	1.135091102	1.25078026	1.25563027	1.370844631	1.236019315	1.211195897	1.282722133	1.337265592	1.28857646	1.202233494	1.314489008	1.251180382	1.277919156	1.21025413	1.277990546	1.247719157	1.250718992	1.366176865	1.180702988	1.263480235	1.275423429	1.299020115	1.284880528	1.32489527
S002	1.251055571	0	1.290094422	1.371683988	1.297431495	1.244957782	1.266478725	1.206046681	1.327676331	1.233192988	1.342715063	1.289776208	1.26222437	1.37759157	1.183672981	1.245086756	1.346344986	1.253603454	1.234367732	1.225906058	1.256389969	1.202565539	1.304289916	1.273205285	1.259860761	1.240773075	1.316686038	1.262291597	1.350748308	1.289787674	1.241730835	1.273774181	1.309784176	1.333141891	1.243427965	1.400274695	1.368860303	1.374958166	1.387974586	1.25691346	1.214340349	1.29270577	1.350349826	1.303672105	1.282091819	1.279075908	1.205371129	1.360597525	1.187597153	1.301487978	1.242952943	1.279601892	1.2039194	1.343848014	1.405547833	1.242243134	1.311339209	1.35346801	1.221394307	1.315280678	1.205527095	1.293055248	1.346279276	1.215740601	1.285873005	1.409759847	1.2371745	1.272266017	1.303765272	1.23787846	1.265623668	1.285560734	1.328688755	1.248011921	1.313421765	1.354146748	1.213121815	1.349611713	1.294590299	1.312516946	1.193017878	1.203881232	1.32203502	1.249852277	1.308328183	1.170822331	1.288712983	1.216203653	1.258246199	1.239717791	1.338025611	1.355470998	1.168788547	1.355865408	1.274140029	1.300583464	1.25347904	1.25433613	1.229022209	1.241843659
S003	1.270779339	1.290094422	0	1.377427778	1.366791203	1.280694756	1.356725993	1.264221703	1.369306373	1.350798402	1.401080301	1.289279122	1.319418724	1.417499954	1.228297679	1.22577363	1.449273778	1.408885814	1.27130867	1.234431528	1.375464369	1.288124403	1.354338896	1.381556379	1.322609427	1.300510201	1.367723742	1.365639715	1.405080254	1.284697502	1.344304763	1.319949341	1.32706519	1.384301703	1.244652583	1.374469501	1.421391721	1.343908888	1.440072694	1.330887284	1.302459617	1.36573657	1.330583238	1.331285865	1.289975421	1.350359826	1.305418657	1.386474177	1.302205507	1.3483377	1.329298895	1.361771212	1.24447214	1.39691991	1.364165311	1.266284234	1.293362373	1.33233466	1.358586885	1.379466958	1.321328787	1.295028912	1.361081298	1.363217281	1.374467189	1.453572753	1.33967124	1.386042893	1.319893918	1.365547358	1.314498888	1.281858712	1.399889763	1.299916957	1.339394071	1.384947348	1.274518771	1.307793457	1.310029849	1.405850496	1.318334694	1.235749336	1.419008178	1.373342963	1.371956157	1.278409181	1.394655707	1.292257351	1.222488349	1.304406967	1.354200967	1.329108114	1.371700869	1.453877732	1.270185171	1.239801322	1.325075912	1.332099902	1.243385625	1.332230613
S004	1.303434927	1.371683988	1.377427778	0	1.294628889	1.317002322	1.306833139	1.312720249	1.349141759	1.303339644	1.360738939	1.286351574	1.324457708	1.539176184	1.295276257	1.309152082	1.404318936	1.325042952	1.29530407	1.314046768	1.432531719	1.305784179	1.42248371	1.444684359	1.359015457	1.366996721	1.37850399	1.399893935	1.312391622	1.396205456	1.296105531	1.394971705	1.334063592	1.325446743	1.252892033	1.360478657	1.368772185	1.359373382	1.426914048	1.39322167	1.327140659	1.3803037	1.32533954	1.310516719	1.372917585	1.360136496	1.406376839	1.329709003	1.340778047	1.451667866	1.295026653	1.301604066	1.26380668	1.472922012	1.464974185	1.366723584	1.341454325	1.43129708	1.360638847	1.326295386	1.318843877	1.366634572	1.382468864	1.277433139	1.346298487	1.449891653	1.286712486	1.330361599	1.40668923	1.370374392	1.345802752	1.356404	1.533830871	1.306348671	1.430296557	1.423894578	1.428427533	1.402250827	1.338452081	1.387317916	1.303993946	1.310819504	1.408522066	1.334032749	1.437137357	1.296191245	1.447200273	1.362068489	1.368226447	1.367411061	1.363448447	1.353247902	1.375089947	1.454338558	1.231413259	1.344968534	1.338083726	1.35376316	1.311755993	1.295656533
S005	1.330023266	1.297431495	1.366791203	1.294628889	0	1.336804103	1.279549994	1.214585014	1.41884236	1.360526137	1.458356078	1.341815751	1.307161331	1.463438053	1.332677416	1.323997647	1.363162135	1.386475893	1.368562751	1.343631705	1.390104284	1.33993646	1.416590709	1.36220702	1.306183646	1.288933146	1.300013573	1.413929048	1.373396765	1.399939895	1.39163645	1.334519386	1.400549763	1.33092528	1.257669052	1.396572728	1.349322404	1.463877357	1.438043613	1.352919241	1.368366086	1.451013147	1.340052857	1.305212546	1.381750612	1.383270479	1.372988064	1.439851134	1.346155654	1.426029311	1.326061368	1.374163741	1.335833723	1.465420955	1.445308394	1.379712701	1.348448278	1.435228085	1.319032846	1.407695829	1.276969748	1.351374805	1.354295463	1.315605908	1.33025094	1.44466992	1.343041985	1.23449405	1.385099241	1.339263363	1.379797273	1.347639277	1.46962788	1.365372244	1.451699494	1.292683401	1.318825386	1.310923352	1.35846761	1.476926531	1.330123829	1.274965749	1.364679239	1.319580928	1.385099514	1.316535312	1.357116902	1.344751378	1.379210078	1.319780006	1.370847736	1.360349943	1.40480002	1.455678845	1.32799339	1.312961657	1.337710295	1.375768533	1.229027108	1.370041514
S006	1.237780811	1.244957782	1.280694756	1.317002322	1.336804103	0	1.157906029	1.277210193	1.308229975	1.269397026	1.309227269	1.234678194	1.178848402	1.401747524	1.228941091	1.207363378	1.315216452	1.253892104	1.265609406	1.113453234	1.327949629	1.248085289	1.311393714	1.345227215	1.253781601	1.251765197	1.204442546	1.333391399	1.322565502	1.23369335	1.331730119	1.273650551	1.260598176	1.265627795	1.195446707	1.340658227	1.331386203	1.262717748	1.325379568	1.215062168	1.187173445	1.301908752	1.239082404	1.226852347	1.314287353	1.21309883	1.269806885	1.339423415	1.250957719	1.330786802	1.281604747	1.318744128	1.189816466	1.340022272	1.259412653	1.173533192	1.274062187	1.30967543	1.307608965	1.29875555	1.217103519	1.184164834	1.258615552	1.194206943	1.232527109	1.328610377	1.174494016	1.236064625	1.292036612	1.203859704	1.2013074	1.259595908	1.424784191	1.252304035	1.270451075	1.289818152	1.181906419	1.245206209	1.255636891	1.347461532	1.27352692	1.236381598	1.295490188	1.307723001	1.244177257	1.173510015	1.223074999	1.216081169	1.269756069	1.212188015	1.246346319	1.300851866	1.299290287	1.343260358	1.186301957	1.316022654	1.220102038	1.237954054	1.188286287	1.258726481
S007	1.197539576	1.266478725	1.356725993	1.306833139	1.279549994	1.157906029	0	1.1173489	1.304087446	1.278218991	1.355769696	1.245964241	1.244577933	1.383868027	1.208011414	1.265048103	1.322674123	1.323130359	1.209740181	1.254452433	1.35047202	1.272479584	1.246103691	1.344659544	1.238207296	1.281914366	1.218924283	1.360991158	1.256388309	1.221483809	1.332163368	1.266933344	1.353536847	1.18465326	1.220673138	1.296039992	1.367200438	1.345483311	1.386939395	1.329086421	1.178525272	1.329312955	1.237841555	1.263339774	1.316722754	1.223843831	1.257083056	1.297579238	1.279432752	1.354316487	1.29494069	1.308179677	1.161652107	1.358261913	1.366713474	1.210948889	1.30692174	1.346715069	1.333113778	1.355657467	1.252524728	1.293943103	1.279899281	1.194131412	1.276772942	1.326410446	1.249430571	1.285689116	1.341144079	1.238872659	1.294076221	1.213023695	1.332663414	1.30658689	1.256654864	1.319197267	1.214012612	1.231832102	1.269195486	1.403207879	1.226620501	1.137464179	1.324534395	1.290669334	1.327657794	1.172114608	1.229707742	1.275158104	1.257311258	1.271206886	1.294130548	1.163222529	1.26632962	1.330809851	1.203087512	1.304632625	1.195753793	1.247606833	1.265419962	1.294481934
S008	1.185049454	1.206046681	1.264221703	1.312720249	1.214585014	1.277210193	1.1173489	0	1.286975946	1.219514347	1.403988204	1.152328371	1.209729569	1.367646649	1.246560942	1.256957397	1.333192389	1.283152243	1.206322337	1.184349149	1.300449926	1.189255164	1.331962837	1.29043323	1.218852476	1.218038064	1.203148071	1.295730502	1.326583433	1.273690673	1.238301768	1.277762438	1.339088939	1.261159764	1.153114688	1.332907024	1.19077478	1.311044757	1.296765405	1.290214105	1.131889434	1.258277955	1.263816683	1.202615218	1.273183168	1.223193231	1.230498322	1.352368814	1.300365142	1.289310539	1.277633142	1.226323337	1.085644521	1.393927359	1.367627044	1.161106581	1.337949134	1.353262495	1.32253143	1.346295497	1.260402392	1.255404985	1.177355715	1.198131104	1.267373476	1.277429414	1.183151841	1.172220436	1.245617697	1.148265573	1.268609493	1.229799283	1.379830202	1.257826122	1.316754632	1.290889905	1.199849188	1.26865043	1.254291042	1.310473187	1.229044459	1.140913899	1.320896033	1.281502762	1.269874508	1.215067634	1.25975146	1.251462758	1.244028204	1.215645714	1.240499926	1.241785589	1.251301332	1.335290973	1.203076662	1.252086667	1.207158023	1.308303579	1.174144034	1.206686072
S009	1.3094874	1.327676331	1.369306373	1.349141759	1.41884236	1.308229975	1.304087446	1.286975946	0	1.284900487	1.365676114	1.261763617	1.336820651	1.411327173	1.268844864	1.259898323	1.377275695	1.367124347	1.271987929	1.292524971	1.414496034	1.340601004	1.374843069	1.361404588	1.31605873	1.343626864	1.282713363	1.354671596	1.347776053	1.270623845	1.389384674	1.364589644	1.389214327	1.333427902	1.347038118	1.39843971	1.455362898	1.376723651	1.412555757	1.325983887	1.259830168	1.410697553	1.352150197	1.307296794	1.351623278	1.387120527	1.251075054	1.318706646	1.323785	1.386834491	1.309642138	1.314141593	1.287144937	1.437670395	1.3832626	1.266580377	1.328117822	1.356025711	1.28417527	1.359138137	1.350670942	1.316056313	1.277284699	1.302180144	1.334088298	1.377188052	1.304434847	1.369995964	1.371939217	1.268761553	1.326535957	1.337563081	1.48835582	1.34827689	1.330362712	1.238478091	1.23468999	1.306079948	1.340489052	1.398040745	1.304115053	1.233219831	1.329080523	1.42360638	1.387523446	1.301871636	1.393203202	1.2976837	1.275911606	1.356902124	1.307697404	1.362593285	1.370191704	1.445364397	1.277178172	1.329353495	1.323582457	1.356529475	1.239900124	1.34699523
S010	1.275932105	1.233192988	1.350798402	1.303339644	1.360526137	1.269397026	1.278218991	1.219514347	1.284900487	0	1.362562661	1.261032346	1.282268512	1.409704726	1.231680497	1.232351712	1.413789932	1.270964704	1.164339864	1.25110301	1.318707553	1.208344923	1.34333683	1.289103513	1.279233321	1.209234503	1.280549128	1.339630123	1.312157818	1.2702912	1.328143489	1.291735865	1.357440222	1.369133969	1.216648133	1.355372715	1.324887401	1.338923058	1.391142056	1.235230024	1.257529707	1.398123128	1.293003476	1.283974929	1.290946219	1.318500358	1.258154767	1.345121817	1.262949349	1.381243412	1.321786087	1.286480488	1.238187718	1.399805224	1.406528009	1.25474584	1.330515397	1.344039324	1.375484031	1.296637496	1.336091733	1.272184084	1.285592398	1.258732893	1.281905577	1.369734349	1.324146524	1.230141827	1.38551769	1.221145972	1.278555004	1.307807832	1.391273885	1.232026885	1.322422575	1.270295488	1.274902439	1.360971195	1.301335483	1.323063936	1.312195208	1.255587688	1.36037414	1.302906675	1.342228715	1.228326353	1.345044207	1.305706355	1.304492429	1.263871343	1.271429409	1.250919928	1.307565587	1.431994248	1.300773251	1.30727484	1.19222087	1.300427224	1.279975173	1.321436383
S011	1.367755206	1.342715063	1.401080301	1.360738939	1.458356078	1.309227269	1.355769696	1.403988204	1.365676114	1.362562661	0	1.294123363	1.340456693	1.442404359	1.27980269	1.339537487	1.348355443	1.410568349	1.317266637	1.353417751	1.359540638	1.324131808	1.386679219	1.335496466	1.342980676	1.3235476	1.436793013	1.392610654	1.368932637	1.348373853	1.294345402	1.35147805	1.364409107	1.301037172	1.362958892	1.47938379	1.482057904	1.371095871	1.415517259	1.302910143	1.279818172	1.401414589	1.360459505	1.336028892	1.322709036	1.370758219	1.390045878	1.360713066	1.368124676	1.463614989	1.31914491	1.357237511	1.274534809	1.461138213	1.372152824	1.327192341	1.433425504	1.426126275	1.27817131	1.389426197	1.356642268	1.307274083	1.419891175	1.27667038	1.310133612	1.411344334	1.339038597	1.356871338	1.397829007	1.363889631	1.296664259	1.365890407	1.425822706	1.315688008	1.339246046	1.418248421	1.389747972	1.332174562	1.417405444	1.458518697	1.375280127	1.411913117	1.410542339	1.40985416	1.355211784	1.330466416	1.391563954	1.36457989	1.406526868	1.354398368	1.301885006	1.350250669	1.340346236	1.382604145	1.313828548	1.381767607	1.354592109	1.320634125	1.346387912	1.381309902
S012	1.220911957	1.289776208	1.289279122	1.286351574	1.341815751	1.234678194	1.245964241	1.152328371	1.261763617	1.261032346	1.294123363	0	1.21815081	1.343755622	1.201966841	1.245797006	1.360555066	1.277697406	1.206852374	1.257922562	1.315781129	1.277974003	1.28767417	1.292824927	1.296869761	1.241640163	1.292939276	1.268302047	1.315399314	1.210597082	1.272531055	1.302388521	1.33726742	1.300737391	1.239574855	1.367090907	1.300227639	1.248380054	1.411801492	1.269187038	1.203682025	1.248326228	1.238168124	1.249831159	1.316807793	1.253610942	1.233707455	1.349277783	1.239776261	1.289158338	1.303755975	1.288685154	1.19729354	1.408782908	1.305703343	1.184970752	1.303149599	1.299275562	1.327603395	1.304962116	1.215801747	1.311480904	1.272886502	1.219198407	1.303544613	1.231840779	1.177474742	1.283113979	1.350456528	1.186408152	1.273537282	1.24248484	1.398368459	1.201062113	1.204169193	1.296416616	1.252481539	1.303576065	1.349577625	1.392313568	1.284117618	1.227148152	1.284118302	1.290279489	1.255453043	1.209228345	1.303696749	1.228714917	1.216673997	1.281964225	1.283243799	1.263288456	1.272270817	1.33030002	1.280193429	1.301873106	1.192574994	1.269307172	1.209625221	1.284643989
S013	1.276538291	1.26222437	1.319418724	1.324457708	1.307161331	1.178848402	1.244577933	1.209729569	1.336820651	1.282268512	1.340456693	1.21815081	0	1.484161564	1.205428935	1.214987554	1.316958114	1.327207038	1.24022802	1.263142032	1.309131543	1.278290213	1.250293166	1.243537515	1.257799939	1.234101095	1.26076878	1.263859545	1.298730734	1.38917842	1.247340385	1.300304309	1.300604878	1.291949095	1.186757681	1.342234577	1.386672029	1.294536364	1.295150616	1.27168297	1.152094835	1.344042798	1.292543582	1.275722265	1.250274261	1.295540154	1.235683137	1.235876537	1.268917179	1.297373926	1.333274327	1.287149124	1.227262038	1.399419716	1.364056955	1.203348956	1.358004617	1.316489582	1.374095431	1.282615694	1.233018527	1.254310588	1.25929699	1.165249301	1.187119765	1.275708261	1.189433868	1.216708195	1.230908458	1.25411675	1.183853344	1.213344628	1.405125535	1.163262033	1.304092705	1.325581636	1.192525651	1.261515795	1.301497551	1.332336264	1.236078902	1.281951594	1.240685088	1.405020361	1.246276855	1.184591573	1.310806619	1.235783365	1.217484479	1.216408235	1.263340477	1.274459758	1.261231919	1.328646826	1.161856957	1.289739462	1.179871354	1.23333792	1.218310165	1.321959709
S014	1.398903015	1.37759157	1.417499954	1.539176184	1.463438053	1.401747524	1.383868027	1.367646649	1.411327173	1.409704726	1.442404359	1.343755622	1.484161564	0	1.347480667	1.342589926	1.402366982	1.471900518	1.41078997	1.338058236	1.414350153	1.360120609	1.423177264	1.436346397	1.438042041	1.312456111	1.414630862	1.454434269	1.432553272	1.33240211	1.396718357	1.383009237	1.4474786	1.376864493	1.409212041	1.438482401	1.531289717	1.472238566	1.476302796	1.33102842	1.367712363	1.403805564	1.487897138	1.407300775	1.466814463	1.403408672	1.367281107	1.471830261	1.395051401	1.395070838	1.422043705	1.45137438	1.336381456	1.406847972	1.373777463	1.291303584	1.441797373	1.460359294	1.398843197	1.476577758	1.380833781	1.453172342	1.408228394	1.330300615	1.480743355	1.408280673	1.305257078	1.412929141	1.4415682	1.366701358	1.384981436	1.382788992	1.438527931	1.439963899	1.396193829	1.456021924	1.364858409	1.386197161	1.417813689	1.503317818	1.419409448	1.307786118	1.46338443	1.422659657	1.425420005	1.397327377	1.389076693	1.356479513	1.322585995	1.445556485	1.412924755	1.435136862	1.363249105	1.482107672	1.381036683	1.405671662	1.302106528	1.456807514	1.404373703	1.388109231
S015	1.245195474	1.183672981	1.228297679	1.295276257	1.332677416	1.228941091	1.208011414	1.246560942	1.268844864	1.231680497	1.27980269	1.201966841	1.205428935	1.347480667	0	1.206848115	1.333261861	1.234245789	1.209861709	1.159958467	1.294598778	1.218919024	1.256355565	1.266266706	1.261196228	1.227254346	1.178998069	1.283480894	1.361728619	1.260516959	1.208683874	1.280720384	1.300497547	1.275241892	1.174263202	1.28109718	1.374527508	1.260471661	1.286501461	1.193286009	1.180887458	1.290208477	1.227746825	1.234531392	1.24553133	1.225702247	1.232530808	1.317000556	1.172615298	1.206000127	1.227287242	1.216776439	1.160019151	1.358517975	1.298315448	1.236012375	1.314983976	1.302353807	1.189805838	1.301147773	1.178911964	1.224479869	1.310609053	1.236741886	1.176234138	1.321716522	1.244458679	1.23743534	1.239643057	1.174495837	1.194954483	1.236920167	1.34821086	1.242236004	1.253037254	1.317754587	1.218666592	1.26395647	1.191641696	1.358062899	1.215239257	1.231690527	1.285950991	1.313447164	1.195634204	1.156087616	1.389600154	1.145268372	1.264800914	1.207422722	1.29208704	1.197380565	1.24726639	1.292841647	1.183995132	1.205040635	1.212713965	1.311390397	1.220210322	1.245824562
S016	1.265100603	1.245086756	1.22577363	1.309152082	1.323997647	1.207363378	1.265048103	1.256957397	1.259898323	1.232351712	1.339537487	1.245797006	1.214987554	1.342589926	1.206848115	0	1.409425502	1.22381072	1.264949762	1.16658164	1.298398763	1.263810997	1.28230345	1.247622615	1.266830479	1.287261963	1.275455242	1.302655349	1.344777688	1.206320346	1.300555767	1.340755561	1.368734448	1.294229227	1.144049281	1.324141665	1.322180701	1.302757488	1.332136262	1.20537352	1.210017303	1.278980302	1.312140116	1.251924235	1.299470191	1.224370978	1.228004897	1.246426467	1.280247215	1.291883546	1.171398151	1.227118808	1.172745222	1.370904208	1.275434381	1.185897054	1.307805397	1.285800486	1.250550955	1.303189592	1.246683945	1.185264714	1.327897282	1.205944123	1.262890965	1.416628317	1.217467616	1.326229993	1.27027147	1.154276954	1.213757476	1.25972488	1.382153815	1.257295809	1.213262779	1.305258418	1.185506349	1.262421699	1.226294457	1.437145368	1.268108708	1.227436284	1.350319938	1.254016417	1.271322493	1.190624857	1.260467729	1.240957885	1.294470309	1.268685171	1.313269671	1.228259868	1.267437635	1.379848798	1.213108813	1.230797022	1.16227476	1.270337794	1.226533399	1.293057133
S017	1.354347765	1.346344986	1.449273778	1.404318936	1.363162135	1.315216452	1.322674123	1.333192389	1.377275695	1.413789932	1.348355443	1.360555066	1.316958114	1.402366982	1.333261861	1.409425502	0	1.416077286	1.345324626	1.312867706	1.381916643	1.275656327	1.408576038	1.449234489	1.294997483	1.311562349	1.321419016	1.376781017	1.312581582	1.339572658	1.368542201	1.381309977	1.493315462	1.414991011	1.275940201	1.439760023	1.488775079	1.433059176	1.453603388	1.316610434	1.271943593	1.443186898	1.406958284	1.352710039	1.370930269	1.353234234	1.377509753	1.444283139	1.322165529	1.420671944	1.312955767	1.356881636	1.322639648	1.47532419	1.312831715	1.410104612	1.400830881	1.455707378	1.327666787	1.358333216	1.340278177	1.375436832	1.395497348	1.321079227	1.371674149	1.451250149	1.354559828	1.348261547	1.435056138	1.376222202	1.331792528	1.41365584	1.440433613	1.331403927	1.408916837	1.424070026	1.337961253	1.440819951	1.355935979	1.419723188	1.384421612	1.314949816	1.363573472	1.421594781	1.463292763	1.313586497	1.343979001	1.340294559	1.381886195	1.376054773	1.299771187	1.251478344	1.381714985	1.401695348	1.397382497	1.325129186	1.313083184	1.36863663	1.333339297	1.397492245
S018	1.255681537	1.253603454	1.408885814	1.325042952	1.386475893	1.253892104	1.323130359	1.283152243	1.367124347	1.270964704	1.410568349	1.277697406	1.327207038	1.471900518	1.234245789	1.22381072	1.416077286	0	1.303784526	1.304488432	1.388566611	1.344595969	1.359939262	1.370654975	1.366352519	1.312095045	1.313011816	1.359626659	1.34944768	1.224579996	1.347259867	1.355777821	1.431692064	1.398702177	1.289537899	1.359290359	1.373378343	1.375220844	1.375423038	1.298461956	1.244221139	1.353185074	1.419106198	1.314687993	1.368970927	1.314571966	1.349189675	1.288877393	1.316177123	1.380111878	1.310239675	1.279369758	1.292847138	1.401970732	1.429526003	1.286641882	1.379482083	1.359281442	1.280926091	1.392979864	1.273703429	1.241459058	1.372487698	1.338910391	1.258549193	1.429919301	1.26652581	1.318518293	1.368836912	1.272407958	1.27253586	1.339807798	1.408076759	1.319769665	1.276043449	1.323036736	1.267776991	1.330638767	1.376717141	1.412741242	1.32013008	1.2785513	1.400811614	1.377856853	1.393446851	1.285098407	1.416971245	1.266594003	1.342153685	1.319201045	1.288267573	1.350990006	1.293312571	1.400877574	1.266703725	1.347024196	1.304852746	1.326940112	1.305546291	1.330186921
S019	1.290990013	1.234367732	1.27130867	1.29530407	1.368562751	1.265609406	1.209740181	1.206322337	1.271987929	1.164339864	1.317266637	1.206852374	1.24022802	1.41078997	1.209861709	1.264949762	1.345324626	1.303784526	0	1.23663792	1.250985575	1.185053053	1.283624148	1.287165331	1.291131341	1.162574401	1.272122858	1.335391497	1.234928856	1.280557342	1.272418247	1.261226019	1.250334902	1.260753957	1.220870345	1.320439397	1.314157169	1.28400762	1.314211496	1.307431504	1.226647421	1.28179912	1.301937168	1.263004383	1.248743627	1.256207716	1.274823511	1.282130907	1.239222463	1.279507298	1.193726271	1.219504108	1.239448488	1.338523974	1.331300203	1.235107536	1.403737291	1.317547096	1.272975869	1.256560408	1.346055945	1.24331876	1.288677818	1.282242893	1.231861897	1.348248903	1.158512292	1.240634177	1.36540749	1.255317714	1.270829646	1.2267286	1.335578545	1.240646161	1.373236725	1.400030378	1.291469347	1.274485861	1.248669529	1.247595578	1.303793754	1.207915838	1.327663534	1.276144645	1.276532447	1.244991791	1.254805343	1.214591895	1.310364073	1.200134311	1.268785393	1.197263004	1.327467089	1.37563905	1.188819627	1.337085378	1.189480144	1.303863852	1.203321159	1.226426375
S020	1.196504993	1.225906058	1.234431528	1.314046768	1.343631705	1.113453234	1.254452433	1.184349149	1.292524971	1.25110301	1.353417751	1.257922562	1.263142032	1.338058236	1.159958467	1.16658164	1.312867706	1.304488432	1.23663792	0	1.261723197	1.205151901	1.296122846	1.289203307	1.209557925	1.271213785	1.234563336	1.319315039	1.306440942	1.232790224	1.267182683	1.232947629	1.275744844	1.307001305	1.236080397	1.263595065	1.372962363	1.265285184	1.35706047	1.28823129	1.172844441	1.270765072	1.339140208	1.274520201	1.278100207	1.220335406	1.206114843	1.311764925	1.186863747	1.240030474	1.253760951	1.189003388	1.191317116	1.378521308	1.241237489	1.20839968	1.235276353	1.322476782	1.213119203	1.323741056	1.212396371	1.323871324	1.275864726	1.238543617	1.241826145	1.272128253	1.228556044	1.218666309	1.324583256	1.184556518	1.25237979	1.205725734	1.321340575	1.285018651	1.279308405	1.32909944	1.215495183	1.213053303	1.247672783	1.353055456	1.282087994	1.18453474	1.38057629	1.252181287	1.238911567	1.166839167	1.259187389	1.176291861	1.221879479	1.278614723	1.229800409	1.209721848	1.284891365	1.367267608	1.183255325	1.28801998	1.243964382	1.323726186	1.225185941	1.306054743
S021	1.233627478	1.256389969	1.375464369	1.432531719	1.390104284	1.327949629	1.35047202	1.300449926	1.414496034	1.318707553	1.359540638	1.315781129	1.309131543	1.414350153	1.294598778	1.298398763	1.381916643	1.388566611	1.250985575	1.261723197	0	1.262048072	1.246821827	1.31910458	1.404734038	1.28388437	1.354551751	1.359269874	1.403126943	1.329272135	1.352415752	1.35658465	1.404432689	1.351015548	1.25666869	1.461899482	1.375996954	1.401067147	1.446924367	1.288577079	1.286641914	1.358243581	1.364670117	1.297572356	1.304369524	1.361065657	1.317329192	1.457405544	1.34623969	1.391572173	1.336505906	1.394727143	1.277845819	1.362604411	1.372339928	1.242071765	1.423748978	1.325455663	1.327929718	1.323767471	1.353240114	1.279479129	1.317184471	1.265845942	1.25981738	1.369747232	1.290645401	1.312559966	1.300269683	1.239354451	1.281907347	1.317876079	1.413029134	1.294078128	1.354563568	1.387724461	1.27428703	1.337865256	1.248290812	1.290936947	1.323862915	1.336972753	1.369004165	1.377444332	1.33279989	1.251328918	1.377299884	1.287933898	1.349583178	1.23544926	1.280063768	1.353474299	1.243824208	1.430687413	1.253473226	1.316098685	1.339853943	1.322594803	1.246315418	1.28458931
S022	1.254465338	1.202565539	1.288124403	1.305784179	1.33993646	1.248085289	1.272479584	1.189255164	1.340601004	1.208344923	1.324131808	1.277974003	1.278290213	1.360120609	1.218919024	1.263810997	1.275656327	1.344595969	1.185053053	1.205151901	1.262048072	0	1.203110825	1.329764776	1.265328138	1.268370544	1.269830117	1.369709692	1.334860473	1.280516093	1.269900638	1.342458936	1.264747269	1.28428821	1.278540066	1.379400596	1.369357796	1.291212989	1.308619999	1.301346857	1.223122222	1.315457775	1.292540341	1.260673414	1.25000276	1.196070099	1.269286062	1.34315871	1.285278924	1.304098719	1.27442475	1.314011277	1.199053143	1.377880305	1.327663528	1.186209223	1.31635966	1.326673733	1.331170036	1.269507999	1.317538298	1.216157493	1.282088227	1.204477484	1.258703716	1.372312672	1.249642503	1.261462456	1.378434315	1.284076197	1.226611715	1.243196581	1.380711728	1.316749388	1.347299866	1.330025513	1.242653388	1.310241232	1.186569072	1.309945015	1.246921219	1.191695805	1.341354051	1.361254796	1.332441676	1.181713404	1.301930382	1.231924012	1.230904186	1.210195286	1.304581666	1.220188891	1.317301456	1.298718631	1.289317474	1.258484607	1.256277467	1.304161973	1.23685344	1.307931908
S023	1.302513297	1.304289916	1.354338896	1.42248371	1.416590709	1.311393714	1.246103691	1.331962837	1.374843069	1.34333683	1.386679219	1.28767417	1.250293166	1.423177264	1.256355565	1.28230345	1.408576038	1.359939262	1.283624148	1.296122846	1.246821827	1.203110825	0	1.284149067	1.337795413	1.300593047	1.370136228	1.363890999	1.466809556	1.3111481	1.274104509	1.334981871	1.348417076	1.278876607	1.228357991	1.362013157	1.411331623	1.385182316	1.43069372	1.344291618	1.349659397	1.297274938	1.348211076	1.254109353	1.384837187	1.345415346	1.316387615	1.312347811	1.339932133	1.333745198	1.422239019	1.36612513	1.236100258	1.406954524	1.336808405	1.289235616	1.298673029	1.373108648	1.350544681	1.397524162	1.260514501	1.311009538	1.335597338	1.245915041	1.300649339	1.321293037	1.281433708	1.316596689	1.390644368	1.336477828	1.262076654	1.297171044	1.396313423	1.281461081	1.291443291	1.35844523	1.277311119	1.332124029	1.288516667	1.35281411	1.312664924	1.196277272	1.37599046	1.333260715	1.357505107	1.189360895	1.409923719	1.233358245	1.233855533	1.306659235	1.266073121	1.24597818	1.279471957	1.342383296	1.321155689	1.355104968	1.246418452	1.33270745	1.299349205	1.367802603
S024	1.30564812	1.273205285	1.381556379	1.444684359	1.36220702	1.345227215	1.344659544	1.29043323	1.361404588	1.289103513	1.335496466	1.292824927	1.243537515	1.436346397	1.266266706	1.247622615	1.449234489	1.370654975	1.287165331	1.289203307	1.31910458	1.329764776	1.284149067	0	1.328722754	1.295986114	1.379326003	1.290902518	1.401575021	1.395996825	1.30257086	1.414402024	1.350766987	1.3239348	1.281228672	1.455595332	1.351326262	1.455234761	1.362407279	1.279868223	1.245781608	1.325556975	1.398334559	1.360905036	1.3089343	1.292992215	1.382664798	1.362822882	1.356423868	1.428171445	1.334363578	1.355618713	1.265226983	1.382803689	1.426147478	1.285950451	1.353392306	1.387001991	1.387868046	1.300142775	1.337684288	1.236505085	1.374877525	1.22551937	1.287606908	1.373299172	1.334805949	1.342537468	1.289475567	1.374331813	1.271468381	1.297756003	1.37196783	1.340539872	1.303036676	1.298483913	1.281570226	1.336662986	1.267124798	1.438487503	1.339235113	1.277350027	1.347196841	1.34222439	1.379815264	1.259872782	1.350878708	1.24126915	1.248701342	1.324238568	1.370743394	1.272074073	1.301467326	1.447403573	1.25369748	1.333587545	1.289440215	1.343615369	1.297463254	1.335488186
S025	1.217544606	1.259860761	1.322609427	1.359015457	1.306183646	1.253781601	1.238207296	1.218852476	1.31605873	1.279233321	1.342980676	1.296869761	1.257799939	1.438042041	1.261196228	1.266830479	1.294997483	1.366352519	1.291131341	1.209557925	1.404734038	1.265328138	1.337795413	1.328722754	0	1.258587118	1.290937695	1.305452094	1.327748583	1.296677807	1.34067492	1.347318164	1.334671543	1.30560146	1.208054658	1.363567884	1.329841306	1.333417531	1.317699101	1.298534485	1.243691318	1.376983791	1.312933401	1.2712726	1.319329206	1.327787607	1.267821826	1.325065606	1.318184974	1.365282893	1.220220708	1.349194209	1.239401357	1.415432157	1.322099324	1.245337411	1.343441328	1.375897419	1.292342046	1.311592865	1.238381528	1.371685073	1.268396579	1.280230346	1.25637819	1.31981722	1.304923651	1.265347842	1.359043743	1.333675061	1.238601399	1.308428083	1.371739142	1.235599824	1.32407349	1.395332951	1.181248318	1.315315654	1.289997528	1.435016191	1.241566783	1.194187895	1.364124177	1.32002871	1.287953276	1.239008944	1.319942772	1.243268664	1.260781174	1.24766196	1.311868348	1.252502521	1.23281762	1.332214149	1.244620504	1.297332517	1.258799233	1.270708455	1.257671106	1.250238306
S026	1.238493038	1.240773075	1.300510201	1.366996721	1.288933146	1.251765197	1.281914366	1.218038064	1.343626864	1.209234503	1.3235476	1.241640163	1.234101095	1.312456111	1.227254346	1.287261963	1.311562349	1.312095045	1.162574401	1.271213785	1.28388437	1.268370544	1.300593047	1.295986114	1.258587118	0	1.298747721	1.21620057	1.306466817	1.322023319	1.260446544	1.189570066	1.300190217	1.33538149	1.240032252	1.26099513	1.332612404	1.290737913	1.379430975	1.325378953	1.184591764	1.351765235	1.346993863	1.2314372	1.349643566	1.281576555	1.21030094	1.32712582	1.291613998	1.293101965	1.33682978	1.276822435	1.228456755	1.351698841	1.345038678	1.245540609	1.380892226	1.293564045	1.292020546	1.360555673	1.264778826	1.305832537	1.297588357	1.260482466	1.263617324	1.303969854	1.225802907	1.241737698	1.312746743	1.268728333	1.257406873	1.239902919	1.399323686	1.213561186	1.255662626	1.349567131	1.22214401	1.329209354	1.315593446	1.308313049	1.263060655	1.207818147	1.268257765	1.297209328	1.308739352	1.195682776	1.318612438	1.223527648	1.225516834	1.261944436	1.244665418	1.246500351	1.268121018	1.331046573	1.231483452	1.260752639	1.189780805	1.233383203	1.256257294	1.313892948
S027	1.257709979	1.316686038	1.367723742	1.37850399	1.300013573	1.204442546	1.218924283	1.203148071	1.282713363	1.280549128	1.436793013	1.292939276	1.26076878	1.414630862	1.178998069	1.275455242	1.321419016	1.313011816	1.272122858	1.234563336	1.354551751	1.269830117	1.370136228	1.379326003	1.290937695	1.298747721	0	1.438187223	1.339603806	1.278421386	1.324709357	1.280277959	1.374492028	1.307317663	1.256284313	1.343973799	1.396843377	1.288426114	1.363095368	1.309200842	1.209581607	1.301924592	1.247746128	1.287880871	1.322992377	1.25530391	1.225218367	1.382954427	1.320046219	1.30877987	1.270215299	1.303885154	1.231008928	1.422869962	1.391887123	1.270132854	1.297056295	1.378491798	1.245310235	1.377165934	1.336346663	1.298497016	1.293530626	1.234562989	1.258795963	1.415388535	1.250511528	1.294603015	1.322828442	1.233869512	1.219409612	1.241569968	1.306170061	1.319043037	1.353225009	1.304475528	1.200119071	1.250583877	1.244554099	1.436645478	1.282449366	1.214557438	1.303524838	1.267502633	1.353756085	1.230084401	1.386947821	1.254990751	1.240640047	1.279705921	1.202221523	1.318616108	1.336619507	1.37637993	1.214949515	1.280609056	1.207145618	1.299536034	1.235587783	1.342806335
S028	1.336656938	1.262291597	1.365639715	1.399893935	1.413929048	1.333391399	1.360991158	1.295730502	1.354671596	1.339630123	1.392610654	1.268302047	1.263859545	1.454434269	1.283480894	1.302655349	1.376781017	1.359626659	1.335391497	1.319315039	1.359269874	1.369709692	1.363890999	1.290902518	1.305452094	1.21620057	1.438187223	0	1.277756639	1.293201117	1.336541118	1.371566864	1.411684677	1.316957744	1.318536422	1.439191424	1.479819298	1.378581769	1.392134935	1.353772467	1.339990202	1.330823377	1.383614371	1.331094558	1.42627422	1.373373681	1.29794866	1.37609405	1.359872708	1.427566835	1.380972828	1.349818861	1.245683011	1.378058063	1.365221422	1.270305845	1.393830424	1.323466829	1.318522328	1.398226517	1.333368226	1.388183107	1.342156103	1.318977038	1.330211424	1.405813442	1.351658667	1.386873992	1.376266285	1.333056729	1.287667103	1.309907189	1.512772078	1.29513488	1.29139144	1.383816989	1.356049992	1.347786408	1.280623744	1.378264505	1.310556373	1.317880241	1.367767749	1.464694118	1.427237528	1.302567288	1.411294786	1.291210866	1.336052004	1.351144586	1.302281098	1.342978417	1.294726638	1.479943423	1.358045682	1.297629999	1.333032255	1.293440029	1.287725256	1.30380607
S029	1.311072643	1.350748308	1.405080254	1.312391622	1.373396765	1.322565502	1.256388309	1.326583433	1.347776053	1.312157818	1.368932637	1.315399314	1.298730734	1.432553272	1.361728619	1.344777688	1.312581582	1.34944768	1.234928856	1.306440942	1.403126943	1.334860473	1.466809556	1.401575021	1.327748583	1.306466817	1.339603806	1.277756639	0	1.344182422	1.269858947	1.336731863	1.382910682	1.368974709	1.287344915	1.394137137	1.260427637	1.371673118	1.395832554	1.278324234	1.252928723	1.355705778	1.366816902	1.339462321	1.395384931	1.334288062	1.379059519	1.340324773	1.362361861	1.428936794	1.331792739	1.302294982	1.32930675	1.424595664	1.457285585	1.338767032	1.374358829	1.375850648	1.357288199	1.35732635	1.318691141	1.367888816	1.411592842	1.293663263	1.328696303	1.435374773	1.266876678	1.388612221	1.376669242	1.309363216	1.367542026	1.356371498	1.491464719	1.256389115	1.378888911	1.43905469	1.331069657	1.314227233	1.373875263	1.375928344	1.39174946	1.2520545	1.34623034	1.334485801	1.287809377	1.294808249	1.429073759	1.267969739	1.415464023	1.302417139	1.246606729	1.31144811	1.368040681	1.367425284	1.246347797	1.382815202	1.31689126	1.317866822	1.297407583	1.367014661
S030	1.218027609	1.289787674	1.284697502	1.396205456	1.399939895	1.23369335	1.221483809	1.273690673	1.270623845	1.2702912	1.348373853	1.210597082	1.38917842	1.33240211	1.260516959	1.206320346	1.339572658	1.224579996	1.280557342	1.232790224	1.329272135	1.280516093	1.3111481	1.395996825	1.296677807	1.322023319	1.278421386	1.293201117	1.344182422	0	1.299734961	1.276408255	1.361769564	1.337186037	1.266208491	1.341649053	1.422052155	1.363324726	1.40794525	1.196520954	1.223738571	1.286199642	1.333808974	1.274297577	1.306337293	1.27851921	1.271787545	1.304330783	1.313851677	1.346539746	1.295918957	1.29635721	1.182853112	1.34206739	1.385341855	1.25038482	1.323934651	1.284840942	1.220390967	1.305006156	1.259580613	1.341615964	1.334712422	1.278988085	1.181922301	1.379879573	1.275151426	1.345248893	1.335389686	1.232523616	1.308695778	1.24765057	1.380775647	1.284591813	1.255385461	1.410404786	1.238862377	1.288887105	1.331118929	1.347792196	1.28445148	1.217858856	1.363833604	1.295577489	1.355434799	1.193755417	1.310699433	1.267894799	1.260896311	1.233815905	1.269136761	1.291604226	1.284028849	1.32028029	1.248781671	1.195334466	1.266031928	1.318414354	1.279679743	1.228053489
S031	1.272765606	1.241730835	1.344304763	1.296105531	1.39163645	1.331730119	1.332163368	1.238301768	1.389384674	1.328143489	1.294345402	1.272531055	1.247340385	1.396718357	1.208683874	1.300555767	1.368542201	1.347259867	1.272418247	1.267182683	1.352415752	1.269900638	1.274104509	1.30257086	1.34067492	1.260446544	1.324709357	1.336541118	1.269858947	1.299734961	0	1.36179408	1.290990709	1.353128632	1.312212458	1.275093142	1.366335398	1.289165543	1.416526691	1.301962261	1.232131042	1.224093245	1.334369925	1.209489458	1.312351182	1.281271503	1.34313276	1.305200232	1.266370098	1.343076029	1.302257726	1.234226135	1.237700255	1.346395311	1.366462972	1.247621227	1.34319261	1.370683497	1.319420824	1.277225427	1.318484862	1.335401581	1.298832821	1.25246081	1.255235336	1.267423496	1.236296119	1.312314866	1.292366751	1.369865835	1.231186981	1.305587751	1.38198028	1.26015341	1.387982956	1.333637811	1.317030888	1.256599722	1.315773842	1.399300603	1.321024657	1.257906707	1.344321005	1.290760934	1.321944446	1.291583712	1.3572249	1.177741246	1.300327578	1.30570146	1.286410788	1.248713449	1.285342506	1.417645637	1.298525682	1.267243969	1.266231459	1.315086343	1.343911126	1.337092582
S032	1.290204826	1.273774181	1.319949341	1.394971705	1.334519386	1.273650551	1.266933344	1.277762438	1.364589644	1.291735865	1.35147805	1.302388521	1.300304309	1.383009237	1.280720384	1.340755561	1.381309977	1.355777821	1.261226019	1.232947629	1.35658465	1.342458936	1.334981871	1.414402024	1.347318164	1.189570066	1.280277959	1.371566864	1.336731863	1.276408255	1.36179408	0	1.369736185	1.258845344	1.262533832	1.387733736	1.43265312	1.384024563	1.331911203	1.319905121	1.237577668	1.374461941	1.360135523	1.243785858	1.33514231	1.297977321	1.241320894	1.386725844	1.294352436	1.430537905	1.351624456	1.281588123	1.302600497	1.406173075	1.430665288	1.248085551	1.380913838	1.442118089	1.301986814	1.296795441	1.2749269	1.367448345	1.338742453	1.287494654	1.374395764	1.317731466	1.337276167	1.30509287	1.308726953	1.256135961	1.243754065	1.311480119	1.49687646	1.268515018	1.392663686	1.411111965	1.247382292	1.336600116	1.378552384	1.368741429	1.289164515	1.224374419	1.390935773	1.345895082	1.36412894	1.289648864	1.360794658	1.275837756	1.304714708	1.30356796	1.272943418	1.363751221	1.2963271	1.402262309	1.3037709	1.312513295	1.247282725	1.341203787	1.265282578	1.315841206
S033	1.403459089	1.309784176	1.32706519	1.334063592	1.400549763	1.260598176	1.353536847	1.339088939	1.389214327	1.357440222	1.364409107	1.33726742	1.300604878	1.4474786	1.300497547	1.368734448	1.493315462	1.431692064	1.250334902	1.275744844	1.404432689	1.264747269	1.348417076	1.350766987	1.334671543	1.300190217	1.374492028	1.411684677	1.382910682	1.361769564	1.290990709	1.369736185	0	1.382624269	1.289014167	1.278390421	1.388551131	1.36135382	1.442347716	1.368484978	1.338718803	1.364711184	1.317151834	1.316898027	1.325842811	1.35907293	1.385422895	1.382809781	1.437757453	1.427183644	1.433219563	1.40472332	1.255076394	1.411767208	1.367909801	1.3498636	1.385545701	1.440686652	1.403555033	1.293605096	1.362008465	1.370192242	1.31731192	1.336714459	1.365076335	1.323772919	1.369188958	1.426211451	1.381241452	1.376617872	1.348482996	1.24740174	1.441170523	1.353545349	1.388507473	1.46925136	1.380230623	1.325393425	1.356847567	1.42464561	1.330966514	1.270377092	1.346045798	1.406440355	1.389401009	1.314921747	1.407125659	1.249109563	1.290052293	1.309516013	1.420628481	1.349222632	1.463938163	1.44869126	1.328810933	1.37693107	1.332716924	1.24495511	1.336507547	1.420881393
