	S001	S002	S003	S004	S005	S006	S007	S008	S009	S010	S011	S012	S013	S014	S015	S016	S017	S018	S019	S020	S021	S022	S023	S024	S025	S026	S027	S028	S029	S030	S031	S032	S033	S034	S035	S036	S037	S038	S039	S040	S041	S042	S043	S044	S045	S046	S047	S048	S049	S050	S051	S052	S053	S054	S055	S056	S057	S058	S059	S060	S061	S062	S063	S064	S065	S066	S067	S068	S069	S070	S071	S072	S073	S074	S075	S076	S077	S078	S079	S080	S081	S082	S083	S084	S085	S086	S087	S088	S089	S090	S091	S092	S093	S094	S095	S096	S097	S098	S099	S100
S001	0	1.594025852	1.585444122	1.726432162	1.692482489	1.616389319	1.679362485	1.618684282	1.697884063	1.624500223	1.642910385	1.679108069	1.613998764	1.681968009	1.645585552	1.642512396	1.641102795	1.607706107	1.662397681	1.724938344	1.60082189	1.583924323	1.597781648	1.62729872	1.663700568	1.595920945	1.643612187	1.631325172	1.579857038	1.649803669	1.692011723	1.59360631	1.635054017	1.676981737	1.609626517	1.568041163	1.679096873	1.647587816	1.648865557	1.699761337	1.608551741	1.728098075	1.678492663	1.619125536	1.656602415	1.515883386	1.664484703	1.574942614	1.603485278	1.658871629	1.526896862	1.622053883	1.506081519	1.651067814	1.604746961	1.610603121	1.699491723	1.718376239	1.639937775	1.620086914	1.598216446	1.664651748	1.582275445	1.57665339	1.621542043	1.624352052	1.689530432	1.703359078	1.713059413	1.682374042	1.602028602	1.656928282	1.655664051	1.588543979	1.538875816	1.691817519	1.6879969	1.658727376	1.739993717	1.696916303	1.675923252	1.687766222	1.629529883	1.627730295	1.646850497	1.653772246	1.600611229	1.590016071	1.714993901	1.643927548	1.680026385	1.648660619	1.72967962	1.522015039	1.602652505	1.627145353	1.730179334	1.632294774	1.709828197	1.589484582
S002	1.594025852	0	1.510454346	1.54443446	1.649574667	1.662566821	1.586430225	1.589770328	1.633232757	1.528216191	1.536399517	1.578322549	1.632588362	1.539696919	1.57969905	1.5605852	1.620045683	1.567710383	1.542468923	1.580903628	1.612343034	1.607298021	1.589300556	1.553070888	1.618693148	1.641764595	1.595794233	1.595115786	1.529476448	1.577705503	1.650693277	1.608658828	1.578053937	1.569497469	1.586109171	1.505515235	1.605642825	1.544744706	1.563265315	1.599897597	1.594870379	1.575534889	1.612658377	1.554829126	1.496208945	1.671591096	1.598252705	1.56835041	1.62945812	1.642596883	1.576620818	1.533452659	1.555530277	1.566848754	1.681354579	1.617215299	1.502430107	1.535355017	1.594264477	1.582820224	1.580809062	1.570103746	1.618986603	1.47526635	1.571079415	1.557800306	1.589401512	1.563707158	1.655250907	1.640547078	1.533754256	1.659920428	1.589340021	1.595729357	1.50685376	1.702110609	1.586577748	1.564902534	1.628234513	1.632105015	1.578853556	1.654805844	1.535920805	1.547722561	1.712616373	1.664200654	1.604416591	1.577558847	1.591593845	1.638763512	1.613125155	1.526852695	1.656912646	1.542413023	1.558525175	1.472703807	1.648845816	1.639749218	1.582662721	1.515501452
S003	1.585444122	1.510454346	0	1.70277212	1.649169283	1.584537929	1.596344705	1.669168236	1.619870785	1.612795553	1.598132301	1.642607269	1.620304702	1.604669947	1.63129993	1.567832446	1.682337163	1.731616629	1.605792067	1.664535264	1.580010274	1.716850477	1.648028038	1.635610432	1.631791756	1.606603423	1.645427195	1.682339634	1.635428046	1.554954157	1.666967335	1.699911878	1.616980059	1.662121063	1.692660067	1.626143039	1.678108611	1.650554444	1.662782143	1.626462719	1.591893491	1.665114267	1.643777563	1.637393868	1.696716793	1.55790309	1.648317713	1.668286248	1.568413312	1.631675233	1.699656522	1.578638681	1.676069603	1.611470954	1.590381689	1.705861727	1.700733181	1.653469585	1.557822597	1.701217276	1.582309206	1.66390352	1.590911515	1.591240956	1.583557063	1.589434016	1.661971564	1.571532594	1.623603573	1.654244946	1.558965396	1.58571883	1.634445561	1.654832227	1.637816102	1.688212743	1.6496154	1.612659706	1.594099225	1.566467731	1.609971506	1.582750546	1.605631767	1.650978971	1.702546387	1.649418898	1.724548633	1.629432761	1.605756477	1.64692147	1.743132829	1.583984233	1.627342618	1.679454921	1.653387463	1.571881961	1.719806786	1.645346278	1.650715461	1.622333256
S004	1.726432162	1.54443446	1.70277212	0	1.730826341	1.754812697	1.704191083	1.702513226	1.641644711	1.690297623	1.678422621	1.666062489	1.589411886	1.640056197	1.663120748	1.581797874	1.669137363	1.694182475	1.606474509	1.73072429	1.679304842	1.650111907	1.682562466	1.66979898	1.662332304	1.541809521	1.583411387	1.623150554	1.55272682	1.759572415	1.608960163	1.716122124	1.625105173	1.675986359	1.629299389	1.610861903	1.713098267	1.719789004	1.639309959	1.714278217	1.633613583	1.609144757	1.635484395	1.739170502	1.648763937	1.69116934	1.619071999	1.543097858	1.603444526	1.688907893	1.65316709	1.658245831	1.598559065	1.633230456	1.745422141	1.708030793	1.664407269	1.712080329	1.650664153	1.691442676	1.656103194	1.683407032	1.624539915	1.51154863	1.695335767	1.652426246	1.615154082	1.623560824	1.661489599	1.709032128	1.650265974	1.702738188	1.653950201	1.664624889	1.63601889	1.780126763	1.662400126	1.716508712	1.692422347	1.652999847	1.693749626	1.78367794	1.645392883	1.669039065	1.698708405	1.681019006	1.686558225	1.668667813	1.623332071	1.70000463	1.725864227	1.723219999	1.768739018	1.577124717	1.657047215	1.662241685	1.710814798	1.715278888	1.639178485	1.609850306
S005	1.692482489	1.649574667	1.649169283	1.730826341	0	1.633369906	1.645235876	1.637720801	1.64879735	1.575490572	1.610741042	1.703300188	1.602709109	1.558749884	1.613061933	1.612779669	1.594860132	1.628988328	1.731247952	1.682452909	1.719054551	1.7120855	1.672409505	1.524004449	1.565236445	1.624615834	1.5970044	1.703596381	1.578856203	1.652710282	1.652830278	1.624036345	1.607987518	1.695344746	1.590287578	1.73662296	1.642903064	1.638586735	1.626579422	1.707784068	1.672632562	1.62087383	1.670714808	1.625801317	1.638129642	1.733463851	1.584044552	1.598768613	1.565754861	1.638290308	1.716577161	1.651497632	1.647038576	1.724266437	1.66901804	1.661188554	1.684156148	1.700817966	1.579885882	1.628846747	1.667929255	1.649427101	1.620081266	1.596658895	1.645973732	1.623453977	1.705495783	1.674076925	1.676632226	1.581716995	1.554181923	1.768756923	1.725815434	1.677196664	1.621856485	1.663752956	1.592426123	1.724851577	1.623016298	1.683233898	1.711937005	1.757962799	1.745861918	1.592421854	1.641269456	1.514142569	1.70294134	1.58510395	1.666889394	1.717574259	1.663555942	1.665670634	1.685849205	1.62258215	1.722061532	1.648404338	1.688510457	1.681464329	1.682239602	1.555380121
S006	1.616389319	1.662566821	1.584537929	1.754812697	1.633369906	0	1.550469178	1.609443823	1.590923634	1.542436602	1.711568562	1.538213748	1.546751855	1.558638334	1.679211741	1.644646199	1.609520772	1.71402371	1.63057583	1.656540329	1.623391691	1.668947458	1.572835145	1.658047533	1.566387843	1.694507682	1.625211932	1.640591379	1.652399735	1.576751426	1.61916589	1.567935821	1.45141228	1.585275448	1.555286276	1.626414996	1.681471702	1.626464927	1.597694742	1.550227698	1.559829474	1.585576654	1.64082976	1.672397823	1.545984074	1.609399395	1.627499458	1.722076591	1.654617207	1.535162646	1.574236619	1.55933883	1.483599652	1.738029713	1.60213749	1.602911986	1.583056964	1.603090258	1.531363224	1.634517879	1.586804165	1.610216241	1.575414078	1.579735947	1.613781264	1.672579623	1.650365711	1.590086775	1.676534546	1.611520161	1.474737335	1.673741841	1.627300566	1.628530716	1.573686437	1.668189068	1.608914005	1.601745225	1.657944878	1.663038222	1.620323353	1.682158213	1.565930146	1.608484534	1.638917776	1.415883187	1.670425594	1.56766012	1.620369272	1.534770777	1.648386616	1.59577029	1.577871241	1.637861412	1.614165334	1.648292174	1.661891715	1.572156189	1.614349378	1.566488673
S007	1.679362485	1.586430225	1.596344705	1.704191083	1.645235876	1.550469178	0	1.556943291	1.618773782	1.557194462	1.49570744	1.604538854	1.591055629	1.533888842	1.635688561	1.557451265	1.58270247	1.660603856	1.654196466	1.596905587	1.599452259	1.584072038	1.571002989	1.587354335	1.611275127	1.527256736	1.583784718	1.526144207	1.593303065	1.632450804	1.63326586	1.621691783	1.631258826	1.669920034	1.50895568	1.550451052	1.669613342	1.573819817	1.554033444	1.569355604	1.610354942	1.62143023	1.69547827	1.632342409	1.615655396	1.618537315	1.680977868	1.662173693	1.596348911	1.653005034	1.622750147	1.574073406	1.625213478	1.656032791	1.640337774	1.622407592	1.650519744	1.53595498	1.58536642	1.589604497	1.547018653	1.537585821	1.673184016	1.591433405	1.542952528	1.593471413	1.542936705	1.600952461	1.589549602	1.604442331	1.518866719	1.547261873	1.688886298	1.679606366	1.575766895	1.662665328	1.533673809	1.603084067	1.572602236	1.594943982	1.681162727	1.611846749	1.677083266	1.598721078	1.67787735	1.626289301	1.627318624	1.45130976	1.577264534	1.545972321	1.561178742	1.621311888	1.710159723	1.468073718	1.655627778	1.637922708	1.635599513	1.712044835	1.621642966	1.595724551
S008	1.618684282	1.589770328	1.669168236	1.702513226	1.637720801	1.609443823	1.556943291	0	1.668093193	1.635585089	1.658543753	1.650487821	1.62044832	1.577935967	1.5826379	1.553739814	1.637921731	1.610740607	1.612012157	1.591791746	1.620178552	1.577855727	1.670724246	1.587791488	1.606547558	1.636865813	1.578526103	1.60540362	1.577851532	1.561439049	1.582594269	1.621911016	1.588035309	1.629508071	1.582107661	1.660271045	1.646609533	1.576803892	1.563303845	1.678248071	1.720922721	1.570693941	1.609346163	1.566362622	1.631682843	1.651028092	1.542924875	1.51558295	1.54664562	1.677767855	1.582372854	1.562710817	1.533300149	1.682288684	1.651163257	1.635791609	1.602823795	1.649555877	1.544998705	1.612297148	1.567644674	1.59698934	1.646512233	1.53844161	1.632283581	1.560059328	1.665907524	1.68340903	1.544140995	1.617400662	1.599265124	1.630210786	1.654923393	1.597177661	1.623390104	1.629538495	1.59074478	1.578400754	1.670593323	1.627517061	1.669174102	1.626365772	1.599226169	1.555502255	1.549024307	1.575574206	1.700805559	1.584936821	1.675556377	1.599159522	1.594922251	1.617232879	1.671980608	1.515600431	1.623289393	1.543558545	1.743288936	1.539597484	1.600649623	1.614391716
S009	1.697884063	1.633232757	1.619870785	1.641644711	1.64879735	1.590923634	1.618773782	1.668093193	0	1.599224312	1.624196166	1.617969846	1.671734333	1.565874418	1.515390265	1.555968617	1.593083682	1.652328414	1.494190112	1.614087235	1.634714635	1.66931242	1.515679711	1.646437517	1.654344261	1.623059112	1.603715502	1.719102729	1.510210303	1.65735205	1.60774422	1.572508333	1.619516852	1.676885898	1.580841464	1.571701068	1.661316968	1.594107719	1.660863732	1.650016758	1.598746196	1.580714578	1.701481318	1.569519949	1.65261146	1.701688265	1.564120738	1.606816227	1.548029675	1.567505904	1.610633871	1.578465764	1.602730516	1.666493267	1.696481698	1.707793332	1.581354884	1.587701458	1.535024326	1.587644119	1.595623765	1.571271771	1.579527274	1.612429557	1.679959376	1.618941653	1.630409791	1.554249503	1.62370809	1.669016281	1.559188325	1.624749505	1.617584082	1.64631581	1.553003495	1.644700366	1.601901547	1.691344757	1.586362444	1.56070195	1.591270065	1.707267247	1.597226518	1.576541704	1.63583147	1.656938849	1.714726214	1.606512146	1.59505541	1.629373285	1.673175156	1.575679664	1.670454191	1.648702352	1.685112986	1.560979394	1.663724247	1.626551039	1.54789917	1.588018893
S010	1.624500223	1.528216191	1.612795553	1.690297623	1.575490572	1.542436602	1.557194462	1.635585089	1.599224312	0	1.535260626	1.45869185	1.567399381	1.555314652	1.595024101	1.596250415	1.595506462	1.661930566	1.515492104	1.615604807	1.653485609	1.574792716	1.551732845	1.627443689	1.650911095	1.545315756	1.568667852	1.589685299	1.585922069	1.63675492	1.568517976	1.513381719	1.604236616	1.566835154	1.505928468	1.576069018	1.644294796	1.575647461	1.590746466	1.616827452	1.639578098	1.60801937	1.617645088	1.575574891	1.57294839	1.609200509	1.634334676	1.647744823	1.575548201	1.58766498	1.584914489	1.475001314	1.516828366	1.627908943	1.61914033	1.624211106	1.665784004	1.620763342	1.536946546	1.627312183	1.613951373	1.648329363	1.64924721	1.563473969	1.551440818	1.602591837	1.695245393	1.605901679	1.570345852	1.624450595	1.558227915	1.652808697	1.556744536	1.636976076	1.584417645	1.682225956	1.556502673	1.542026209	1.602316458	1.628794842	1.712281633	1.677537067	1.643398146	1.57413999	1.62112699	1.579395205	1.618139542	1.572727616	1.61301149	1.657161737	1.640726138	1.607359606	1.613685525	1.582926602	1.6853604	1.535761576	1.678436673	1.650725871	1.634990174	1.594469491
S011	1.642910385	1.536399517	1.598132301	1.678422621	1.610741042	1.711568562	1.49570744	1.658543753	1.624196166	1.535260626	0	1.652202092	1.527434603	1.584900456	1.556668043	1.527144755	1.566026864	1.63292084	1.5398251	1.618755519	1.649486685	1.638922646	1.640899797	1.484089623	1.570282345	1.567836436	1.535375148	1.621082963	1.622168213	1.631100848	1.682640072	1.629555825	1.542903098	1.646986528	1.544795502	1.639245294	1.548181746	1.607038403	1.55907699	1.531985264	1.645973098	1.612243554	1.648780358	1.510007437	1.64289007	1.566524035	1.584623584	1.622780993	1.627452607	1.619354584	1.602278127	1.532977798	1.647962698	1.608824599	1.56947021	1.565745056	1.652334492	1.638895434	1.53322661	1.570252139	1.551828735	1.568460771	1.651666284	1.563389167	1.637294572	1.585421147	1.659373571	1.678963817	1.588946956	1.556966769	1.586843281	1.529640143	1.564233808	1.633341442	1.594222053	1.552707338	1.679631145	1.576263431	1.681629116	1.670828834	1.607784235	1.626215435	1.651404232	1.569876772	1.642457476	1.683023431	1.627627236	1.5852424	1.58843487	1.630650509	1.660479968	1.558404584	1.621068605	1.609612008	1.58937971	1.595675084	1.550468481	1.648675917	1.60042229	1.663275141
S012	1.679108069	1.578322549	1.642607269	1.666062489	1.703300188	1.538213748	1.604538854	1.650487821	1.617969846	1.45869185	1.652202092	0	1.586490919	1.603749868	1.619777829	1.634275893	1.578756976	1.612905158	1.529320534	1.603998623	1.715496567	1.588567676	1.482128171	1.634801091	1.599076631	1.53724832	1.556222254	1.636288657	1.577573371	1.585268748	1.602967942	1.618596201	1.540797374	1.617437282	1.597400196	1.617018618	1.605650412	1.542643209	1.604221688	1.597480878	1.652663748	1.604998486	1.59254486	1.633280017	1.587631082	1.562296127	1.596283792	1.644440459	1.618724643	1.61068275	1.558048863	1.504791256	1.593096496	1.639089021	1.623814342	1.663425532	1.6082788	1.631222376	1.555387696	1.567801651	1.669442291	1.625632683	1.653692206	1.631158629	1.559268182	1.697693479	1.640683799	1.629899347	1.687186914	1.671072967	1.614073419	1.624337811	1.624603214	1.593572306	1.603144449	1.70742849	1.628781007	1.583853555	1.603160082	1.563695062	1.688985699	1.679587015	1.513012662	1.64155348	1.727797416	1.572786793	1.615953042	1.595825568	1.646936144	1.630948637	1.601714286	1.625915092	1.548108663	1.609457906	1.600475262	1.563582012	1.671499287	1.676786045	1.561830796	1.545645345
S013	1.613998764	1.632588362	1.620304702	1.589411886	1.602709109	1.546751855	1.591055629	1.62044832	1.671734333	1.567399381	1.527434603	1.586490919	0	1.528828713	1.58965227	1.623672816	1.549934567	1.656153501	1.620721207	1.665332434	1.626527146	1.736421087	1.657990246	1.569494532	1.631245312	1.581956693	1.545982609	1.636638028	1.594709402	1.582574553	1.570332799	1.628461604	1.580360379	1.577545843	1.454216497	1.571565003	1.610302969	1.601027914	1.563317911	1.600605023	1.559094241	1.648401499	1.586020535	1.593700702	1.659765517	1.578133454	1.596035169	1.617077294	1.608015252	1.597982403	1.687992258	1.600686651	1.614238053	1.652251926	1.687747373	1.634223473	1.691053481	1.662991033	1.595816785	1.574452946	1.63109439	1.586487396	1.529343927	1.549949008	1.635543175	1.648084166	1.63487197	1.67966696	1.511853999	1.593546956	1.561335272	1.679845014	1.727326501	1.608216323	1.589137238	1.652502249	1.587496828	1.624017582	1.668171769	1.676141945	1.62632598	1.665400214	1.635000985	1.638939329	1.602289691	1.45530934	1.704643781	1.556263579	1.653430835	1.629120774	1.625784573	1.611008963	1.62401628	1.576074929	1.692677971	1.608859113	1.600332764	1.701926054	1.552608261	1.583624468
S014	1.681968009	1.539696919	1.604669947	1.640056197	1.558749884	1.558638334	1.533888842	1.577935967	1.565874418	1.555314652	1.584900456	1.603749868	1.528828713	0	1.611037705	1.555748611	1.608347918	1.706504038	1.638391224	1.601210097	1.612629437	1.59666242	1.701848943	1.505067755	1.540452325	1.60249287	1.506663944	1.599766329	1.592191851	1.608922782	1.578034164	1.633089867	1.561275518	1.61806559	1.564514334	1.581413192	1.659993648	1.653367863	1.492456	1.664591882	1.605315872	1.679873184	1.656664806	1.556237077	1.608443868	1.627455341	1.555381934	1.590103319	1.628781975	1.562972756	1.656963485	1.596689592	1.629999744	1.643310791	1.642517312	1.697526456	1.608200888	1.614823446	1.594757286	1.619858241	1.607103673	1.505799125	1.60816464	1.598133425	1.639148216	1.574689693	1.621883103	1.555288289	1.619243062	1.591825483	1.614465651	1.612311765	1.600219776	1.621721306	1.606962101	1.706073862	1.591043677	1.625327867	1.595992226	1.603629976	1.679369603	1.532287187	1.591857496	1.540918896	1.688371652	1.606118255	1.626234032	1.554404918	1.59199192	1.568885959	1.616838628	1.53900746	1.565387145	1.641457004	1.58191007	1.598257582	1.585638619	1.567685559	1.657957258	1.637843131
S015	1.645585552	1.57969905	1.63129993	1.663120748	1.613061933	1.679211741	1.635688561	1.5826379	1.515390265	1.595024101	1.556668043	1.619777829	1.58965227	1.611037705	0	1.563966762	1.557565121	1.632055881	1.590617037	1.562182538	1.615509756	1.574368089	1.494046684	1.600431594	1.687957706	1.566611303	1.564764671	1.633016598	1.507309026	1.570455007	1.641125661	1.621564126	1.595445247	1.631874013	1.602628161	1.701839965	1.620112265	1.589459558	1.627405355	1.671963121	1.663280019	1.548810793	1.734632593	1.574062718	1.658676711	1.48255898	1.691891907	1.628194108	1.558038914	1.524694889	1.584844924	1.510461277	1.608628391	1.628473718	1.665789177	1.591066191	1.647856291	1.633746409	1.505455905	1.511458346	1.59356816	1.616366472	1.516749567	1.530364974	1.635793809	1.63548474	1.57536647	1.693819246	1.521722213	1.69441625	1.520727148	1.59748079	1.521561995	1.567647417	1.45872014	1.568173067	1.656248522	1.623411668	1.669813319	1.610274795	1.592982856	1.71330595	1.592331985	1.614604113	1.576067243	1.663267088	1.625588081	1.545171761	1.579524195	1.631129288	1.674153297	1.557744537	1.55550368	1.644596631	1.625759833	1.605622347	1.673780314	1.591987948	1.563762301	1.597118792
S016	1.642512396	1.5605852	1.567832446	1.581797874	1.612779669	1.644646199	1.557451265	1.553739814	1.555968617	1.596250415	1.527144755	1.634275893	1.623672816	1.555748611	1.563966762	0	1.596060817	1.649402937	1.660820081	1.580957878	1.56670108	1.697295667	1.633077024	1.512482562	1.584380132	1.577580049	1.576746381	1.661385784	1.42866069	1.566511067	1.545280971	1.672069938	1.500390735	1.567438185	1.610683737	1.626484547	1.573818429	1.61415379	1.557937589	1.647283183	1.642180293	1.574494295	1.718809173	1.59857802	1.578272647	1.59148573	1.546516791	1.58985396	1.575671718	1.619782191	1.530584788	1.652120087	1.638474759	1.6049173	1.662394741	1.664270113	1.622700773	1.620856125	1.617208721	1.555290314	1.570198058	1.636137256	1.603118093	1.633894634	1.603286311	1.599147638	1.54071653	1.536706336	1.626061503	1.684945334	1.616992998	1.525365914	1.613183331	1.609905435	1.470146204	1.724174479	1.554821174	1.633130616	1.625211869	1.570408817	1.60012562	1.676165684	1.559185761	1.599277099	1.655049463	1.537425364	1.598851545	1.609209747	1.554764773	1.640252668	1.641671777	1.557297733	1.63777376	1.553510405	1.616119081	1.607155079	1.712845532	1.638493718	1.657392387	1.541196744
S017	1.641102795	1.620045683	1.682337163	1.669137363	1.594860132	1.609520772	1.58270247	1.637921731	1.593083682	1.595506462	1.566026864	1.578756976	1.549934567	1.608347918	1.557565121	1.596060817	0	1.6591649	1.62568867	1.639654687	1.680133815	1.616073022	1.530705101	1.586341013	1.565369323	1.562043774	1.645778788	1.505578669	1.608321567	1.620012336	1.529114178	1.603225565	1.555819234	1.59150667	1.597069542	1.650057076	1.584469222	1.639373229	1.546625456	1.633889886	1.574701958	1.62843434	1.624640354	1.586032025	1.675670034	1.677436281	1.62718406	1.572355765	1.532760597	1.573072688	1.662464643	1.558569394	1.526199182	1.681749985	1.672109876	1.603631132	1.622064416	1.68301212	1.501382432	1.621115007	1.640688615	1.630585081	1.563655442	1.564555087	1.595105514	1.574131301	1.587305101	1.649504313	1.575253654	1.658926883	1.580098999	1.572963303	1.624655108	1.595151442	1.545063629	1.610156152	1.638785139	1.619876193	1.713888534	1.630691178	1.600065193	1.613003031	1.639806376	1.581409146	1.575923104	1.547645909	1.69534055	1.562248298	1.600489794	1.640180339	1.63548418	1.59797336	1.662425563	1.638981528	1.703054	1.549752418	1.599607597	1.630308591	1.61358234	1.525149633
S018	1.607706107	1.567710383	1.731616629	1.694182475	1.628988328	1.71402371	1.660603856	1.610740607	1.652328414	1.661930566	1.63292084	1.612905158	1.656153501	1.706504038	1.632055881	1.649402937	1.6591649	0	1.623047656	1.723781483	1.733573219	1.65374197	1.631429867	1.615749025	1.711985507	1.531054146	1.689860288	1.720849805	1.612537211	1.691449558	1.63968801	1.661611545	1.637629966	1.626966126	1.595874898	1.616093536	1.588039526	1.620975621	1.590424128	1.636817082	1.611019978	1.633779534	1.738745338	1.637888821	1.679705	1.615384807	1.575814016	1.612934119	1.580769845	1.724128994	1.674481687	1.674213002	1.544058678	1.669230979	1.703083436	1.733766732	1.668679738	1.698921274	1.599990622	1.686320813	1.666772599	1.662530105	1.665223096	1.647020209	1.760695586	1.628795379	1.677674875	1.685622881	1.609866994	1.580702599	1.660940249	1.670896271	1.63248795	1.627156262	1.670620551	1.648596	1.665813267	1.667252937	1.718963438	1.654674726	1.692830687	1.699540379	1.699747138	1.65080775	1.660010452	1.666163569	1.71337433	1.630226608	1.634795378	1.694841717	1.686570744	1.689983246	1.682028539	1.575444244	1.652454202	1.589131768	1.712074253	1.710171761	1.667704022	1.640211273
S019	1.662397681	1.542468923	1.605792067	1.606474509	1.731247952	1.63057583	1.654196466	1.612012157	1.494190112	1.515492104	1.5398251	1.529320534	1.620721207	1.638391224	1.590617037	1.660820081	1.62568867	1.623047656	0	1.648112025	1.762009031	1.655546506	1.625489141	1.635332167	1.595865823	1.551381048	1.590793592	1.551539773	1.612825981	1.608253494	1.60336377	1.651164929	1.559189034	1.61565717	1.587571934	1.59485095	1.61414851	1.633652095	1.619754684	1.671041104	1.633756676	1.611636058	1.639817912	1.609512861	1.683958628	1.609272659	1.549346506	1.564661035	1.629452123	1.621982096	1.594526985	1.49565716	1.573552938	1.672178387	1.611334856	1.595467284	1.69877011	1.63853546	1.511034568	1.573449519	1.614220461	1.562526293	1.671279714	1.603640573	1.594217006	1.666863921	1.610755609	1.573949847	1.657365508	1.709988691	1.544091815	1.718050387	1.598174232	1.592865144	1.634414673	1.786635654	1.515447939	1.652381623	1.691346482	1.651728146	1.618053147	1.667598557	1.586125114	1.663100278	1.713077224	1.656876545	1.6252711	1.61938621	1.543228178	1.621512691	1.654486054	1.539490252	1.738169215	1.626990044	1.680074622	1.642201152	1.724883747	1.597323279	1.598984222	1.666487175
S020	1.724938344	1.580903628	1.664535264	1.73072429	1.682452909	1.656540329	1.596905587	1.591791746	1.614087235	1.615604807	1.618755519	1.603998623	1.665332434	1.601210097	1.562182538	1.580957878	1.639654687	1.723781483	1.648112025	0	1.716549662	1.691412559	1.644663786	1.62116186	1.635892638	1.643078051	1.623078679	1.603780722	1.580911194	1.665577985	1.630128305	1.58720082	1.611264143	1.724444127	1.643984003	1.626506947	1.666515075	1.656256006	1.628062373	1.645789913	1.644411071	1.640768555	1.714149623	1.634607818	1.680381333	1.65157456	1.713689669	1.593325964	1.518691144	1.723465711	1.645435112	1.522557319	1.589282163	1.727777842	1.735888891	1.668830295	1.736032851	1.620003789	1.613559881	1.564539346	1.562258822	1.620008106	1.624553599	1.629862364	1.630471509	1.746196808	1.632482524	1.675660376	1.651515465	1.701968336	1.639729718	1.526554814	1.659901041	1.632551599	1.647005646	1.680432359	1.53018609	1.597819594	1.646728741	1.654698789	1.641106794	1.621045668	1.652026545	1.548580441	1.666172213	1.712326752	1.661290181	1.632525761	1.688158923	1.564048874	1.723650531	1.536208781	1.656907646	1.611783841	1.597898819	1.628824103	1.644453804	1.754080222	1.693298363	1.585066606
S021	1.60082189	1.612343034	1.580010274	1.679304842	1.719054551	1.623391691	1.599452259	1.620178552	1.634714635	1.653485609	1.649486685	1.715496567	1.626527146	1.612629437	1.615509756	1.56670108	1.680133815	1.733573219	1.762009031	1.716549662	0	1.662916015	1.70123599	1.655615258	1.695385156	1.567917591	1.556262687	1.646815126	1.645999148	1.672433037	1.649236507	1.658027216	1.648561799	1.651938001	1.693047309	1.629590437	1.602454137	1.642456294	1.614631931	1.714433809	1.661351335	1.670118161	1.600995407	1.614192696	1.631479353	1.642511054	1.584495411	1.641115384	1.649041004	1.560086097	1.674493912	1.668242055	1.640152943	1.658191902	1.725376543	1.671347625	1.693698827	1.583640281	1.656883243	1.601050296	1.583759616	1.616623976	1.659036075	1.526109928	1.692166247	1.660114898	1.642961804	1.662588934	1.662083473	1.645069256	1.611955422	1.645070592	1.616105223	1.535345169	1.566104978	1.680451119	1.72286774	1.656196838	1.658696025	1.614437847	1.677364238	1.61736948	1.729274525	1.654249449	1.691528249	1.666674026	1.597336093	1.626287169	1.690556139	1.582448244	1.646956037	1.664526077	1.59323401	1.623182907	1.594605549	1.546238517	1.68237767	1.624360956	1.636974927	1.608871506
S022	1.583924323	1.607298021	1.716850477	1.650111907	1.7120855	1.668947458	1.584072038	1.577855727	1.66931242	1.574792716	1.638922646	1.588567676	1.736421087	1.59666242	1.574368089	1.697295667	1.616073022	1.65374197	1.655546506	1.691412559	1.662916015	0	1.542857629	1.630037207	1.649304171	1.587667176	1.649836526	1.658294353	1.610313489	1.617406192	1.554348414	1.704915249	1.64129365	1.599485464	1.56906136	1.60305642	1.538056586	1.647422717	1.653153958	1.66642677	1.633272482	1.620225646	1.601545902	1.572163295	1.620050524	1.719429715	1.608237688	1.647321851	1.662827077	1.654859138	1.567383163	1.558766536	1.518460362	1.680259827	1.606430704	1.740557634	1.62825814	1.650552052	1.672387516	1.575461649	1.651284197	1.517300607	1.661868922	1.621504001	1.590038924	1.536342319	1.667429741	1.595052647	1.626873606	1.692792133	1.660058903	1.656160341	1.628889544	1.604336618	1.647523301	1.611559576	1.653115697	1.676884809	1.663720532	1.707792454	1.694937157	1.635976847	1.528754558	1.665785346	1.663404828	1.752560175	1.73208527	1.562838124	1.645496986	1.599892799	1.643097336	1.62159252	1.671039513	1.630970248	1.607096784	1.609333472	1.754766299	1.638076507	1.617854566	1.683701605
S023	1.597781648	1.589300556	1.648028038	1.682562466	1.672409505	1.572835145	1.571002989	1.670724246	1.515679711	1.551732845	1.640899797	1.482128171	1.657990246	1.701848943	1.494046684	1.633077024	1.530705101	1.631429867	1.625489141	1.644663786	1.70123599	1.542857629	0	1.607352364	1.65573513	1.582957521	1.618988417	1.526480932	1.569813774	1.623667383	1.628070915	1.628533102	1.498571765	1.566762399	1.610033057	1.677807627	1.666406021	1.61315229	1.616480217	1.629413691	1.588391375	1.550940751	1.700458309	1.615121234	1.652778545	1.624069636	1.645405873	1.608338068	1.642611066	1.552691565	1.568549384	1.465846617	1.587624065	1.631622494	1.628767499	1.654787117	1.635714585	1.622286727	1.601167093	1.453520774	1.61975188	1.675741392	1.632309075	1.5442523	1.607308289	1.664563904	1.623965052	1.61741165	1.622428443	1.597136584	1.484710302	1.591214254	1.624770617	1.600572447	1.451612278	1.688358761	1.559218348	1.553256278	1.616375845	1.684260543	1.594122476	1.687241116	1.528949959	1.567568005	1.647334957	1.613946754	1.661068533	1.452919969	1.584329829	1.604924828	1.572883473	1.647415029	1.560858764	1.579060371	1.633658441	1.515105791	1.67752015	1.643503078	1.533236773	1.532695352
S024	1.62729872	1.553070888	1.635610432	1.66979898	1.524004449	1.658047533	1.587354335	1.587791488	1.646437517	1.627443689	1.484089623	1.634801091	1.569494532	1.505067755	1.600431594	1.512482562	1.586341013	1.615749025	1.635332167	1.62116186	1.655615258	1.630037207	1.607352364	0	1.623268164	1.618394793	1.552738311	1.639501708	1.537956774	1.642953865	1.625559811	1.597128998	1.522859687	1.646094955	1.612402377	1.715332229	1.545096325	1.611416654	1.596068499	1.622871899	1.649167571	1.654261687	1.680879439	1.550108624	1.573036457	1.557798118	1.625147883	1.575988644	1.559793286	1.614982141	1.65871193	1.566804837	1.621632079	1.638293554	1.669396957	1.673555331	1.675763085	1.591006335	1.558987287	1.642091524	1.633299914	1.579053306	1.578050119	1.537240282	1.592642599	1.65782136	1.631639118	1.617334774	1.625189461	1.602034014	1.596387502	1.658960574	1.594263127	1.592671427	1.583775292	1.690686741	1.65658284	1.591537456	1.701961453	1.596618809	1.614320846	1.70777439	1.615996851	1.684706005	1.637104035	1.642975294	1.715879855	1.546156057	1.601018575	1.652484144	1.668242019	1.632741333	1.561837966	1.570600895	1.593745743	1.537743593	1.645282226	1.689384408	1.540909371	1.657449602
S025	1.663700568	1.618693148	1.631791756	1.662332304	1.565236445	1.566387843	1.611275127	1.606547558	1.654344261	1.650911095	1.570282345	1.599076631	1.631245312	1.540452325	1.687957706	1.584380132	1.565369323	1.711985507	1.595865823	1.635892638	1.695385156	1.649304171	1.65573513	1.623268164	0	1.667491387	1.655883765	1.59635164	1.636917578	1.553162367	1.590518103	1.517082512	1.539461661	1.725406387	1.601034577	1.676539423	1.596920965	1.639783964	1.608382751	1.556223307	1.714672529	1.595275161	1.598613931	1.558338698	1.620694945	1.68011488	1.508652511	1.70626324	1.589327408	1.666967911	1.613927546	1.613084627	1.627462599	1.62599465	1.645797249	1.642228705	1.547249009	1.666749877	1.608474363	1.555381562	1.533135778	1.601612676	1.647674169	1.609194374	1.655623227	1.67704578	1.551463936	1.69940359	1.672871121	1.66050883	1.572160314	1.652516804	1.713497231	1.627564799	1.648380804	1.699973873	1.614511458	1.65248939	1.643482595	1.647112601	1.65132639	1.6547529	1.618002505	1.634724779	1.594006589	1.633357784	1.599259763	1.540182211	1.647026067	1.630596894	1.660777531	1.567701163	1.635266418	1.585313895	1.569739685	1.648547029	1.670661268	1.687636952	1.698658323	1.601665142
S026	1.595920945	1.641764595	1.606603423	1.541809521	1.624615834	1.694507682	1.527256736	1.636865813	1.623059112	1.545315756	1.567836436	1.53724832	1.581956693	1.60249287	1.566611303	1.577580049	1.562043774	1.531054146	1.551381048	1.643078051	1.567917591	1.587667176	1.582957521	1.618394793	1.667491387	0	1.619521856	1.694940555	1.489237959	1.593166538	1.516881504	1.632545209	1.567270594	1.636043846	1.560614734	1.5404758	1.648578996	1.577582365	1.606915712	1.560692704	1.58040325	1.634242322	1.579039724	1.605816145	1.61445841	1.612876301	1.547233634	1.642686201	1.554688973	1.57700919	1.590069483	1.554723658	1.61066228	1.579422631	1.566357044	1.65530434	1.56627344	1.657277536	1.566813296	1.511606029	1.544187683	1.613356485	1.590043328	1.554968077	1.505408722	1.603462177	1.559124865	1.513131309	1.645532346	1.559531021	1.571031273	1.563262239	1.632976758	1.56635949	1.591111007	1.675607386	1.566425579	1.543460931	1.661237636	1.620325334	1.590741941	1.636528863	1.591176296	1.5694673	1.651645336	1.690764205	1.607731492	1.56787632	1.624095504	1.588575421	1.704144772	1.56301524	1.729997507	1.474338784	1.623579172	1.560268136	1.599653069	1.642248369	1.586252012	1.591823083
S027	1.643612187	1.595794233	1.645427195	1.583411387	1.5970044	1.625211932	1.583784718	1.578526103	1.603715502	1.568667852	1.535375148	1.556222254	1.545982609	1.506663944	1.564764671	1.576746381	1.645778788	1.689860288	1.590793592	1.623078679	1.556262687	1.649836526	1.618988417	1.552738311	1.655883765	1.619521856	0	1.594439919	1.578382359	1.63655915	1.589342556	1.602607881	1.492775202	1.557143496	1.62359011	1.511881718	1.645863538	1.645622901	1.593617194	1.597328076	1.626033974	1.621499596	1.702270698	1.588092791	1.690662078	1.595551709	1.546234994	1.599253035	1.658816233	1.56845312	1.566054949	1.628517096	1.519404342	1.677326377	1.63766321	1.655282336	1.643024134	1.631137436	1.587043842	1.571993213	1.607154147	1.669546533	1.555210904	1.450920851	1.61413516	1.538896147	1.633828955	1.661930525	1.605043008	1.619239269	1.584875705	1.563632139	1.568613226	1.664196926	1.581226181	1.684311584	1.593173993	1.544346449	1.643421782	1.668288104	1.629571103	1.766374831	1.583403754	1.590676776	1.687250902	1.598286471	1.539896694	1.591057868	1.674998682	1.641652077	1.648643844	1.694569094	1.671560323	1.639994894	1.523110802	1.575396742	1.596724949	1.517092857	1.64801712	1.636346365
S028	1.631325172	1.595115786	1.682339634	1.623150554	1.703596381	1.640591379	1.526144207	1.60540362	1.719102729	1.589685299	1.621082963	1.636288657	1.636638028	1.599766329	1.633016598	1.661385784	1.505578669	1.720849805	1.551539773	1.603780722	1.646815126	1.658294353	1.526480932	1.639501708	1.59635164	1.694940555	1.594439919	0	1.586698038	1.623046579	1.706489805	1.646101766	1.536010459	1.713823961	1.590142715	1.640590887	1.636292643	1.586121764	1.507963941	1.637234173	1.549922321	1.664252471	1.613335975	1.667527078	1.643898439	1.605997144	1.683502533	1.661185762	1.581201594	1.662274275	1.609585782	1.505189929	1.637921719	1.664117044	1.590179441	1.595332671	1.625295545	1.660585999	1.572012741	1.603219416	1.61802825	1.628762434	1.639052935	1.616522856	1.574660967	1.735028374	1.562975318	1.67077798	1.596995167	1.64077035	1.628207092	1.648186568	1.664089229	1.581918997	1.623556622	1.706838007	1.70152066	1.57686599	1.694089267	1.610023615	1.696231856	1.672433876	1.688902829	1.623152967	1.702360841	1.638365154	1.622548429	1.601809409	1.546091291	1.6227515	1.655590049	1.604746489	1.638844234	1.635883901	1.693553145	1.619517891	1.572173682	1.618538154	1.517859267	1.604019492
S029	1.579857038	1.529476448	1.635428046	1.55272682	1.578856203	1.652399735	1.593303065	1.577851532	1.510210303	1.585922069	1.622168213	1.577573371	1.594709402	1.592191851	1.507309026	1.42866069	1.608321567	1.612537211	1.612825981	1.580911194	1.645999148	1.610313489	1.569813774	1.537956774	1.636917578	1.489237959	1.578382359	1.586698038	0	1.646882867	1.591900503	1.635476524	1.595307589	1.608057911	1.581056323	1.651799611	1.596281013	1.594724878	1.521606215	1.623661397	1.650578649	1.570891811	1.651509885	1.614281038	1.662441207	1.573388478	1.500160431	1.448395292	1.645379096	1.614924855	1.533062874	1.560181033	1.560501277	1.68496337	1.566120889	1.651599213	1.532530525	1.634107619	1.578095079	1.408158324	1.653678928	1.547222356	1.599158721	1.566489658	1.674072331	1.578949794	1.576173994	1.642218792	1.562648117	1.628728168	1.675467166	1.540722246	1.632474499	1.546715371	1.526706816	1.722312795	1.51891677	1.603006932	1.654832899	1.588384193	1.652093944	1.623000254	1.563883735	1.561273639	1.676054919	1.65913165	1.616271719	1.532167851	1.514259435	1.61059457	1.606461905	1.594565219	1.64614502	1.502763965	1.725384883	1.622850361	1.575202766	1.61497306	1.565211781	1.587335026
S030	1.649803669	1.577705503	1.554954157	1.759572415	1.652710282	1.576751426	1.632450804	1.561439049	1.65735205	1.63675492	1.631100848	1.585268748	1.582574553	1.608922782	1.570455007	1.566511067	1.620012336	1.691449558	1.608253494	1.665577985	1.672433037	1.617406192	1.623667383	1.642953865	1.553162367	1.593166538	1.63655915	1.623046579	1.646882867	0	1.673441306	1.678131459	1.57190483	1.69880695	1.50707416	1.638847264	1.621343002	1.602402411	1.563910986	1.656864356	1.668868432	1.624974928	1.600360278	1.594771797	1.53309373	1.656199479	1.65466074	1.600245635	1.603849191	1.66127216	1.585996715	1.49849711	1.663824428	1.650740043	1.645166362	1.659197188	1.606855902	1.65751757	1.599270734	1.620231977	1.605092493	1.653309431	1.632486826	1.689111649	1.660245434	1.684340021	1.522707073	1.665508393	1.640444962	1.698599613	1.568286259	1.623607475	1.649260114	1.607537644	1.592545305	1.65233495	1.627985425	1.509068899	1.637052078	1.670905442	1.650335723	1.665177719	1.59041745	1.64806709	1.683268404	1.584941525	1.704419598	1.580851612	1.632458858	1.631633553	1.693106548	1.520355596	1.633669151	1.632961744	1.6293084	1.551366494	1.664159959	1.590866467	1.641311296	1.614780053
S031	1.692011723	1.650693277	1.666967335	1.608960163	1.652830278	1.61916589	1.63326586	1.582594269	1.60774422	1.568517976	1.682640072	1.602967942	1.570332799	1.578034164	1.641125661	1.545280971	1.529114178	1.63968801	1.60336377	1.630128305	1.649236507	1.554348414	1.628070915	1.625559811	1.590518103	1.516881504	1.589342556	1.706489805	1.591900503	1.673441306	0	1.622351733	1.544101838	1.628223912	1.579086318	1.656461014	1.639772882	1.609488129	1.646520032	1.684319904	1.615037524	1.618400212	1.594069214	1.654199099	1.698267174	1.641755259	1.570995352	1.498286733	1.513467727	1.628334196	1.586104711	1.615133396	1.564690626	1.675711417	1.538555272	1.677085562	1.635876846	1.621589292	1.58701413	1.582946133	1.573068335	1.622558265	1.545538232	1.640217291	1.604545614	1.633144473	1.650242861	1.566732133	1.652509086	1.648410863	1.629537693	1.550891755	1.637095638	1.503499566	1.569994525	1.631337408	1.625721207	1.668014533	1.58391409	1.519421376	1.594243145	1.647095657	1.547289228	1.641368968	1.612591574	1.669349459	1.620908246	1.549271226	1.626513382	1.624771585	1.661040916	1.64585217	1.702300997	1.628240076	1.620619088	1.533858934	1.600775531	1.637301011	1.562520276	1.559527969
S032	1.59360631	1.608658828	1.699911878	1.716122124	1.624036345	1.567935821	1.621691783	1.621911016	1.572508333	1.513381719	1.629555825	1.618596201	1.628461604	1.633089867	1.621564126	1.672069938	1.603225565	1.661611545	1.651164929	1.58720082	1.658027216	1.704915249	1.628533102	1.597128998	1.517082512	1.632545209	1.602607881	1.646101766	1.635476524	1.678131459	1.622351733	0	1.589876175	1.664933587	1.619797013	1.521602163	1.660254845	1.61718866	1.646725961	1.583910165	1.689650545	1.682648695	1.677485885	1.652247494	1.675700567	1.514575298	1.659738617	1.637586972	1.549755454	1.638228011	1.679076964	1.690065581	1.572990503	1.6948229	1.689961273	1.605570035	1.664844083	1.699151335	1.542167861	1.628156996	1.622266276	1.645694156	1.662382821	1.535319796	1.638648089	1.609217584	1.639543534	1.654636044	1.704858889	1.680330922	1.593829664	1.630892392	1.584282943	1.616737357	1.67625613	1.702500431	1.523838302	1.601765348	1.667749679	1.652708343	1.67413356	1.647818534	1.603222155	1.551163197	1.612395757	1.63298659	1.583306381	1.637358885	1.635329417	1.556789604	1.765446245	1.623033211	1.64781486	1.611472477	1.607139489	1.687508823	1.650988194	1.657601426	1.718523793	1.58583449
S033	1.635054017	1.578053937	1.616980059	1.625105173	1.607987518	1.45141228	1.631258826	1.588035309	1.619516852	1.604236616	1.542903098	1.540797374	1.580360379	1.561275518	1.595445247	1.500390735	1.555819234	1.637629966	1.559189034	1.611264143	1.648561799	1.64129365	1.498571765	1.522859687	1.539461661	1.567270594	1.492775202	1.536010459	1.595307589	1.57190483	1.544101838	1.589876175	0	1.622191134	1.514012324	1.666727292	1.601214636	1.540430487	1.553919806	1.62585464	1.560812018	1.601381804	1.606706522	1.607083043	1.602015592	1.594238275	1.583211876	1.569567603	1.584826915	1.584916068	1.619946319	1.454232092	1.50910243	1.661348569	1.68366126	1.592701076	1.661025766	1.657539846	1.582086458	1.516515377	1.574467495	1.609861759	1.619403322	1.548972769	1.512864932	1.614213649	1.484371969	1.566885741	1.582683556	1.658835893	1.580804969	1.620420077	1.633602272	1.56916956	1.556557939	1.659309172	1.587159581	1.483641831	1.661966936	1.58272956	1.643523337	1.721824115	1.468330482	1.686845398	1.605782164	1.515181111	1.660356178	1.501362898	1.642480428	1.581460845	1.6605585	1.497180846	1.491021787	1.614545544	1.58486162	1.5333023	1.602423757	1.642820001	1.6163622	1.530914703
