	S001	S002	S003	S004	S005	S006	S007	S008	S009	S010	S011	S012	S013	S014	S015	S016	S017	S018	S019	S020	S021	S022	S023	S024	S025	S026	S027	S028	S029	S030	S031	S032	S033	S034	S035	S036	S037	S038	S039	S040	S041	S042	S043	S044	S045	S046	S047	S048	S049	S050	S051	S052	S053	S054	S055	S056	S057	S058	S059	S060	S061	S062	S063	S064	S065	S066	S067	S068	S069	S070	S071	S072	S073	S074	S075	S076	S077	S078	S079	S080	S081	S082	S083	S084	S085	S086	S087	S088	S089	S090	S091	S092	S093	S094	S095	S096	S097	S098	S099	S100
S001	0	1.557399687	1.633073233	1.801035939	1.787160871	1.67390539	1.631405478	1.69636111	1.749936831	1.612494599	1.685497655	1.590541233	1.747266167	1.784895612	1.6623061	1.621485128	1.811186884	1.780847117	1.649161691	1.756989265	1.67886566	1.762404643	1.63104626	1.595173867	1.681966301	1.690818356	1.653734971	1.662708107	1.780518171	1.702520601	1.729441772	1.622367187	1.6556206	1.802330656	1.822031962	1.627713137	1.657337184	1.764138413	1.73643564	1.629538114	1.826886425	1.666805865	1.707146814	1.512779301	1.590097933	1.60362914	1.662707257	1.701619685	1.533004201	1.64112329	1.730123037	1.629231913	1.61549568	1.602863696	1.616709656	1.55346938	1.746137469	1.610393832	1.672167023	1.60034618	1.757469789	1.631059514	1.722082354	1.578935435	1.572263662	1.639917378	1.729613713	1.779573634	1.691047523	1.709791404	1.849220863	1.687616845	1.554558712	1.54896366	1.78972394	1.687831447	1.673008857	1.684284553	1.707929177	1.704290882	1.637948115	1.618577571	1.656781141	1.759433352	1.782077668	1.563908958	1.511272391	1.731197038	1.620571349	1.647675697	1.674904107	1.714938321	1.782175543	1.694600142	1.772393853	1.779091716	1.658786797	1.787840236	1.751822919	1.516617506
S002	1.557399687	0	1.692491	1.732263376	1.776805448	1.761833133	1.689890437	1.673517373	1.692643572	1.646632388	1.600442182	1.701264402	1.623982328	1.661575555	1.578189187	1.644385249	1.822243415	1.807061494	1.572643662	1.631371442	1.570304909	1.672252412	1.693015113	1.673398974	1.650308058	1.764793627	1.543586336	1.776276488	1.73963541	1.726290016	1.866703847	1.649402684	1.524626761	1.763488087	1.771170855	1.6363056	1.702007113	1.787032566	1.655803067	1.409759269	1.777849598	1.696168314	1.649126593	1.573084706	1.706860116	1.668183355	1.492004804	1.76221704	1.716196994	1.762660027	1.73633606	1.639801932	1.755939547	1.786663103	1.772516087	1.713819551	1.707497452	1.733336081	1.59057343	1.502773753	1.649291728	1.688896711	1.836191305	1.640828328	1.597697723	1.613529589	1.745831914	1.685527517	1.755172196	1.654651641	1.753637756	1.70896842	1.759692547	1.642534341	1.704663595	1.674167682	1.807077622	1.774704176	1.81805464	1.681663701	1.627022994	1.791785684	1.618041178	1.624096461	1.672597407	1.604487973	1.756044864	1.645306639	1.597818114	1.80493414	1.57133442	1.644923828	1.707177324	1.624197611	1.755849972	1.694133039	1.691449638	1.755329805	1.727095926	1.562094271
S003	1.633073233	1.692491	0	1.813812752	1.80077748	1.578640509	1.613859505	1.739081489	1.835009244	1.71031964	1.71609925	1.772613164	1.744759686	1.761339227	1.685213685	1.752918607	1.709892133	1.665619834	1.759441218	1.719042594	1.695488697	1.630712272	1.712460055	1.733102364	1.679368738	1.750258741	1.716504778	1.772585096	1.71958124	1.594769956	1.766478291	1.787492942	1.772934469	1.774296717	1.844150689	1.7937457	1.608334987	1.754023312	1.738381001	1.727297587	1.795247952	1.795755606	1.834316427	1.591335424	1.7266233	1.730999117	1.748951932	1.67874591	1.667085004	1.654815647	1.76761613	1.73030549	1.593692519	1.800905451	1.713351121	1.644623365	1.649123684	1.649352027	1.730656158	1.688791391	1.795060622	1.751353043	1.768831459	1.586777966	1.632225155	1.753487451	1.867700166	1.739804761	1.818124398	1.770084457	1.810524658	1.654546462	1.678689177	1.664961269	1.733736107	1.787450572	1.700103216	1.806175628	1.863157442	1.833928563	1.685477476	1.900711354	1.731479384	1.800703219	1.833175925	1.620358309	1.58393707	1.629907613	1.688392102	1.692593628	1.703892646	1.605127212	1.831303884	1.746963617	1.752883134	1.819999763	1.839682322	1.756440971	1.764870034	1.756211503
S004	1.801035939	1.732263376	1.813812752	0	1.841483246	1.764371895	1.684489947	1.841814707	1.882872526	1.673948754	1.722776922	1.799373294	1.77370015	1.723945881	1.726617377	1.758885453	1.824190807	1.87620279	1.749899452	1.766094746	1.714736319	1.787462458	1.611321963	1.833680488	1.770368968	1.703112175	1.781731914	1.759227944	1.809507162	1.739686212	1.761743903	1.65403946	1.845931827	1.738597325	1.725201515	1.728827088	1.874982215	1.808738642	1.644026707	1.744087969	1.799979722	1.807378754	1.729602679	1.794269326	1.649969882	1.756937597	1.831393564	1.756978004	1.873078986	1.806450639	1.849003684	1.81922295	1.755310431	1.720532543	1.777436731	1.618461795	1.857330708	1.806480087	1.745611154	1.778945461	1.665175456	1.726419031	1.719206979	1.715746932	1.727463159	1.686415203	1.775893454	1.774057553	1.822314796	1.730862301	1.832812028	1.73327613	1.734416895	1.778863127	1.739416229	1.824209562	1.798927026	1.740652392	1.784463488	1.762615205	1.764892344	1.826025264	1.772353626	1.796519027	1.804489159	1.802090923	1.787843004	1.743466997	1.76577776	1.852490178	1.851195032	1.671964702	1.767502674	1.777245551	1.745486306	1.659802757	1.690376782	1.828991583	1.868893818	1.687813125
S005	1.787160871	1.776805448	1.80077748	1.841483246	0	1.780468603	1.810654815	1.790030231	1.744925908	1.730424658	1.71427144	1.78443433	1.815344882	1.768516271	1.732945357	1.813918957	1.660520055	1.72452254	1.871666978	1.819734928	1.760508661	1.578198058	1.757046121	1.818003176	1.864718116	1.711481969	1.815210526	1.709651528	1.797658286	1.736860286	1.792151119	1.816011098	1.837521261	1.872700297	1.879714693	1.729170032	1.835766051	1.850770332	1.864798819	1.609819487	1.804874134	1.835099768	1.808017047	1.795797522	1.860230402	1.776450509	1.799000464	1.796330818	1.77549256	1.727385845	1.712453208	1.789985576	1.751631497	1.727465403	1.793383255	1.818781263	1.768995318	1.807834599	1.780847626	1.776213021	1.827327092	1.815476413	1.841085883	1.80837972	1.718381069	1.774891009	1.685104704	1.690231175	1.88528185	1.501337487	1.719795446	1.778128138	1.684485737	1.802396295	1.707647939	1.865221748	1.879312772	1.886041734	1.898819888	1.804718893	1.695829666	1.73888916	1.81997222	1.727558889	1.802774283	1.828421137	1.700300904	1.697760787	1.766140956	1.832262924	1.690452658	1.744782928	1.734631586	1.759232229	1.724290922	1.880215583	1.714515476	1.849662463	1.840939228	1.716548997
S006	1.67390539	1.761833133	1.578640509	1.764371895	1.780468603	0	1.71373881	1.721908126	1.798418663	1.714596117	1.777623301	1.704145751	1.781000215	1.763838522	1.79137337	1.62827241	1.729661408	1.801897957	1.539006479	1.718661111	1.640081308	1.769117875	1.61158332	1.740828255	1.708320903	1.786710906	1.734751031	1.763446183	1.648487767	1.688679541	1.807616068	1.741819581	1.760630304	1.744098498	1.69470087	1.756119101	1.676232128	1.749130823	1.82522986	1.62043356	1.775155867	1.781149399	1.673576368	1.561230433	1.674156517	1.695544704	1.756760117	1.711238673	1.685072833	1.795881732	1.787682241	1.688110751	1.676331642	1.759759498	1.70463995	1.66640002	1.741283951	1.664192894	1.749205087	1.739888778	1.770059339	1.648915132	1.748280964	1.577858071	1.656732342	1.68588464	1.742041745	1.767500884	1.722005407	1.56879465	1.707351109	1.770960567	1.584475062	1.742229046	1.775110182	1.639647185	1.815634207	1.810955009	1.822007923	1.714414202	1.690792991	1.805959077	1.814003955	1.766080658	1.778090458	1.718132346	1.589285691	1.632236932	1.647717131	1.709835803	1.781978663	1.703572881	1.444589883	1.612247088	1.647650633	1.846627838	1.764613855	1.722098116	1.794473439	1.791154414
S007	1.631405478	1.689890437	1.613859505	1.684489947	1.810654815	1.71373881	0	1.681628702	1.811629079	1.676393807	1.664922175	1.681546673	1.758439513	1.72364341	1.570017986	1.623901882	1.753403662	1.677033541	1.737906711	1.462922371	1.544285772	1.760526617	1.7126959	1.739868287	1.693744997	1.698174236	1.651930411	1.623679825	1.697992471	1.514695161	1.67176342	1.578684759	1.767373682	1.764978294	1.766269934	1.723917391	1.65080321	1.680721349	1.730473594	1.721837548	1.775061751	1.608012695	1.78922168	1.565731055	1.575480567	1.733551232	1.614734925	1.578601847	1.758493467	1.622222314	1.785997647	1.569726535	1.680725138	1.637622548	1.61812357	1.677537724	1.702553979	1.59478996	1.726274707	1.632840176	1.726018789	1.656739276	1.841963466	1.470359145	1.66859972	1.735807416	1.782524323	1.725360806	1.741147889	1.636237104	1.853145191	1.713661181	1.624075236	1.63885129	1.777361934	1.705981809	1.699372373	1.733659021	1.709697289	1.663218924	1.630364547	1.683076035	1.684803979	1.803798134	1.633188804	1.56052616	1.563921121	1.73579473	1.593973351	1.784248871	1.693337645	1.584086875	1.660041857	1.60087076	1.624941991	1.742209902	1.620455191	1.799171544	1.865285163	1.722633342
S008	1.69636111	1.673517373	1.739081489	1.841814707	1.790030231	1.721908126	1.681628702	0	1.825331739	1.756050007	1.787578139	1.878180637	1.692751679	1.786229034	1.720010332	1.755076212	1.798836332	1.741545145	1.683646609	1.819819473	1.640973076	1.833160349	1.812308168	1.653803515	1.813121019	1.617086354	1.647572127	1.772223653	1.727219849	1.784775299	1.79827439	1.752849265	1.77279468	1.561033708	1.820943578	1.747869751	1.725830224	1.631894061	1.694462534	1.588678922	1.750059417	1.846084055	1.60966069	1.627477741	1.736201211	1.725759932	1.709089765	1.695413529	1.776526017	1.765175578	1.773357769	1.743034555	1.69408071	1.717189152	1.754774454	1.69592577	1.779409699	1.64189127	1.634543589	1.749257512	1.764701635	1.702237646	1.832575944	1.774260757	1.697468576	1.7522323	1.676299037	1.822234234	1.818576815	1.729321796	1.846826577	1.646769679	1.766627832	1.825686852	1.676746622	1.757861625	1.747240437	1.707083995	1.811935577	1.729518742	1.748768663	1.818312057	1.810544083	1.70629666	1.724937184	1.689571928	1.603893243	1.678354116	1.655222595	1.774629223	1.771794963	1.825606577	1.731627353	1.51431853	1.806890439	1.727127664	1.837992827	1.70144527	1.837729217	1.729310992
S009	1.749936831	1.692643572	1.835009244	1.882872526	1.744925908	1.798418663	1.811629079	1.825331739	0	1.711429818	1.729014612	1.795916872	1.853372652	1.799110181	1.818458123	1.685224337	1.681182063	1.608143384	1.824411208	1.579961672	1.821148627	1.765467514	1.806004721	1.836734584	1.828892354	1.846272739	1.78833013	1.91202996	1.79210591	1.858420856	1.822535361	1.84501527	1.839293983	1.808781159	1.757605245	1.82527865	1.823151823	1.78841882	1.712313813	1.689061479	1.891318202	1.670998758	1.890407441	1.789077156	1.731391252	1.692920955	1.864160366	1.79290153	1.670005972	1.691533885	1.778309204	1.771406762	1.768243065	1.790072477	1.655933215	1.849493767	1.89596991	1.625089727	1.703641996	1.730887115	1.908355718	1.730859729	1.699231713	1.793631352	1.837391761	1.711988115	1.87510278	1.853671131	1.664814016	1.758450137	1.871062416	1.759883644	1.809822017	1.751658821	1.686159435	1.7565016	1.776436748	1.744031478	1.661863088	1.758340075	1.751572644	1.753449736	1.667514792	1.689608423	1.814220565	1.727192343	1.830302728	1.664090065	1.773255698	1.816367238	1.799973266	1.814323854	1.770577886	1.786561987	1.805431006	1.802487293	1.88895652	1.745888817	1.771145186	1.635582053
S010	1.612494599	1.646632388	1.71031964	1.673948754	1.730424658	1.714596117	1.676393807	1.756050007	1.711429818	0	1.72857401	1.668202766	1.797830554	1.620364353	1.675087811	1.689995631	1.663559333	1.784640208	1.678190944	1.624453932	1.716591459	1.766235486	1.647975381	1.682045182	1.591157886	1.844394579	1.774576504	1.766209034	1.716153548	1.676547686	1.716874947	1.71301488	1.807218979	1.850937543	1.714346605	1.700088528	1.718047985	1.799611806	1.733488369	1.632826553	1.788422496	1.803012126	1.693579465	1.604845308	1.735809076	1.756632375	1.70309126	1.648270796	1.676611722	1.742524795	1.582624458	1.62934048	1.568257345	1.719080047	1.759946493	1.588453175	1.878659538	1.690841653	1.714287982	1.640782561	1.69274379	1.619790659	1.844601791	1.611814484	1.631964639	1.601562167	1.774979208	1.638926389	1.7643421	1.576058695	1.870555156	1.708517174	1.652021615	1.616328871	1.726223865	1.752074886	1.815320642	1.801199658	1.712725986	1.703873127	1.544680594	1.707470122	1.78790881	1.792434517	1.792674165	1.674287679	1.574809846	1.745718565	1.683400024	1.864773654	1.739782434	1.647216776	1.813386326	1.659590379	1.73972197	1.781073795	1.700740172	1.671898087	1.734264572	1.700242735
S011	1.685497655	1.600442182	1.71609925	1.722776922	1.71427144	1.777623301	1.664922175	1.787578139	1.729014612	1.72857401	0	1.702322346	1.72220442	1.573278689	1.652914931	1.690112489	1.660555447	1.69191966	1.704495914	1.627302746	1.650418257	1.719413368	1.629148741	1.611713418	1.77672729	1.719587407	1.628209166	1.735007914	1.635855222	1.71869865	1.760837783	1.604815652	1.685810733	1.730835917	1.721884755	1.694809826	1.730524277	1.768621758	1.662240203	1.691754461	1.673055812	1.587801656	1.777408709	1.630361586	1.787214916	1.805055141	1.718628742	1.686648178	1.689810742	1.675020495	1.744237152	1.733736398	1.501977869	1.731835253	1.577272767	1.820995601	1.756372134	1.686568333	1.682496618	1.664065353	1.723700276	1.664810441	1.821100391	1.724522326	1.653733617	1.678379789	1.579124794	1.735310379	1.818915708	1.683612583	1.717175692	1.741818286	1.601350857	1.701927735	1.711576279	1.664113186	1.892914848	1.659376624	1.546444572	1.679503515	1.635365738	1.772326664	1.716153678	1.736355665	1.631210003	1.684587861	1.772174034	1.725447227	1.701399326	1.816127086	1.605086396	1.64919336	1.751374724	1.650651555	1.68015858	1.622506677	1.641669342	1.683024431	1.8053538	1.774122811
S012	1.590541233	1.701264402	1.772613164	1.799373294	1.78443433	1.704145751	1.681546673	1.878180637	1.795916872	1.668202766	1.702322346	0	1.751710836	1.668282893	1.807563053	1.654164777	1.750244947	1.74897566	1.755557768	1.68818055	1.730292929	1.80172559	1.738461889	1.719747936	1.795731412	1.688450117	1.82701152	1.68076833	1.727595684	1.707874148	1.794450707	1.697771266	1.707589275	1.883267235	1.808295587	1.678417238	1.659200673	1.678976864	1.712081221	1.680853765	1.747329882	1.626789998	1.784280541	1.626305748	1.552415824	1.695828921	1.821369554	1.831461806	1.665814274	1.747751303	1.779863498	1.795947526	1.659902179	1.787793139	1.724647589	1.767626063	1.721918558	1.747438409	1.620970846	1.619425585	1.776640426	1.754430951	1.879845687	1.607212794	1.699678387	1.790381657	1.85380098	1.709285329	1.819238712	1.714869749	1.811075472	1.776641316	1.647643933	1.722332969	1.744375067	1.794295686	1.699841634	1.871032254	1.729154704	1.727150393	1.78746215	1.851536264	1.781768354	1.893864539	1.786470087	1.633863645	1.680448898	1.664768421	1.749836214	1.66955908	1.744765346	1.714466018	1.801438516	1.663209065	1.685089636	1.776475369	1.768826814	1.829563157	1.761461802	1.738134079
S013	1.747266167	1.623982328	1.744759686	1.77370015	1.815344882	1.781000215	1.758439513	1.692751679	1.853372652	1.797830554	1.72220442	1.751710836	0	1.726975175	1.826358389	1.797285329	1.790138095	1.579591102	1.812489466	1.780446146	1.731920655	1.575616936	1.671831089	1.610895008	1.82216315	1.717244473	1.697549578	1.72035415	1.698364624	1.840763558	1.796016075	1.7851261	1.764885805	1.739990541	1.821813479	1.673228084	1.754029507	1.721990094	1.721594893	1.682738043	1.730582924	1.70845139	1.808321555	1.722314774	1.739039014	1.751371833	1.809919312	1.6828596	1.66668794	1.807371637	1.635598562	1.77622967	1.630893281	1.756762903	1.722735999	1.643922941	1.788444652	1.702773969	1.64424183	1.674087421	1.641415384	1.528797457	1.784423613	1.801438282	1.675987799	1.584412691	1.713019884	1.731253431	1.775374246	1.734441607	1.871835026	1.756929888	1.729731171	1.612995419	1.787846493	1.634411296	1.716266484	1.875888058	1.77024063	1.790344375	1.554971	1.787238416	1.696317572	1.682778173	1.676109045	1.827377431	1.70996779	1.833223839	1.696216802	1.73597027	1.660899666	1.79674232	1.748271274	1.564700693	1.71699818	1.668336215	1.702095306	1.748581955	1.634746936	1.733630029
S014	1.784895612	1.661575555	1.761339227	1.723945881	1.768516271	1.763838522	1.72364341	1.786229034	1.799110181	1.620364353	1.573278689	1.668282893	1.726975175	0	1.659264544	1.639062186	1.799237598	1.668092773	1.526892929	1.746441859	1.7461791	1.689361823	1.61008208	1.795963449	1.761560527	1.700362828	1.704050335	1.634517949	1.786184337	1.741753699	1.682966272	1.788766981	1.717753938	1.789434632	1.81224137	1.676881093	1.829087376	1.723874591	1.741049248	1.49852934	1.782267607	1.782602953	1.790271344	1.756221303	1.745984349	1.706981188	1.813569375	1.582418209	1.876707221	1.84675003	1.709383805	1.762077143	1.78356791	1.776236686	1.799503664	1.778505976	1.841738227	1.70847916	1.746656855	1.618862052	1.772695797	1.597753894	1.640342168	1.627997587	1.814600272	1.652292966	1.762122597	1.808433214	1.712709925	1.576608716	1.801915537	1.807959757	1.631646522	1.740089594	1.893952626	1.807325589	1.809952749	1.770061589	1.792830253	1.757625686	1.708410837	1.799198815	1.854105223	1.848045386	1.807032678	1.6724152	1.563057437	1.674886672	1.703980385	1.907871471	1.635143109	1.735028971	1.768264965	1.570804778	1.721886819	1.708372882	1.709167417	1.75716196	1.751909849	1.779030124
S015	1.6623061	1.578189187	1.685213685	1.726617377	1.732945357	1.79137337	1.570017986	1.720010332	1.818458123	1.675087811	1.652914931	1.807563053	1.826358389	1.659264544	0	1.617377024	1.80091677	1.743059793	1.603403411	1.686076189	1.661497988	1.695681765	1.625508264	1.709089535	1.651906393	1.754002514	1.717892727	1.668984287	1.694628927	1.722086835	1.778566766	1.706314345	1.682330872	1.756438392	1.697388008	1.632481719	1.75948275	1.581669443	1.766301196	1.696141024	1.718772313	1.775195859	1.671217834	1.615223673	1.707868561	1.577513196	1.585358171	1.727651621	1.760249251	1.701733264	1.667980469	1.684562267	1.666229082	1.808686004	1.735047036	1.717669228	1.719220489	1.71901044	1.743769271	1.590413616	1.695584407	1.714465252	1.87759763	1.683394867	1.662793508	1.62563556	1.679263997	1.71241808	1.713175511	1.732235178	1.756753667	1.784757423	1.627605136	1.728060972	1.713358252	1.625230779	1.699790343	1.775592517	1.825783283	1.751042046	1.739740785	1.749854725	1.649980581	1.768690584	1.73446767	1.629041522	1.684275471	1.726508566	1.639018787	1.845849819	1.602218377	1.698197155	1.677041049	1.608221384	1.641904761	1.69439499	1.711289693	1.71106628	1.716026965	1.563720898
S016	1.621485128	1.644385249	1.752918607	1.758885453	1.813918957	1.62827241	1.623901882	1.755076212	1.685224337	1.689995631	1.690112489	1.654164777	1.797285329	1.639062186	1.617377024	0	1.782258066	1.685380659	1.645941265	1.645757401	1.66865554	1.644776543	1.613145232	1.677798487	1.828045903	1.698778288	1.749737295	1.781825211	1.814479907	1.809750357	1.811999168	1.769989899	1.736157766	1.771749012	1.829144412	1.781142181	1.793390382	1.713706251	1.756570736	1.740849868	1.684901789	1.720675565	1.724929188	1.658988903	1.636382447	1.708784984	1.754462877	1.770116247	1.784431961	1.741311876	1.650393293	1.753312039	1.617938792	1.757777544	1.661461406	1.672995602	1.813625387	1.587825422	1.688817375	1.618796432	1.830910357	1.724244932	1.900637984	1.602014393	1.727505272	1.728931248	1.788877499	1.623986318	1.721178027	1.61709691	1.825419799	1.546332097	1.63161492	1.820002608	1.740104846	1.724645075	1.770576193	1.763267947	1.774803823	1.767341812	1.622907231	1.748451185	1.774744661	1.770678208	1.748584208	1.752481832	1.475174069	1.764431884	1.703407731	1.762254565	1.733153289	1.654247827	1.758554181	1.652178372	1.730393619	1.664388464	1.626485737	1.783360512	1.844905187	1.748877948
S017	1.811186884	1.822243415	1.709892133	1.824190807	1.660520055	1.729661408	1.753403662	1.798836332	1.681182063	1.663559333	1.660555447	1.750244947	1.790138095	1.799237598	1.80091677	1.782258066	0	1.660262283	1.686736283	1.708576637	1.624243628	1.740484993	1.735581584	1.602355967	1.717959375	1.702437948	1.786355449	1.765389559	1.770970755	1.652449845	1.791261458	1.671751083	1.824799118	1.647604024	1.9059661	1.758524799	1.77522281	1.828861879	1.753063848	1.643775914	1.822388191	1.775711695	1.872200864	1.702827697	1.689322275	1.683983902	1.836212609	1.776038791	1.729693395	1.75997464	1.701327927	1.841118481	1.667963448	1.791868506	1.690213974	1.836305668	1.764517349	1.669559454	1.730975307	1.807987238	1.734713953	1.73832174	1.747773102	1.755373587	1.764260122	1.768607522	1.826182801	1.788655814	1.836714353	1.675901116	1.776712589	1.647738197	1.622958236	1.680437334	1.658370216	1.757083419	1.842181841	1.651705085	1.793861023	1.588035844	1.713674419	1.682505307	1.763309287	1.846523364	1.839585798	1.73385338	1.826373991	1.72605177	1.760699337	1.818808981	1.844028029	1.718943551	1.759302615	1.810851308	1.748645481	1.801989066	1.706033001	1.471599802	1.775046947	1.709259194
S018	1.780847117	1.807061494	1.665619834	1.87620279	1.72452254	1.801897957	1.677033541	1.741545145	1.608143384	1.784640208	1.69191966	1.74897566	1.579591102	1.668092773	1.743059793	1.685380659	1.660262283	0	1.749100604	1.779103672	1.838611493	1.696964286	1.778759365	1.797575666	1.893130428	1.764097113	1.794179146	1.668804944	1.789800718	1.7901317	1.787905123	1.77885894	1.849301991	1.666702393	1.880058647	1.85541922	1.720721483	1.819199212	1.731520511	1.811958385	1.841014248	1.81587911	1.763634387	1.79156358	1.719983658	1.731858507	1.830373938	1.742116498	1.724030142	1.751386165	1.742634216	1.669870438	1.772421833	1.881017817	1.861235885	1.787079045	1.695253404	1.702848291	1.701184404	1.880414773	1.794007076	1.786283619	1.723065013	1.764749292	1.687764337	1.758700153	1.807318428	1.774087359	1.81904529	1.693497359	1.788259124	1.700872084	1.792699227	1.764366675	1.881083807	1.749069016	1.758849126	1.842613638	1.789692542	1.788512895	1.741846468	1.79116115	1.874311044	1.819741469	1.812216363	1.817322433	1.673422882	1.762613317	1.735025542	1.893728144	1.738388094	1.799412328	1.83105728	1.775511021	1.713516574	1.593370203	1.81951961	1.600628195	1.84759468	1.622805551
S019	1.649161691	1.572643662	1.759441218	1.749899452	1.871666978	1.539006479	1.737906711	1.683646609	1.824411208	1.678190944	1.704495914	1.755557768	1.812489466	1.526892929	1.603403411	1.645941265	1.686736283	1.749100604	0	1.750671104	1.678120559	1.74191401	1.712229213	1.609858812	1.72841632	1.751624795	1.69606656	1.725957306	1.673767556	1.687271184	1.727724287	1.662131296	1.673167579	1.755460625	1.795773951	1.693886882	1.774132931	1.76270018	1.626598965	1.517970019	1.705318306	1.728310004	1.725460781	1.539893622	1.724276362	1.700263163	1.698524406	1.576517834	1.65298189	1.832030505	1.718115482	1.69057349	1.699256003	1.763520635	1.803894795	1.769711151	1.7123303	1.676166133	1.696623692	1.616389541	1.792684432	1.653724413	1.647259241	1.715111558	1.765855141	1.726416305	1.817713956	1.725038145	1.73764911	1.677539773	1.814069452	1.713237312	1.666747697	1.696588399	1.729852731	1.693955906	1.771234462	1.784185706	1.702274664	1.644073457	1.752501528	1.824483674	1.85591321	1.762863367	1.740833245	1.685641925	1.780567772	1.779772143	1.704787382	1.84769665	1.773738792	1.824541312	1.671369352	1.530180725	1.699945068	1.775415383	1.601331326	1.796706075	1.709624804	1.781916323
S020	1.756989265	1.631371442	1.719042594	1.766094746	1.819734928	1.718661111	1.462922371	1.819819473	1.579961672	1.624453932	1.627302746	1.68818055	1.780446146	1.746441859	1.686076189	1.645757401	1.708576637	1.779103672	1.750671104	0	1.645314765	1.72858619	1.663724965	1.77383183	1.729674204	1.763778759	1.732642004	1.74027405	1.722022934	1.742541316	1.631087111	1.776693242	1.826320441	1.805593613	1.843298685	1.738100176	1.738277673	1.839638796	1.771285473	1.713110717	1.76963982	1.607666076	1.801443547	1.67471274	1.6651702	1.692292923	1.823043472	1.765379228	1.647576198	1.628890763	1.826451212	1.594106384	1.731344301	1.601991795	1.645716685	1.615657049	1.813562208	1.674095657	1.571385408	1.814490369	1.835755184	1.668057515	1.720879147	1.70021786	1.495748009	1.574186063	1.76669457	1.707338637	1.662720132	1.724835169	1.845773858	1.775166484	1.648262659	1.636780965	1.629691809	1.737434128	1.772702436	1.7674038	1.683709322	1.671792511	1.69947591	1.56244444	1.705145812	1.792553601	1.806780915	1.707632201	1.690388574	1.628613831	1.662317296	1.808091234	1.827008178	1.683551184	1.75254643	1.627267019	1.691449358	1.677760337	1.676591486	1.766474253	1.887814508	1.573763953
S021	1.67886566	1.570304909	1.695488697	1.714736319	1.760508661	1.640081308	1.544285772	1.640973076	1.821148627	1.716591459	1.650418257	1.730292929	1.731920655	1.7461791	1.661497988	1.66865554	1.624243628	1.838611493	1.678120559	1.645314765	0	1.654582043	1.625302846	1.513684975	1.629317643	1.534981634	1.563760769	1.630588479	1.647308623	1.623088323	1.63328612	1.657966487	1.648203492	1.723584766	1.806420376	1.768156287	1.80913062	1.742016805	1.723803138	1.69045272	1.854927085	1.682265897	1.69926464	1.502706311	1.748021751	1.73805186	1.495565427	1.641113265	1.691141541	1.694629866	1.806496125	1.735131057	1.698202664	1.755094082	1.599599956	1.698895068	1.721884995	1.65729847	1.578225365	1.63888076	1.763740803	1.81631212	1.763652902	1.674186887	1.648888686	1.705533788	1.792486985	1.672306264	1.707891453	1.727521118	1.862066763	1.684669511	1.741773472	1.66531396	1.76454803	1.694413887	1.773444197	1.703105935	1.689108811	1.687126736	1.593716043	1.744615781	1.714113379	1.78679727	1.73356701	1.597058504	1.657215941	1.789978296	1.656342171	1.773624805	1.788398801	1.700306913	1.642204393	1.65150056	1.637166723	1.85032822	1.697054819	1.754734698	1.897321703	1.77157232
S022	1.762404643	1.672252412	1.630712272	1.787462458	1.578198058	1.769117875	1.760526617	1.833160349	1.765467514	1.766235486	1.719413368	1.80172559	1.575616936	1.689361823	1.695681765	1.644776543	1.740484993	1.696964286	1.74191401	1.72858619	1.654582043	0	1.625047103	1.772543064	1.83128895	1.713739597	1.62083088	1.707210694	1.767212642	1.682468694	1.883564313	1.736073648	1.816159483	1.779978655	1.812341169	1.713356082	1.636940445	1.810279616	1.645607137	1.671302655	1.758308594	1.77477697	1.790370501	1.71487628	1.666667578	1.678934287	1.764767498	1.644170086	1.74820966	1.761987637	1.648104298	1.665869664	1.797901781	1.787277369	1.760957689	1.726752131	1.706421142	1.736001697	1.675347764	1.748629509	1.868424186	1.659738409	1.834592793	1.728684428	1.660869575	1.655943149	1.800175798	1.738928617	1.811093176	1.632931143	1.755566814	1.68036901	1.681177201	1.751380713	1.829040747	1.643237542	1.84139979	1.85501147	1.847048142	1.684686753	1.609794498	1.734484214	1.666623164	1.772326371	1.722372185	1.789286315	1.651400404	1.757555463	1.696374164	1.74070686	1.712260944	1.75579392	1.735879034	1.643413167	1.689522274	1.774682907	1.636184004	1.781881053	1.788176304	1.744623341
S023	1.63104626	1.693015113	1.712460055	1.611321963	1.757046121	1.61158332	1.7126959	1.812308168	1.806004721	1.647975381	1.629148741	1.738461889	1.671831089	1.61008208	1.625508264	1.613145232	1.735581584	1.778759365	1.712229213	1.663724965	1.625302846	1.625047103	0	1.682192261	1.746620203	1.760131098	1.746233615	1.684670705	1.719577669	1.831270491	1.839730464	1.618623677	1.69649142	1.853039826	1.704926966	1.670965037	1.866014986	1.785447153	1.7965241	1.712659126	1.794028033	1.671601815	1.712949142	1.521558305	1.714346657	1.687915938	1.642076103	1.734465183	1.756910459	1.682249628	1.719020735	1.780568945	1.630806128	1.720835204	1.712001542	1.640610024	1.883427369	1.774490148	1.592601877	1.65189821	1.705557619	1.685114946	1.71279973	1.734145513	1.670744582	1.702537998	1.755226207	1.676763922	1.760763191	1.753877352	1.800402375	1.785641499	1.62213577	1.709616634	1.763314534	1.745275577	1.835738693	1.693176679	1.807736509	1.794719096	1.611086555	1.839198839	1.795871347	1.69956636	1.875135982	1.751207836	1.625712123	1.699547712	1.701737177	1.718984501	1.665733079	1.784681689	1.792879757	1.61967739	1.715173391	1.678266126	1.626795343	1.76738454	1.782505281	1.747199548
S024	1.595173867	1.673398974	1.733102364	1.833680488	1.818003176	1.740828255	1.739868287	1.653803515	1.836734584	1.682045182	1.611713418	1.719747936	1.610895008	1.795963449	1.709089535	1.677798487	1.602355967	1.797575666	1.609858812	1.77383183	1.513684975	1.772543064	1.682192261	0	1.768051162	1.525890067	1.683068774	1.7874642	1.501729658	1.766179908	1.823280691	1.653327452	1.786305065	1.758911537	1.766655007	1.614957386	1.624437753	1.790465896	1.627139543	1.684102925	1.802947132	1.737234436	1.745381525	1.57606353	1.68328653	1.742413183	1.61621544	1.701593178	1.662798174	1.715293311	1.669926234	1.734190534	1.560765071	1.806032025	1.724596783	1.702582407	1.68017523	1.710510101	1.725668866	1.746452665	1.705682316	1.581144893	1.873366699	1.68033793	1.596283251	1.696400063	1.749097486	1.641545481	1.698764682	1.777938581	1.836110396	1.65894009	1.723969277	1.607686919	1.642104449	1.745001738	1.705221002	1.762164842	1.745591078	1.746903093	1.624445396	1.839589756	1.686256222	1.605631803	1.802549303	1.624891269	1.707854896	1.704433909	1.724404182	1.717597064	1.730494644	1.75103067	1.87846942	1.571169885	1.728697764	1.671822487	1.697606964	1.520275647	1.818943712	1.535318957
S025	1.681966301	1.650308058	1.679368738	1.770368968	1.864718116	1.708320903	1.693744997	1.813121019	1.828892354	1.591157886	1.77672729	1.795731412	1.82216315	1.761560527	1.651906393	1.828045903	1.717959375	1.893130428	1.72841632	1.729674204	1.629317643	1.83128895	1.746620203	1.768051162	0	1.714979675	1.780477354	1.865870518	1.76155063	1.66769845	1.873970479	1.753659334	1.848275599	1.822052447	1.855604211	1.815332024	1.884965199	1.88763344	1.848741853	1.806052479	1.78388282	1.85531653	1.795266471	1.71088055	1.808090312	1.739592157	1.84683429	1.839993294	1.623450476	1.838752417	1.778020028	1.757770974	1.744855721	1.653452297	1.749159575	1.706715901	1.746596928	1.752397619	1.79543758	1.636425919	1.762210248	1.822396045	1.726535813	1.762845116	1.779687019	1.739721713	1.755758906	1.832050549	1.81775553	1.701474905	1.686270398	1.729347682	1.710575489	1.785700231	1.846559077	1.774021896	1.81736281	1.766318346	1.834783658	1.777392081	1.746214662	1.761201436	1.84517568	1.740740559	1.972872961	1.738120479	1.704739722	1.714473037	1.674831086	1.892931356	1.809955512	1.756471654	1.843161714	1.727965815	1.884098176	1.862446073	1.757095278	1.820764397	1.871810654	1.758402503
S026	1.690818356	1.764793627	1.750258741	1.703112175	1.711481969	1.786710906	1.698174236	1.617086354	1.846272739	1.844394579	1.719587407	1.688450117	1.717244473	1.700362828	1.754002514	1.698778288	1.702437948	1.764097113	1.751624795	1.763778759	1.534981634	1.713739597	1.760131098	1.525890067	1.714979675	0	1.817338023	1.697594815	1.684727245	1.701268013	1.63114694	1.707787333	1.725402744	1.641428986	1.747501566	1.664254873	1.850767656	1.532393577	1.763833814	1.63127302	1.649387801	1.803408771	1.825879982	1.645961141	1.674819279	1.663313408	1.760107397	1.767324083	1.725042983	1.6505954	1.604609965	1.786939865	1.647974676	1.578206234	1.719111146	1.680961318	1.839212187	1.68615465	1.744219589	1.646187652	1.853799707	1.73424037	1.809358088	1.696620211	1.641514246	1.598320926	1.828242609	1.822203342	1.785552551	1.680967416	1.831288273	1.743723575	1.734502948	1.753796706	1.60673222	1.612301943	1.777973489	1.761414977	1.727432875	1.555111156	1.698044941	1.725001365	1.788406579	1.725345288	1.77093992	1.60420151	1.535436187	1.697911576	1.722000905	1.772940065	1.817313889	1.763925327	1.722203737	1.681848634	1.686277395	1.76105884	1.688696291	1.688964546	1.825619041	1.543983408
S027	1.653734971	1.543586336	1.716504778	1.781731914	1.815210526	1.734751031	1.651930411	1.647572127	1.78833013	1.774576504	1.628209166	1.82701152	1.697549578	1.704050335	1.717892727	1.749737295	1.786355449	1.794179146	1.69606656	1.732642004	1.563760769	1.62083088	1.746233615	1.683068774	1.780477354	1.817338023	0	1.676342094	1.774051082	1.759770958	1.821791937	1.651690382	1.678109437	1.840481307	1.865882677	1.6875531	1.843560697	1.66422998	1.705468033	1.738407335	1.810263574	1.742712006	1.854657943	1.604899068	1.553354694	1.773078669	1.870761278	1.766784106	1.842792838	1.566257231	1.858935142	1.687731346	1.711133313	1.667326331	1.733477721	1.776904933	1.787538262	1.777360513	1.788785678	1.691277725	1.728200208	1.770796431	1.794253537	1.73553459	1.770855485	1.794814445	1.745562174	1.788931935	1.666737688	1.731018867	1.860258562	1.811341674	1.670051505	1.721133075	1.644978941	1.589808474	1.771653166	1.85627447	1.76246409	1.749825775	1.78807831	1.728474752	1.646603226	1.771321223	1.698508927	1.618587847	1.63071851	1.702233633	1.65982768	1.764820092	1.638603886	1.721122468	1.742766276	1.744952453	1.681068262	1.838329759	1.719597796	1.745927955	1.87078449	1.765697915
S028	1.662708107	1.776276488	1.772585096	1.759227944	1.709651528	1.763446183	1.623679825	1.772223653	1.91202996	1.766209034	1.735007914	1.68076833	1.72035415	1.634517949	1.668984287	1.781825211	1.765389559	1.668804944	1.725957306	1.74027405	1.630588479	1.707210694	1.684670705	1.7874642	1.865870518	1.697594815	1.676342094	0	1.866481252	1.766867762	1.776762593	1.724033086	1.709761797	1.726559591	1.704162589	1.706080398	1.788555743	1.595014574	1.781525217	1.754571369	1.79657891	1.750050262	1.666956833	1.578144444	1.668738076	1.708852061	1.79591032	1.803888698	1.759850454	1.631594473	1.679952646	1.693457236	1.758583593	1.696873013	1.686294839	1.731820195	1.784160422	1.664485275	1.666519118	1.792510883	1.71193256	1.813132223	1.742360145	1.57224388	1.604135587	1.784919827	1.783631978	1.795611693	1.68390725	1.796195519	1.825950458	1.698883716	1.342613977	1.691804191	1.752059151	1.757053624	1.77969063	1.780687178	1.851871916	1.723723309	1.768776666	1.70382435	1.791772122	1.721007615	1.806197871	1.618416313	1.680768812	1.838880291	1.685483978	1.74042143	1.704122114	1.831289756	1.722137964	1.683567001	1.671235524	1.808703583	1.555299168	1.703268837	1.81411182	1.754896841
S029	1.780518171	1.73963541	1.71958124	1.809507162	1.797658286	1.648487767	1.697992471	1.727219849	1.79210591	1.716153548	1.635855222	1.727595684	1.698364624	1.786184337	1.694628927	1.814479907	1.770970755	1.789800718	1.673767556	1.722022934	1.647308623	1.767212642	1.719577669	1.501729658	1.76155063	1.684727245	1.774051082	1.866481252	0	1.728540782	1.790320361	1.702646228	1.734054817	1.733877509	1.623605893	1.598585754	1.618881543	1.746377204	1.759302297	1.654988715	1.615207688	1.779111084	1.752048431	1.638645014	1.719092362	1.847097319	1.717381682	1.72407458	1.62956607	1.822314977	1.730751674	1.705987904	1.710175619	1.637506505	1.693094393	1.689811391	1.729895186	1.782493673	1.734798346	1.831959629	1.75678784	1.693127219	1.817073163	1.779227454	1.630976687	1.734865769	1.799446772	1.827673209	1.731298892	1.700562441	1.724727392	1.745204482	1.731158143	1.658296231	1.690604625	1.740827902	1.695112508	1.796454864	1.788839274	1.839403489	1.70157544	1.807230336	1.71557095	1.681020699	1.762889305	1.768376953	1.735598992	1.681599895	1.63754544	1.931493452	1.763556732	1.701107384	1.785480082	1.537681197	1.646659054	1.667599637	1.761700766	1.676857909	1.684997084	1.721857325
S030	1.702520601	1.726290016	1.594769956	1.739686212	1.736860286	1.688679541	1.514695161	1.784775299	1.858420856	1.676547686	1.71869865	1.707874148	1.840763558	1.741753699	1.722086835	1.809750357	1.652449845	1.7901317	1.687271184	1.742541316	1.623088323	1.682468694	1.831270491	1.766179908	1.66769845	1.701268013	1.759770958	1.766867762	1.728540782	0	1.785029391	1.571768618	1.830912145	1.758060277	1.851836993	1.76253452	1.703540045	1.737242194	1.720798525	1.733773925	1.804946598	1.760820762	1.713460661	1.670072744	1.770749018	1.724958041	1.70036082	1.765101686	1.767454916	1.734078595	1.855132066	1.623759372	1.763763239	1.609953253	1.772325155	1.764816263	1.661724116	1.700315615	1.694931578	1.697086669	1.769295986	1.715159977	1.782872869	1.686593712	1.724639029	1.769765621	1.767482774	1.739227283	1.80054504	1.715635063	1.811884582	1.693028408	1.728834351	1.624307249	1.792380815	1.7605502	1.781089804	1.656179086	1.831003802	1.651857755	1.740712878	1.664224392	1.739812798	1.820635077	1.724933869	1.666586339	1.652043414	1.704132203	1.65863258	1.693361994	1.90289498	1.591106276	1.647832682	1.723695763	1.725107806	1.741310937	1.711207752	1.782947601	1.707454052	1.651359793
S031	1.729441772	1.866703847	1.766478291	1.761743903	1.792151119	1.807616068	1.67176342	1.79827439	1.822535361	1.716874947	1.760837783	1.794450707	1.796016075	1.682966272	1.778566766	1.811999168	1.791261458	1.787905123	1.727724287	1.631087111	1.63328612	1.883564313	1.839730464	1.823280691	1.873970479	1.63114694	1.821791937	1.776762593	1.790320361	1.785029391	0	1.733276615	1.759042398	1.695676884	1.858332454	1.756945637	1.780884638	1.749706569	1.792944648	1.769945894	1.688506605	1.750309227	1.821441994	1.784586933	1.839544721	1.865382924	1.820268637	1.829463915	1.742345289	1.850143054	1.794651995	1.653040841	1.825189986	1.756175	1.753257216	1.750725114	1.854722881	1.581518682	1.727995351	1.793794714	1.860990819	1.779723724	1.79129957	1.763297771	1.710330542	1.797148526	1.825644859	1.833946516	1.774355469	1.693388732	1.936342711	1.850454153	1.809544268	1.741766536	1.780072768	1.779587977	1.811768001	1.832068665	1.739058413	1.67531816	1.908704073	1.774035727	1.872529281	1.914726132	1.840213474	1.83245665	1.759119901	1.820840096	1.819312877	1.886412367	1.907115389	1.771934189	1.734956875	1.758565986	1.775051097	1.863427704	1.831853309	1.807263128	1.793142785	1.726947032
S032	1.622367187	1.649402684	1.787492942	1.65403946	1.816011098	1.741819581	1.578684759	1.752849265	1.84501527	1.71301488	1.604815652	1.697771266	1.7851261	1.788766981	1.706314345	1.769989899	1.671751083	1.77885894	1.662131296	1.776693242	1.657966487	1.736073648	1.618623677	1.653327452	1.753659334	1.707787333	1.651690382	1.724033086	1.702646228	1.571768618	1.733276615	0	1.759138313	1.787313471	1.823177757	1.697309262	1.749307225	1.631203284	1.625490117	1.738401589	1.796349986	1.713052696	1.790628859	1.622104054	1.750476142	1.728611877	1.780535304	1.672646694	1.746470962	1.748148471	1.668242428	1.777513052	1.643922679	1.759609105	1.691353525	1.754024293	1.660636764	1.690438135	1.625604254	1.593853347	1.662700848	1.736891927	1.700424561	1.666503184	1.780208213	1.732695993	1.74424727	1.658033057	1.728528348	1.619757813	1.801719728	1.86603366	1.684910301	1.677009549	1.785645885	1.670392398	1.802752888	1.68840172	1.713032008	1.585054433	1.72615749	1.609580132	1.749148944	1.753844723	1.684730827	1.634742201	1.830295258	1.780506929	1.69898252	1.832605674	1.752616758	1.689010514	1.701708982	1.686469695	1.601911674	1.664282143	1.66083547	1.559148885	1.623909846	1.675593013
S033	1.6556206	1.524626761	1.772934469	1.845931827	1.837521261	1.760630304	1.767373682	1.77279468	1.839293983	1.807218979	1.685810733	1.707589275	1.764885805	1.717753938	1.682330872	1.736157766	1.824799118	1.849301991	1.673167579	1.826320441	1.648203492	1.816159483	1.69649142	1.786305065	1.848275599	1.725402744	1.678109437	1.709761797	1.734054817	1.830912145	1.759042398	1.759138313	0	1.68645801	1.791401616	1.793019625	1.771391594	1.622774929	1.775576008	1.618612594	1.773882343	1.726211013	1.80134339	1.687537037	1.736293943	1.76248058	1.808456761	1.800754155	1.667535585	1.652326594	1.808005391	1.825414337	1.645514268	1.784850944	1.78000859	1.722709002	1.826183603	1.80547159	1.661277723	1.736840376	1.805470539	1.871519752	1.761156298	1.684779567	1.813863384	1.833468714	1.886186341	1.70191114	1.891781777	1.795846974	1.784969489	1.759244651	1.793389848	1.74558485	1.72498708	1.807979057	1.797011439	1.876761197	1.716616313	1.851428972	1.830461487	1.769474635	1.843933285	1.771916082	1.729366084	1.843674302	1.796126039	1.791182164	1.753615069	1.830531145	1.746645939	1.794296047	1.673543753	1.630146104	1.780812451	1.83756174	1.845277039	1.761668186	1.825620899	1.760064368
