SampleID	building_1	building_2	building_3	building_4	building_5	building_6	building_7	building_8	building_9	building_10	building_11	building_12	building_13	building_14	building_15	building_16	building_17	building_18	building_19	building_20	building_21	building_22	building_23	building_24	building_25	building_26	building_27	building_28	building_29	building_30	building_31	building_32	building_33	building_34	building_35	building_36	building_37	building_38	building_39	building_40	building_41	building_42	building_43	building_44	building_45	building_46	building_47	building_48	building_49	building_50	building_51	building_52	building_53	building_54	building_55	building_56	building_57	building_58	building_59	building_60	building_61	building_62	building_63	building_64	building_65	building_66	building_67	building_68	building_69	building_70	building_71	building_72	building_73	building_74	building_75	building_76	building_77	building_78	building_79	building_80	building_81	building_82	building_83	building_84	building_85	building_86	building_87	building_88	building_89	building_90	building_91	building_92	building_93	building_94	building_95	building_96	building_97	building_98	building_99	building_100
building_1	0	0.560254	0.570886	0.573798	0.590984	0.551829	0.540924	0.515648	0.57578	0.569499	0.609202	0.5401	0.553659	0.610206	0.552264	0.56215	0.597725	0.563656	0.567625	0.527637	0.557487	0.549788	0.574707	0.585947	0.543616	0.557173	0.553163	0.582977	0.579135	0.546537	0.576333	0.57962	0.611599	0.590184	0.530268	0.596494	0.599571	0.573557	0.620921	0.550735	0.524154	0.569663	0.584519	0.582518	0.586402	0.543723	0.551084	0.581633	0.574511	0.576278	0.568208	0.555219	0.550803	0.590582	0.597927	0.549508	0.580034	0.60645	0.558279	0.575014	0.55823	0.580341	0.574927	0.558141	0.558035	0.601517	0.531456	0.552154	0.587948	0.550234	0.562186	0.567996	0.607533	0.569682	0.597671	0.588318	0.514054	0.548647	0.553911	0.603578	0.555966	0.534804	0.57579	0.589347	0.570019	0.534755	0.584238	0.554329	0.568477	0.531722	0.559576	0.553704	0.553895	0.607891	0.524344	0.566078	0.559154	0.570806	0.564877	0.58083
building_2	0.560254	0	0.573584	0.597472	0.589505	0.547156	0.5603	0.54149	0.582634	0.546682	0.588526	0.573471	0.55683	0.608608	0.525857	0.557954	0.607099	0.567622	0.543084	0.539492	0.570275	0.536271	0.57359	0.563148	0.554601	0.552729	0.577325	0.574182	0.594674	0.565805	0.547181	0.578175	0.58579	0.592186	0.561835	0.617926	0.598849	0.604141	0.612361	0.563469	0.537679	0.575908	0.594493	0.568975	0.5709	0.563827	0.535971	0.607432	0.527902	0.587389	0.548256	0.574764	0.542978	0.595243	0.617002	0.550964	0.587288	0.587426	0.556173	0.58381	0.546236	0.573594	0.582947	0.541064	0.564242	0.619419	0.556311	0.571525	0.57619	0.551701	0.567387	0.56672	0.589028	0.553824	0.590677	0.596012	0.553988	0.591353	0.56736	0.585275	0.539037	0.541077	0.590679	0.562398	0.57342	0.53398	0.570977	0.548511	0.565334	0.563583	0.58705	0.590481	0.53201	0.601744	0.559116	0.576598	0.557028	0.558398	0.547513	0.555826
building_3	0.570886	0.573584	0	0.611732	0.612499	0.569856	0.595222	0.561259	0.601724	0.588378	0.62601	0.581398	0.585166	0.621172	0.547952	0.552502	0.636768	0.609696	0.577847	0.551922	0.614064	0.564392	0.60464	0.614659	0.592072	0.582	0.596158	0.607448	0.630571	0.570494	0.609824	0.588522	0.593438	0.610495	0.549251	0.609969	0.625354	0.592261	0.632389	0.597517	0.577298	0.605525	0.59537	0.591468	0.575684	0.591112	0.576464	0.607637	0.57723	0.598745	0.584912	0.615306	0.56476	0.613207	0.59694	0.566513	0.585768	0.601553	0.603973	0.609654	0.586751	0.575945	0.601541	0.601128	0.594312	0.64301	0.588309	0.610722	0.590854	0.598601	0.576919	0.584635	0.608221	0.58907	0.592435	0.619421	0.569269	0.581576	0.581813	0.623139	0.595177	0.548042	0.61864	0.613026	0.613234	0.576093	0.621566	0.572067	0.558279	0.587471	0.593788	0.583631	0.600739	0.636132	0.569779	0.559571	0.587492	0.586631	0.564281	0.583508
building_4	0.573798	0.597472	0.611732	0	0.592472	0.588297	0.584922	0.588604	0.587071	0.571155	0.595181	0.574504	0.586535	0.658113	0.573481	0.577416	0.625893	0.593835	0.581737	0.578893	0.628611	0.579002	0.629537	0.628676	0.602739	0.606676	0.600376	0.617121	0.570494	0.613337	0.578306	0.617024	0.602244	0.584463	0.568866	0.597258	0.610638	0.609898	0.63302	0.608732	0.576779	0.609024	0.587909	0.581215	0.604241	0.596945	0.615227	0.596721	0.594794	0.641979	0.575503	0.572033	0.572239	0.644183	0.633095	0.598158	0.59179	0.627585	0.60339	0.583703	0.58826	0.600268	0.596893	0.569201	0.598735	0.628091	0.566574	0.592499	0.625189	0.60173	0.598033	0.593185	0.653561	0.585759	0.619091	0.622474	0.610806	0.614869	0.596238	0.614813	0.578543	0.571478	0.614442	0.593307	0.626318	0.571366	0.633421	0.598785	0.598493	0.595504	0.600235	0.593335	0.615769	0.645059	0.563247	0.594712	0.585199	0.596819	0.581199	0.582644
building_5	0.590984	0.589505	0.612499	0.592472	0	0.586757	0.562928	0.558405	0.627075	0.600431	0.641921	0.593159	0.577475	0.6395	0.592151	0.588544	0.608057	0.622378	0.611311	0.596644	0.622443	0.591336	0.626934	0.610051	0.582905	0.587241	0.577137	0.62203	0.608038	0.61595	0.622954	0.595156	0.621471	0.588414	0.571448	0.62919	0.601446	0.635366	0.641777	0.610269	0.598408	0.635535	0.60282	0.587418	0.611356	0.604248	0.607808	0.627226	0.599135	0.638091	0.584739	0.609504	0.600019	0.636826	0.638804	0.612141	0.601493	0.639647	0.597009	0.628967	0.566451	0.608192	0.610071	0.583639	0.596488	0.643163	0.595789	0.578649	0.618266	0.596283	0.606041	0.604517	0.647374	0.607016	0.634334	0.585989	0.57985	0.588977	0.595023	0.641869	0.585615	0.562934	0.597903	0.585095	0.610833	0.585443	0.610318	0.598071	0.621443	0.579782	0.602447	0.609744	0.614466	0.634017	0.59083	0.596045	0.597699	0.606114	0.553504	0.615217
building_6	0.551829	0.547156	0.569856	0.588297	0.586757	0	0.505612	0.56036	0.57064	0.561357	0.581692	0.553844	0.529545	0.6152	0.5385	0.543549	0.588712	0.554573	0.56289	0.495895	0.586587	0.546842	0.57475	0.590493	0.545688	0.555801	0.54614	0.600157	0.582682	0.55172	0.583681	0.566961	0.559738	0.56719	0.539524	0.589379	0.587696	0.555295	0.582391	0.539734	0.527505	0.570149	0.554047	0.537159	0.579901	0.52913	0.562154	0.588104	0.552007	0.59227	0.558948	0.582738	0.526189	0.59886	0.565215	0.532542	0.55826	0.582165	0.577532	0.564792	0.541243	0.533248	0.554762	0.544911	0.541566	0.583409	0.519077	0.547112	0.576591	0.530727	0.533826	0.555587	0.628271	0.563142	0.564688	0.569564	0.520897	0.555536	0.555116	0.59968	0.558301	0.541748	0.585269	0.584355	0.561485	0.527245	0.549598	0.530811	0.551601	0.541599	0.540257	0.573503	0.571987	0.596673	0.527416	0.571084	0.535429	0.551843	0.536413	0.56588
building_7	0.540924	0.5603	0.595222	0.584922	0.562928	0.505612	0	0.502163	0.580942	0.563449	0.606112	0.548802	0.545042	0.600176	0.523788	0.561873	0.587614	0.581512	0.550812	0.550549	0.593879	0.553263	0.55974	0.584757	0.550197	0.56756	0.550754	0.596514	0.560909	0.546297	0.590698	0.562134	0.595133	0.532548	0.534454	0.585219	0.600657	0.594774	0.600719	0.578756	0.52645	0.587591	0.554409	0.565058	0.582807	0.535897	0.556536	0.579748	0.559923	0.590676	0.561614	0.574823	0.515624	0.60552	0.597449	0.538613	0.574859	0.593552	0.581845	0.593873	0.554101	0.562618	0.566945	0.540496	0.56212	0.586806	0.549323	0.57358	0.592592	0.539241	0.568446	0.538952	0.586447	0.575192	0.555506	0.58327	0.539042	0.544347	0.554903	0.615414	0.544338	0.506803	0.584694	0.575139	0.578431	0.521778	0.549666	0.557378	0.554139	0.560758	0.576309	0.528614	0.564054	0.586189	0.534794	0.569579	0.535891	0.566089	0.558991	0.57429
building_8	0.515648	0.54149	0.561259	0.588604	0.558405	0.56036	0.502163	0	0.568125	0.546764	0.612754	0.518623	0.532344	0.612809	0.546621	0.5591	0.594094	0.567983	0.536765	0.530558	0.578844	0.527881	0.583029	0.572659	0.546516	0.546794	0.537345	0.571766	0.583514	0.559168	0.548668	0.570365	0.598509	0.55749	0.517588	0.589963	0.547517	0.573724	0.580253	0.569872	0.502596	0.572593	0.566097	0.550034	0.569078	0.537854	0.552323	0.585389	0.569571	0.575199	0.556907	0.54713	0.494471	0.6192	0.599924	0.521988	0.590902	0.59849	0.583395	0.592136	0.55831	0.554759	0.532717	0.533664	0.551904	0.577716	0.521482	0.530063	0.562627	0.523174	0.560539	0.549481	0.606703	0.564227	0.579857	0.5802	0.528389	0.550228	0.551655	0.577489	0.541767	0.510006	0.580284	0.573865	0.564961	0.542046	0.572531	0.54361	0.563676	0.547173	0.553107	0.56033	0.557706	0.592965	0.52625	0.555149	0.536447	0.570179	0.532282	0.53848
building_9	0.57578	0.582634	0.601724	0.587071	0.627075	0.57064	0.580942	0.568125	0	0.570312	0.603182	0.561925	0.59451	0.625575	0.561948	0.552612	0.602981	0.59484	0.56809	0.56463	0.627498	0.589422	0.608301	0.604265	0.584991	0.593463	0.570039	0.607772	0.603381	0.563105	0.61065	0.592821	0.619038	0.591761	0.587894	0.62274	0.632103	0.599781	0.61374	0.587902	0.557185	0.618846	0.603795	0.580244	0.598032	0.602087	0.563894	0.5904	0.586546	0.615941	0.572141	0.573863	0.569586	0.637546	0.617144	0.568562	0.596195	0.607805	0.573585	0.59445	0.601155	0.588782	0.571731	0.567954	0.587715	0.61047	0.57664	0.595007	0.609447	0.548563	0.577405	0.602216	0.639013	0.599445	0.590478	0.560917	0.552213	0.579553	0.591167	0.614349	0.568262	0.556564	0.582002	0.627271	0.615369	0.578686	0.611759	0.575365	0.573144	0.596971	0.576358	0.597754	0.595335	0.636044	0.567406	0.59263	0.587583	0.60137	0.559689	0.591009
building_10	0.569499	0.546682	0.588378	0.571155	0.600431	0.561357	0.563449	0.546764	0.570312	0	0.597994	0.565274	0.559709	0.614825	0.538357	0.553165	0.613851	0.547354	0.521392	0.551298	0.587443	0.540051	0.583775	0.570283	0.571002	0.537974	0.571021	0.58519	0.588591	0.559732	0.583155	0.573281	0.593289	0.60596	0.547439	0.593936	0.581706	0.590916	0.602323	0.551508	0.551983	0.618576	0.581601	0.569527	0.577468	0.566471	0.557625	0.586918	0.549963	0.604776	0.577118	0.574422	0.549455	0.62114	0.617588	0.550698	0.588873	0.585769	0.599283	0.570616	0.587367	0.561927	0.563494	0.559194	0.551219	0.603048	0.571284	0.539881	0.601366	0.542389	0.557719	0.572254	0.606615	0.540427	0.582664	0.569489	0.561394	0.590633	0.564419	0.5864	0.568159	0.562896	0.602962	0.577615	0.595334	0.548811	0.598016	0.567384	0.58264	0.560754	0.561707	0.550742	0.578324	0.618742	0.564551	0.58238	0.524809	0.576382	0.559406	0.578854
building_11	0.609202	0.588526	0.62601	0.595181	0.641921	0.581692	0.606112	0.612754	0.603182	0.597994	0	0.585539	0.600322	0.633669	0.578864	0.597261	0.612295	0.627023	0.586514	0.595428	0.616865	0.586487	0.61589	0.600647	0.594441	0.590151	0.625836	0.617277	0.607202	0.601843	0.586284	0.597183	0.604442	0.597143	0.598248	0.653351	0.65482	0.611156	0.630388	0.583245	0.574316	0.617433	0.609221	0.595032	0.598522	0.605667	0.613825	0.609399	0.598485	0.643675	0.59267	0.610699	0.583344	0.650937	0.612448	0.591338	0.63351	0.630064	0.581565	0.611101	0.602196	0.588648	0.616744	0.569162	0.584392	0.631882	0.587121	0.61298	0.621439	0.603757	0.575979	0.612651	0.622211	0.58623	0.599525	0.631062	0.610038	0.593884	0.618705	0.638129	0.605764	0.614769	0.629563	0.624442	0.595279	0.59156	0.614861	0.602372	0.619633	0.599451	0.586671	0.602028	0.596063	0.620893	0.590584	0.621007	0.593172	0.586901	0.597757	0.613431
building_12	0.5401	0.573471	0.581398	0.574504	0.593159	0.553844	0.548802	0.518623	0.561925	0.565274	0.585539	0	0.55017	0.593996	0.544039	0.561337	0.600382	0.569115	0.54017	0.552911	0.593924	0.559153	0.572889	0.576175	0.566007	0.550813	0.573575	0.570433	0.579023	0.548241	0.563659	0.581137	0.593148	0.587091	0.561683	0.607001	0.580838	0.554529	0.627295	0.568066	0.545099	0.553846	0.565391	0.563169	0.580922	0.56196	0.553159	0.601382	0.557861	0.582568	0.576081	0.569263	0.536186	0.622775	0.579952	0.539224	0.586559	0.580881	0.585219	0.582394	0.551577	0.580055	0.57219	0.542568	0.577954	0.557352	0.530933	0.573061	0.591056	0.525788	0.567616	0.549668	0.61727	0.543361	0.546645	0.570245	0.550739	0.571411	0.587262	0.609283	0.568499	0.536664	0.571459	0.570175	0.553897	0.537009	0.583403	0.551511	0.549287	0.567626	0.575878	0.560643	0.56923	0.593641	0.573883	0.577565	0.529495	0.560583	0.54301	0.570571
building_13	0.553659	0.55683	0.585166	0.586535	0.577475	0.529545	0.545042	0.532344	0.59451	0.559709	0.600322	0.55017	0	0.649656	0.548642	0.553834	0.587509	0.590786	0.555247	0.55594	0.578761	0.558683	0.570755	0.566122	0.555683	0.550756	0.563608	0.570484	0.571444	0.606066	0.560452	0.584514	0.583233	0.570729	0.532101	0.591972	0.598197	0.576403	0.586432	0.562639	0.520202	0.59109	0.577231	0.573916	0.55768	0.561938	0.553073	0.563693	0.562902	0.585934	0.57483	0.573584	0.55249	0.608019	0.602929	0.542309	0.598113	0.578239	0.606638	0.565928	0.564628	0.55909	0.559469	0.52624	0.539104	0.579141	0.52985	0.544739	0.557278	0.553737	0.532023	0.555693	0.629552	0.526195	0.587489	0.585756	0.524633	0.55533	0.574714	0.583387	0.547716	0.563512	0.557933	0.617986	0.55942	0.535782	0.594938	0.553308	0.540252	0.546014	0.563441	0.563927	0.573586	0.596528	0.533243	0.574041	0.520382	0.552804	0.544498	0.581773
building_14	0.610206	0.608608	0.621172	0.658113	0.6395	0.6152	0.600176	0.612809	0.625575	0.614825	0.633669	0.593996	0.649656	0	0.596536	0.594263	0.619635	0.639077	0.615267	0.586958	0.614823	0.603085	0.623341	0.620883	0.615671	0.592344	0.620829	0.635816	0.641258	0.595088	0.622935	0.620041	0.64187	0.612867	0.613392	0.632878	0.671803	0.633166	0.64469	0.600393	0.607545	0.625047	0.643122	0.621404	0.651093	0.615085	0.617694	0.639818	0.621593	0.621891	0.612361	0.640484	0.590341	0.631923	0.610216	0.583007	0.632077	0.629592	0.62133	0.643865	0.610873	0.638297	0.612917	0.601311	0.640038	0.630069	0.591929	0.634312	0.628531	0.60776	0.616849	0.614095	0.635486	0.627532	0.619962	0.634744	0.605475	0.610754	0.61907	0.652777	0.622011	0.587108	0.643528	0.632562	0.641285	0.612675	0.619566	0.601544	0.594529	0.622905	0.634752	0.622106	0.614983	0.651409	0.611126	0.621015	0.577914	0.637007	0.613064	0.609301
building_15	0.552264	0.525857	0.547952	0.573481	0.592151	0.5385	0.523788	0.546621	0.561948	0.538357	0.578864	0.544039	0.548642	0.596536	0	0.541116	0.585131	0.553382	0.544083	0.523819	0.581782	0.540516	0.563481	0.561435	0.55254	0.554855	0.532363	0.575264	0.600154	0.570208	0.556265	0.573946	0.57887	0.569969	0.527012	0.579876	0.609692	0.574979	0.58542	0.536717	0.532021	0.570734	0.553194	0.554199	0.564116	0.546192	0.558924	0.585233	0.528298	0.54743	0.539349	0.547321	0.521668	0.600813	0.57868	0.546953	0.594723	0.585564	0.544276	0.584636	0.540938	0.551776	0.576558	0.548302	0.536812	0.585583	0.558216	0.551722	0.563969	0.529615	0.542851	0.558821	0.599138	0.552047	0.572104	0.589967	0.530203	0.561704	0.53243	0.605507	0.54034	0.544766	0.572512	0.581806	0.555078	0.523884	0.609477	0.515239	0.56097	0.536724	0.573275	0.536731	0.562059	0.578403	0.533635	0.547753	0.535556	0.579454	0.551543	0.558583
building_16	0.56215	0.557954	0.552502	0.577416	0.588544	0.543549	0.561873	0.5591	0.552612	0.553165	0.597261	0.561337	0.553834	0.594263	0.541116	0	0.609397	0.551092	0.557774	0.507745	0.582744	0.559741	0.573554	0.5583	0.558253	0.58054	0.570446	0.580548	0.598876	0.540505	0.574459	0.591832	0.603525	0.572942	0.528008	0.589409	0.58861	0.579334	0.590944	0.541298	0.535937	0.564357	0.577677	0.554943	0.574365	0.546743	0.556724	0.556664	0.557977	0.580739	0.52099	0.558195	0.530484	0.609162	0.580225	0.53853	0.582384	0.573711	0.561106	0.57649	0.557899	0.542427	0.584943	0.532366	0.555622	0.615994	0.550777	0.591808	0.562536	0.522052	0.540782	0.56699	0.609887	0.560321	0.546464	0.582592	0.535131	0.555967	0.547177	0.623543	0.563027	0.548194	0.595242	0.566934	0.567195	0.531874	0.571248	0.544584	0.57665	0.561672	0.577986	0.547141	0.575919	0.611803	0.542094	0.54462	0.529188	0.566969	0.547187	0.570786
building_17	0.597725	0.607099	0.636768	0.625893	0.608057	0.588712	0.587614	0.594094	0.602981	0.613851	0.612295	0.600382	0.587509	0.619635	0.585131	0.609397	0	0.625449	0.599787	0.575566	0.624859	0.569894	0.625994	0.62928	0.587223	0.588311	0.589122	0.616629	0.596286	0.601326	0.599691	0.614595	0.64734	0.628863	0.575815	0.633252	0.646	0.631492	0.643435	0.594978	0.569575	0.632074	0.624748	0.611642	0.614612	0.584986	0.608765	0.627769	0.596292	0.63082	0.585073	0.602647	0.587321	0.652406	0.5916	0.614526	0.628279	0.628166	0.60287	0.609554	0.598645	0.610019	0.61009	0.584941	0.607114	0.637995	0.595551	0.598637	0.625033	0.603006	0.587988	0.612973	0.632942	0.59351	0.627618	0.624908	0.592573	0.625755	0.602989	0.63095	0.610535	0.582444	0.600646	0.627801	0.635749	0.586045	0.612874	0.59831	0.607	0.611748	0.582122	0.560076	0.607183	0.622628	0.622565	0.594432	0.584969	0.612041	0.609602	0.615168
building_18	0.563656	0.567622	0.609696	0.593835	0.622378	0.554573	0.581512	0.567983	0.59484	0.547354	0.627023	0.569115	0.590786	0.639077	0.553382	0.551092	0.625449	0	0.583312	0.567445	0.614076	0.584039	0.61211	0.607232	0.600495	0.580779	0.587249	0.594819	0.601835	0.553565	0.587505	0.606757	0.628158	0.62822	0.574402	0.603491	0.600799	0.609744	0.607854	0.575993	0.549946	0.608442	0.614158	0.585834	0.609608	0.579565	0.597922	0.57917	0.584247	0.610242	0.583323	0.574329	0.576985	0.624045	0.627789	0.573586	0.610174	0.608395	0.571006	0.615914	0.579837	0.560688	0.60483	0.582477	0.571133	0.623628	0.566073	0.589619	0.60166	0.557999	0.577354	0.594764	0.630828	0.58168	0.575107	0.579228	0.56446	0.586433	0.597484	0.625137	0.583673	0.565429	0.630245	0.615414	0.606934	0.57212	0.621087	0.559701	0.590505	0.587458	0.578116	0.600695	0.582119	0.619571	0.56447	0.598612	0.576928	0.581254	0.588239	0.596624
building_19	0.567625	0.543084	0.577847	0.581737	0.611311	0.56289	0.550812	0.536765	0.56809	0.521392	0.586514	0.54017	0.555247	0.615267	0.544083	0.557774	0.599787	0.583312	0	0.543198	0.561005	0.533324	0.582376	0.57146	0.572997	0.526232	0.55701	0.59356	0.56073	0.5682	0.568305	0.572906	0.565392	0.570149	0.545257	0.588738	0.583997	0.576088	0.588971	0.580031	0.550298	0.575773	0.578665	0.567797	0.560624	0.564325	0.569201	0.567404	0.55671	0.574839	0.53545	0.548283	0.54668	0.597898	0.594582	0.555516	0.614106	0.580155	0.566793	0.563585	0.5946	0.545127	0.583479	0.566376	0.550022	0.589417	0.527305	0.558586	0.604583	0.559228	0.557532	0.54726	0.589378	0.559817	0.61099	0.599525	0.564383	0.571813	0.559841	0.566507	0.568612	0.533336	0.590353	0.580472	0.575715	0.555506	0.564817	0.544769	0.585809	0.539972	0.571143	0.553236	0.585944	0.610831	0.535617	0.593071	0.537855	0.573728	0.535597	0.56056
building_20	0.527637	0.539492	0.551922	0.578893	0.596644	0.495895	0.550549	0.530558	0.56463	0.551298	0.595428	0.552911	0.55594	0.586958	0.523819	0.507745	0.575566	0.567445	0.543198	0	0.567852	0.535651	0.569322	0.58723	0.530236	0.55733	0.550034	0.587553	0.576013	0.54636	0.55674	0.550902	0.564525	0.579647	0.543247	0.572829	0.596613	0.558569	0.591144	0.561999	0.520404	0.563848	0.584898	0.567281	0.565479	0.534752	0.545643	0.568089	0.527271	0.549885	0.554987	0.525151	0.530112	0.601501	0.550531	0.529187	0.549951	0.580561	0.550587	0.580244	0.552204	0.570657	0.568184	0.550246	0.545715	0.570629	0.534745	0.537061	0.582129	0.522325	0.556549	0.548792	0.5855	0.550436	0.577213	0.59591	0.528466	0.540785	0.557003	0.596828	0.561187	0.526884	0.604985	0.562095	0.552617	0.525444	0.559499	0.52072	0.548656	0.554614	0.545188	0.542609	0.56495	0.598849	0.52721	0.567621	0.539828	0.569413	0.557775	0.578712
building_21	0.557487	0.570275	0.614064	0.628611	0.622443	0.586587	0.593879	0.578844	0.627498	0.587443	0.616865	0.593924	0.578761	0.614823	0.581782	0.582744	0.624859	0.614076	0.561005	0.567852	0	0.554332	0.565371	0.589326	0.612664	0.575067	0.591417	0.609062	0.617686	0.589623	0.600699	0.607635	0.615903	0.605763	0.566068	0.636279	0.611372	0.608255	0.635405	0.5846	0.570345	0.606848	0.612349	0.587357	0.58461	0.592959	0.584665	0.640718	0.596314	0.614707	0.590069	0.611793	0.569362	0.602913	0.608127	0.554515	0.630893	0.587565	0.598372	0.594291	0.599074	0.563663	0.592078	0.558191	0.574452	0.619806	0.567215	0.588383	0.587559	0.556212	0.578384	0.59451	0.631223	0.580302	0.598157	0.61435	0.575671	0.593182	0.56391	0.577738	0.591026	0.590275	0.607196	0.616547	0.59249	0.557977	0.612409	0.583732	0.597766	0.558515	0.573434	0.595371	0.566171	0.63912	0.562556	0.585533	0.590801	0.588777	0.575502	0.584998
building_22	0.549788	0.536271	0.564392	0.579002	0.591336	0.546842	0.553263	0.527881	0.589422	0.540051	0.586487	0.559153	0.558683	0.603085	0.540516	0.559741	0.569894	0.584039	0.533324	0.535651	0.554332	0	0.539316	0.579976	0.554995	0.558471	0.565009	0.599799	0.586944	0.566583	0.553564	0.583677	0.563429	0.574461	0.553911	0.611598	0.596403	0.571532	0.591922	0.569856	0.540551	0.581048	0.56023	0.560897	0.560545	0.527979	0.563584	0.587631	0.557904	0.577265	0.563752	0.579943	0.537467	0.598735	0.579685	0.53037	0.57705	0.57662	0.585124	0.562252	0.587496	0.545286	0.554656	0.536894	0.558803	0.602658	0.553561	0.561616	0.598324	0.566095	0.547445	0.549828	0.606551	0.575397	0.581803	0.578515	0.541485	0.574187	0.53191	0.579988	0.54812	0.526667	0.591517	0.597138	0.575152	0.525229	0.574428	0.547702	0.545065	0.531031	0.573858	0.539535	0.572309	0.569349	0.56661	0.555348	0.548471	0.562889	0.555836	0.579126
building_23	0.574707	0.57359	0.60464	0.629537	0.626934	0.57475	0.55974	0.583029	0.608301	0.583775	0.61589	0.572889	0.570755	0.623341	0.563481	0.573554	0.625994	0.61211	0.582376	0.569322	0.565371	0.539316	0	0.579812	0.587674	0.580317	0.604112	0.616595	0.648718	0.587297	0.566813	0.59297	0.593712	0.588958	0.558228	0.605375	0.623158	0.608451	0.630273	0.586013	0.593105	0.586595	0.602373	0.564366	0.612853	0.59492	0.589332	0.590675	0.592663	0.598222	0.617685	0.613207	0.55836	0.627971	0.586299	0.575399	0.590256	0.596493	0.606756	0.618623	0.570909	0.580291	0.592586	0.557035	0.581192	0.592521	0.55924	0.589092	0.622508	0.593233	0.568063	0.575775	0.614736	0.568812	0.590002	0.598035	0.574454	0.584931	0.572026	0.603314	0.584282	0.529471	0.60665	0.58866	0.602567	0.540672	0.631964	0.551915	0.560859	0.571733	0.576953	0.554854	0.572477	0.60365	0.587044	0.595482	0.554788	0.589778	0.583084	0.604307
building_24	0.585947	0.563148	0.614659	0.628676	0.610051	0.590493	0.584757	0.572659	0.604265	0.570283	0.600647	0.576175	0.566122	0.620883	0.561435	0.5583	0.62928	0.607232	0.57146	0.58723	0.589326	0.579976	0.579812	0	0.596295	0.580289	0.609387	0.585375	0.610234	0.607018	0.583447	0.627784	0.593794	0.59475	0.574861	0.635042	0.603499	0.636006	0.602492	0.569176	0.55835	0.590445	0.618182	0.600066	0.587314	0.576701	0.619254	0.611109	0.603552	0.624021	0.588993	0.60054	0.564263	0.610372	0.625259	0.574567	0.596012	0.604883	0.623855	0.591916	0.589223	0.562709	0.606384	0.553555	0.575174	0.613597	0.592861	0.594741	0.582253	0.604679	0.578921	0.577047	0.610422	0.589818	0.57545	0.577928	0.575077	0.593445	0.573869	0.623626	0.587355	0.562795	0.602358	0.601103	0.610231	0.565176	0.613063	0.565808	0.560877	0.585782	0.613915	0.568703	0.578651	0.635114	0.568494	0.596764	0.57305	0.59823	0.585765	0.594301
building_25	0.543616	0.554601	0.592072	0.602739	0.582905	0.545688	0.550197	0.546516	0.584991	0.571002	0.594441	0.566007	0.555683	0.615671	0.55254	0.558253	0.587223	0.600495	0.572997	0.530236	0.612664	0.554995	0.587674	0.596295	0	0.565693	0.557359	0.580163	0.592861	0.578722	0.595315	0.596183	0.593851	0.580683	0.53716	0.594092	0.595767	0.580811	0.588035	0.575649	0.549415	0.608796	0.580546	0.57633	0.57972	0.573159	0.56438	0.587918	0.575459	0.591925	0.55308	0.598598	0.56476	0.627339	0.586912	0.54945	0.596399	0.608042	0.582667	0.59073	0.548356	0.596184	0.557998	0.556744	0.557928	0.586947	0.573176	0.56142	0.605708	0.58556	0.549515	0.571719	0.601179	0.555465	0.59209	0.611981	0.530602	0.572399	0.564974	0.626202	0.54875	0.5283	0.598571	0.590731	0.566988	0.563456	0.587495	0.546312	0.557302	0.555904	0.56638	0.556883	0.550511	0.602132	0.556851	0.573949	0.56332	0.566689	0.547597	0.559726
building_26	0.557173	0.552729	0.582	0.606676	0.587241	0.555801	0.56756	0.546794	0.593463	0.537974	0.590151	0.550813	0.550756	0.592344	0.554855	0.58054	0.588311	0.580779	0.526232	0.55733	0.575067	0.558471	0.580317	0.580289	0.565693	0	0.571465	0.563416	0.581391	0.580684	0.57366	0.539555	0.574894	0.594092	0.558364	0.569599	0.589433	0.566688	0.609878	0.585475	0.532	0.59906	0.595172	0.557593	0.59487	0.552339	0.554198	0.589149	0.566612	0.579114	0.579656	0.573565	0.553285	0.594818	0.601273	0.55598	0.609166	0.575987	0.588531	0.597273	0.5721	0.576881	0.570753	0.553539	0.564178	0.574354	0.542005	0.553515	0.583212	0.566045	0.558363	0.551748	0.61768	0.54143	0.557573	0.587284	0.555411	0.583173	0.576785	0.578197	0.562446	0.529005	0.566848	0.588206	0.579497	0.53753	0.584229	0.543843	0.551789	0.553609	0.559211	0.555269	0.571992	0.593716	0.54962	0.558568	0.527393	0.561752	0.562755	0.589952
building_27	0.553163	0.577325	0.596158	0.600376	0.577137	0.54614	0.550754	0.537345	0.570039	0.571021	0.625836	0.573575	0.563608	0.620829	0.532363	0.570446	0.589122	0.587249	0.55701	0.550034	0.591417	0.565009	0.604112	0.609387	0.557359	0.571465	0	0.629795	0.595644	0.58178	0.583582	0.571891	0.607108	0.592659	0.557623	0.60408	0.617574	0.577148	0.605377	0.575858	0.544442	0.589305	0.560272	0.565044	0.584449	0.552051	0.553886	0.608023	0.58065	0.578819	0.559466	0.587601	0.551243	0.630755	0.617432	0.56091	0.57958	0.612371	0.55779	0.604297	0.59336	0.573497	0.567017	0.560706	0.558498	0.620887	0.55369	0.56952	0.585156	0.546085	0.54403	0.562552	0.593654	0.588032	0.602544	0.578491	0.542086	0.560118	0.565676	0.622254	0.569041	0.537412	0.582209	0.566528	0.596186	0.545649	0.610611	0.551747	0.566198	0.560347	0.549995	0.577395	0.596777	0.60729	0.545859	0.578249	0.542659	0.573619	0.552455	0.595817
building_28	0.582977	0.574182	0.607448	0.617121	0.62203	0.600157	0.596514	0.571766	0.607772	0.58519	0.617277	0.570433	0.570484	0.635816	0.575264	0.580548	0.616629	0.594819	0.59356	0.587553	0.609062	0.599799	0.616595	0.585375	0.580163	0.563416	0.629795	0	0.579545	0.581061	0.592854	0.605801	0.626187	0.591697	0.584605	0.628789	0.646208	0.598949	0.629804	0.601775	0.584985	0.582531	0.617299	0.591035	0.626944	0.605405	0.583222	0.617178	0.597252	0.63562	0.608125	0.597766	0.563387	0.61052	0.612111	0.578423	0.621756	0.59263	0.601945	0.62257	0.592542	0.61388	0.596415	0.584567	0.586995	0.623974	0.591637	0.607844	0.616013	0.587638	0.5733	0.588832	0.670876	0.568188	0.586612	0.613164	0.596543	0.595057	0.579728	0.609441	0.588574	0.579183	0.608374	0.643688	0.624942	0.581463	0.617736	0.582522	0.589359	0.594894	0.576303	0.593429	0.586299	0.644449	0.600485	0.578799	0.581518	0.584788	0.582599	0.582886
building_29	0.579135	0.594674	0.630571	0.570494	0.608038	0.582682	0.560909	0.583514	0.603381	0.588591	0.607202	0.579023	0.571444	0.641258	0.600154	0.598876	0.596286	0.601835	0.56073	0.576013	0.617686	0.586944	0.648718	0.610234	0.592861	0.581391	0.595644	0.579545	0	0.601284	0.576731	0.60289	0.614092	0.613614	0.573633	0.630686	0.562731	0.610751	0.613186	0.583819	0.557314	0.599814	0.61079	0.595186	0.609509	0.578648	0.609303	0.601761	0.605495	0.629663	0.587452	0.587583	0.59414	0.636804	0.647798	0.584117	0.612529	0.615992	0.603067	0.605422	0.594826	0.603655	0.614232	0.572829	0.587058	0.631757	0.564344	0.607922	0.613123	0.584891	0.600087	0.605609	0.652535	0.566519	0.615277	0.63737	0.594254	0.58228	0.605662	0.618147	0.600996	0.55718	0.596963	0.602089	0.582391	0.575613	0.620023	0.561619	0.626259	0.578094	0.572524	0.575535	0.602408	0.613319	0.563465	0.610113	0.587522	0.592248	0.577798	0.6134
building_30	0.546537	0.565805	0.570494	0.613337	0.61595	0.55172	0.546297	0.559168	0.563105	0.559732	0.601843	0.548241	0.606066	0.595088	0.570208	0.540505	0.601326	0.553565	0.5682	0.54636	0.589623	0.566583	0.587297	0.607018	0.578722	0.580684	0.58178	0.581061	0.601284	0	0.588178	0.589065	0.611104	0.597565	0.568191	0.613613	0.620157	0.597291	0.621284	0.54818	0.550642	0.575517	0.587009	0.562912	0.58361	0.573975	0.561247	0.582174	0.580198	0.604494	0.563729	0.577387	0.529487	0.600408	0.609921	0.553828	0.590904	0.576472	0.557936	0.58417	0.567566	0.597627	0.589819	0.571463	0.546819	0.605496	0.566522	0.591774	0.588206	0.54495	0.572917	0.567472	0.612963	0.571056	0.565294	0.622467	0.547377	0.567278	0.579673	0.604134	0.572574	0.542936	0.612594	0.579323	0.604236	0.541901	0.590223	0.560754	0.566698	0.563563	0.577127	0.564984	0.56932	0.587412	0.563381	0.547953	0.559289	0.586559	0.565316	0.556001
building_31	0.576333	0.547181	0.609824	0.578306	0.622954	0.583681	0.590698	0.548668	0.61065	0.583155	0.586284	0.563659	0.560452	0.622935	0.556265	0.574459	0.599691	0.587505	0.568305	0.55674	0.600699	0.553564	0.566813	0.583447	0.595315	0.57366	0.583582	0.592854	0.576731	0.588178	0	0.610629	0.580075	0.60164	0.58823	0.580008	0.608612	0.580817	0.625676	0.570922	0.543028	0.557018	0.596942	0.54962	0.585972	0.570221	0.590889	0.579533	0.562565	0.609219	0.574355	0.573286	0.550512	0.598396	0.607854	0.550614	0.597818	0.606378	0.593739	0.577412	0.595555	0.592202	0.56961	0.551887	0.568331	0.572684	0.553037	0.588116	0.572491	0.596886	0.553901	0.58181	0.60942	0.572288	0.612823	0.592901	0.577805	0.568865	0.584612	0.601824	0.581975	0.557466	0.598875	0.575212	0.586326	0.565265	0.60291	0.53128	0.581239	0.580192	0.575385	0.556558	0.579719	0.631642	0.586851	0.569024	0.560931	0.582184	0.590975	0.597559
building_32	0.57962	0.578175	0.588522	0.617024	0.595156	0.566961	0.562134	0.570365	0.592821	0.573281	0.597183	0.581137	0.584514	0.620041	0.573946	0.591832	0.614595	0.606757	0.572906	0.550902	0.607635	0.583677	0.59297	0.627784	0.596183	0.539555	0.571891	0.605801	0.60289	0.589065	0.610629	0	0.617397	0.57681	0.572351	0.618286	0.632637	0.609881	0.592521	0.583488	0.552895	0.615985	0.604986	0.557139	0.589686	0.5712	0.563013	0.610218	0.584228	0.629693	0.599844	0.583845	0.58005	0.626641	0.628794	0.556404	0.616755	0.633501	0.583705	0.581488	0.571664	0.599999	0.597686	0.571393	0.606896	0.584749	0.589078	0.582012	0.590562	0.558671	0.554041	0.589925	0.64609	0.567834	0.612218	0.625203	0.56881	0.58961	0.609054	0.610003	0.581325	0.552414	0.613715	0.602299	0.607252	0.578482	0.606038	0.580929	0.584543	0.585106	0.565699	0.596875	0.584028	0.623158	0.573938	0.578798	0.550229	0.593223	0.572249	0.5937
building_33	0.611599	0.58579	0.593438	0.602244	0.621471	0.559738	0.595133	0.598509	0.619038	0.593289	0.604442	0.593148	0.583233	0.64187	0.57887	0.603525	0.64734	0.628158	0.565392	0.564525	0.615903	0.563429	0.593712	0.593794	0.593851	0.574894	0.607108	0.626187	0.614092	0.611104	0.580075	0.617397	0	0.610637	0.577656	0.584193	0.615367	0.612077	0.631556	0.600761	0.588911	0.604834	0.595935	0.589427	0.583931	0.596962	0.611013	0.610225	0.627748	0.626969	0.619869	0.62719	0.565697	0.624485	0.617452	0.596174	0.618333	0.629668	0.62776	0.588081	0.606119	0.606643	0.593039	0.585358	0.602789	0.61028	0.602959	0.628656	0.623958	0.602122	0.599119	0.577908	0.638897	0.604938	0.609985	0.642469	0.603394	0.587303	0.604306	0.623949	0.582043	0.561025	0.605951	0.626141	0.624181	0.582154	0.621653	0.563938	0.585402	0.582463	0.628765	0.5924	0.636823	0.634647	0.585338	0.608503	0.591371	0.567435	0.602588	0.626038
building_34	0.590184	0.592186	0.610495	0.584463	0.588414	0.56719	0.532548	0.55749	0.591761	0.60596	0.597143	0.587091	0.570729	0.612867	0.569969	0.572942	0.628863	0.62822	0.570149	0.579647	0.605763	0.574461	0.588958	0.59475	0.580683	0.594092	0.592659	0.591697	0.613614	0.597565	0.60164	0.57681	0.610637	0	0.575579	0.613062	0.601391	0.621486	0.590411	0.586533	0.569438	0.612708	0.596416	0.553284	0.595823	0.572974	0.582559	0.601156	0.582926	0.624298	0.584822	0.597576	0.560976	0.61705	0.633194	0.560284	0.604399	0.595499	0.592225	0.591405	0.582537	0.600429	0.569292	0.555428	0.588369	0.61346	0.598718	0.581665	0.601854	0.593044	0.577308	0.581327	0.625921	0.567534	0.610203	0.600265	0.586527	0.5599	0.56546	0.614122	0.588847	0.549084	0.623626	0.620863	0.603907	0.580667	0.615491	0.576045	0.564784	0.589397	0.590336	0.598127	0.587574	0.610405	0.55757	0.583963	0.561127	0.607665	0.591254	0.573749
building_35	0.530268	0.561835	0.549251	0.568866	0.571448	0.539524	0.534454	0.517588	0.587894	0.547439	0.598248	0.561683	0.532101	0.613392	0.527012	0.528008	0.575815	0.574402	0.545257	0.543247	0.566068	0.553911	0.558228	0.574861	0.53716	0.558364	0.557623	0.584605	0.573633	0.568191	0.58823	0.572351	0.577656	0.575579	0	0.600009	0.570207	0.578682	0.61959	0.563684	0.529854	0.58139	0.567591	0.541555	0.560783	0.549149	0.572154	0.564634	0.559183	0.59594	0.548721	0.555835	0.520225	0.592836	0.582994	0.521444	0.596128	0.585375	0.589543	0.55491	0.549037	0.552874	0.547975	0.533363	0.551147	0.587264	0.543097	0.58186	0.585755	0.551315	0.54436	0.581529	0.596244	0.550316	0.588042	0.601754	0.544578	0.5597	0.545058	0.57818	0.560575	0.513623	0.572601	0.594736	0.571612	0.536561	0.578068	0.533808	0.555382	0.527884	0.567212	0.540583	0.546756	0.609575	0.537901	0.584162	0.531053	0.533039	0.544255	0.571391
building_36	0.596494	0.617926	0.609969	0.597258	0.62919	0.589379	0.585219	0.589963	0.62274	0.593936	0.653351	0.607001	0.591972	0.632878	0.579876	0.589409	0.633252	0.603491	0.588738	0.572829	0.636279	0.611598	0.605375	0.635042	0.594092	0.569599	0.60408	0.628789	0.630686	0.613613	0.580008	0.618286	0.584193	0.613062	0.600009	0	0.629404	0.618302	0.641874	0.586477	0.583961	0.628914	0.643715	0.588075	0.581163	0.596056	0.61084	0.619022	0.60544	0.612067	0.619989	0.618425	0.585475	0.624195	0.632523	0.59816	0.615141	0.622569	0.640303	0.618543	0.597908	0.613901	0.61383	0.619373	0.602675	0.613428	0.598995	0.615013	0.634025	0.591154	0.582135	0.568763	0.624519	0.619746	0.623072	0.620747	0.602017	0.599014	0.623248	0.6446	0.564057	0.551556	0.611456	0.626172	0.609546	0.581859	0.652796	0.567174	0.609506	0.614141	0.595641	0.617649	0.617394	0.638755	0.57521	0.611293	0.574333	0.622927	0.592209	0.573112
building_37	0.599571	0.598849	0.625354	0.610638	0.601446	0.587696	0.600657	0.547517	0.632103	0.581706	0.65482	0.580838	0.598197	0.671803	0.609692	0.58861	0.646	0.600799	0.583997	0.596613	0.611372	0.596403	0.623158	0.603499	0.595767	0.589433	0.617574	0.646208	0.562731	0.620157	0.608612	0.632637	0.615367	0.601391	0.570207	0.629404	0	0.621026	0.627438	0.601815	0.571574	0.6295	0.596362	0.571148	0.622177	0.597001	0.60438	0.630675	0.625508	0.669007	0.601774	0.578374	0.582027	0.645556	0.631971	0.604717	0.618121	0.608448	0.635474	0.605335	0.591623	0.607758	0.604398	0.581159	0.57009	0.626712	0.600367	0.587749	0.618576	0.584105	0.607074	0.594886	0.646742	0.576835	0.617117	0.633715	0.590177	0.627037	0.588645	0.615385	0.586707	0.570963	0.662577	0.631764	0.619511	0.586163	0.602832	0.606581	0.629723	0.592503	0.612472	0.603983	0.601722	0.623507	0.588956	0.595682	0.590693	0.615547	0.57958	0.62922
building_38	0.573557	0.604141	0.592261	0.609898	0.635366	0.555295	0.594774	0.573724	0.599781	0.590916	0.611156	0.554529	0.576403	0.633166	0.574979	0.579334	0.631492	0.609744	0.576088	0.558569	0.608255	0.571532	0.608451	0.636006	0.580811	0.566688	0.577148	0.598949	0.610751	0.597291	0.580817	0.609881	0.612077	0.621486	0.578682	0.618302	0.621026	0	0.649961	0.589357	0.569915	0.602336	0.572175	0.582815	0.594607	0.599418	0.562277	0.599107	0.578894	0.598003	0.568013	0.590993	0.572573	0.609247	0.614265	0.563355	0.598008	0.592633	0.581767	0.596029	0.593381	0.586347	0.598236	0.592167	0.5734	0.623947	0.567832	0.577537	0.598747	0.562481	0.56808	0.573406	0.648339	0.59154	0.608222	0.601006	0.554027	0.587011	0.608462	0.598076	0.583229	0.568972	0.618423	0.594091	0.59397	0.578254	0.59246	0.552106	0.582546	0.575131	0.608704	0.576062	0.605547	0.601597	0.577343	0.56542	0.595612	0.579688	0.579092	0.585367
building_39	0.620921	0.612361	0.632389	0.63302	0.641777	0.582391	0.600719	0.580253	0.61374	0.602323	0.630388	0.627295	0.586432	0.64469	0.58542	0.590944	0.643435	0.607854	0.588971	0.591144	0.635405	0.591922	0.630273	0.602492	0.588035	0.609878	0.605377	0.629804	0.613186	0.621284	0.625676	0.592521	0.631556	0.590411	0.61959	0.641874	0.627438	0.649961	0	0.601805	0.587324	0.623762	0.631376	0.622977	0.613633	0.60111	0.631518	0.589693	0.626187	0.635706	0.60305	0.595846	0.583643	0.631715	0.662947	0.602461	0.620239	0.627605	0.611869	0.634035	0.637921	0.576895	0.576548	0.586044	0.615377	0.632407	0.57927	0.607467	0.604649	0.60986	0.594672	0.610578	0.651937	0.601922	0.614303	0.650099	0.601843	0.611663	0.624508	0.656698	0.614874	0.595467	0.651176	0.635898	0.590343	0.617406	0.627241	0.589298	0.610604	0.614922	0.607154	0.611354	0.610627	0.633827	0.591051	0.619852	0.572986	0.616448	0.60152	0.61557
building_40	0.550735	0.563469	0.597517	0.608732	0.610269	0.539734	0.578756	0.569872	0.587902	0.551508	0.583245	0.568066	0.562639	0.600393	0.536717	0.541298	0.594978	0.575993	0.580031	0.561999	0.5846	0.569856	0.586013	0.569176	0.575649	0.585475	0.575858	0.601775	0.583819	0.54818	0.570922	0.583488	0.600761	0.586533	0.563684	0.586477	0.601815	0.589357	0.601805	0	0.540911	0.56883	0.56673	0.561137	0.561571	0.565333	0.597489	0.565542	0.575772	0.608376	0.559652	0.572322	0.554056	0.638285	0.611601	0.53604	0.592554	0.624828	0.58211	0.592986	0.570287	0.581399	0.574305	0.557007	0.555078	0.605724	0.563884	0.527309	0.573282	0.573909	0.539283	0.590592	0.617066	0.542527	0.58288	0.596471	0.562788	0.575301	0.585154	0.612826	0.588839	0.554241	0.601774	0.600059	0.594085	0.533619	0.615458	0.525057	0.576598	0.570654	0.556102	0.558733	0.571776	0.595423	0.552076	0.581437	0.568637	0.596934	0.561778	0.604669
building_41	0.524154	0.537679	0.577298	0.576779	0.598408	0.527505	0.52645	0.502596	0.557185	0.551983	0.574316	0.545099	0.520202	0.607545	0.532021	0.535937	0.569575	0.549946	0.550298	0.520404	0.570345	0.540551	0.593105	0.55835	0.549415	0.532	0.544442	0.584985	0.557314	0.550642	0.543028	0.552895	0.588911	0.569438	0.529854	0.583961	0.571574	0.569915	0.587324	0.540911	0	0.546517	0.585859	0.534734	0.567328	0.535262	0.528925	0.585221	0.555901	0.593385	0.550029	0.549755	0.523754	0.612057	0.600157	0.545514	0.567827	0.582136	0.544775	0.573453	0.54896	0.543276	0.578319	0.508084	0.542914	0.578232	0.539839	0.550174	0.549478	0.548884	0.541637	0.572309	0.599067	0.528388	0.565952	0.575101	0.518933	0.550273	0.556804	0.567955	0.555435	0.523268	0.586674	0.58795	0.5613	0.523105	0.554288	0.540445	0.575967	0.551905	0.539021	0.543416	0.544555	0.607519	0.538645	0.553654	0.5398	0.539618	0.550753	0.596481
building_42	0.569663	0.575908	0.605525	0.609024	0.635535	0.570149	0.587591	0.572593	0.618846	0.618576	0.617433	0.553846	0.59109	0.625047	0.570734	0.564357	0.632074	0.608442	0.575773	0.563848	0.606848	0.581048	0.586595	0.590445	0.608796	0.59906	0.589305	0.582531	0.599814	0.575517	0.557018	0.615985	0.604834	0.612708	0.58139	0.628914	0.6295	0.602336	0.623762	0.56883	0.546517	0	0.589649	0.54411	0.573629	0.593482	0.569379	0.597997	0.585427	0.581448	0.574466	0.569674	0.533222	0.604515	0.584099	0.560161	0.606223	0.60596	0.593875	0.60053	0.575415	0.600132	0.590454	0.58279	0.562177	0.600996	0.576045	0.589752	0.609042	0.56802	0.570658	0.576909	0.615377	0.582771	0.584604	0.621446	0.56967	0.577581	0.575738	0.603236	0.592915	0.559464	0.591286	0.604845	0.599624	0.552455	0.605684	0.55684	0.582414	0.571626	0.590971	0.577429	0.606103	0.616243	0.56131	0.578251	0.591459	0.607327	0.564701	0.606654
building_43	0.584519	0.594493	0.59537	0.587909	0.60282	0.554047	0.554409	0.566097	0.603795	0.581601	0.609221	0.565391	0.577231	0.643122	0.553194	0.577677	0.624748	0.614158	0.578665	0.584898	0.612349	0.56023	0.602373	0.618182	0.580546	0.595172	0.560272	0.617299	0.61079	0.587009	0.596942	0.604986	0.595935	0.596416	0.567591	0.643715	0.596362	0.572175	0.631376	0.56673	0.585859	0.589649	0	0.577786	0.583677	0.611089	0.60487	0.600974	0.5984	0.630479	0.559432	0.582385	0.545091	0.624078	0.619401	0.587635	0.603256	0.604864	0.601315	0.595141	0.558259	0.5849	0.552418	0.574141	0.583672	0.624164	0.567318	0.578742	0.609504	0.598517	0.576437	0.582464	0.619619	0.603211	0.589036	0.613817	0.561351	0.601983	0.596008	0.602946	0.571998	0.546536	0.617296	0.616205	0.602879	0.552394	0.588473	0.54813	0.576045	0.552121	0.614519	0.538135	0.613504	0.626454	0.567126	0.570417	0.575764	0.59037	0.551315	0.621928
