SampleID	building_1	building_2	building_3	building_4	building_5	building_6	building_7	building_8	building_9	building_10	building_11	building_12	building_13	building_14	building_15	building_16	building_17	building_18	building_19	building_20	building_21	building_22	building_23	building_24	building_25	building_26	building_27	building_28	building_29	building_30	building_31	building_32	building_33	building_34	building_35	building_36	building_37	building_38	building_39	building_40	building_41	building_42	building_43	building_44	building_45	building_46	building_47	building_48	building_49	building_50	building_51	building_52	building_53	building_54	building_55	building_56	building_57	building_58	building_59	building_60	building_61	building_62	building_63	building_64	building_65	building_66	building_67	building_68	building_69	building_70	building_71	building_72	building_73	building_74	building_75	building_76	building_77	building_78	building_79	building_80	building_81	building_82	building_83	building_84	building_85	building_86	building_87	building_88	building_89	building_90	building_91	building_92	building_93	building_94	building_95	building_96	building_97	building_98	building_99	building_100
building_1	0	0.56001	0.560911	0.58627	0.585164	0.552929	0.546862	0.516132	0.565565	0.572591	0.61455	0.539384	0.559586	0.60596	0.561956	0.568516	0.600373	0.584633	0.575402	0.524992	0.577716	0.550777	0.584475	0.601992	0.535106	0.545957	0.551798	0.590735	0.57858	0.545728	0.591227	0.573453	0.616965	0.606546	0.527058	0.605508	0.60265	0.586712	0.622559	0.558693	0.534163	0.574029	0.58107	0.599173	0.584216	0.568541	0.550367	0.587825	0.577572	0.577388	0.572327	0.557823	0.559685	0.598837	0.606372	0.553701	0.574728	0.613281	0.564287	0.571835	0.565332	0.588725	0.571342	0.55291	0.562645	0.610922	0.543058	0.555768	0.598006	0.541303	0.561487	0.567377	0.606678	0.573082	0.594461	0.597229	0.522352	0.544928	0.55911	0.602949	0.550645	0.535983	0.573255	0.585453	0.583661	0.547931	0.579973	0.557769	0.558201	0.532127	0.566739	0.564251	0.54872	0.610376	0.51891	0.567748	0.555723	0.560949	0.568065	0.580626
building_2	0.56001	0	0.56407	0.602843	0.587657	0.549345	0.568054	0.538982	0.570954	0.553343	0.597604	0.586531	0.557268	0.606899	0.537848	0.549112	0.616234	0.582938	0.545368	0.53265	0.569004	0.540366	0.573126	0.567933	0.542148	0.536192	0.571819	0.580939	0.594643	0.557296	0.548593	0.571994	0.590258	0.599373	0.563318	0.621617	0.598914	0.614539	0.592839	0.557982	0.533402	0.580838	0.586212	0.574547	0.573031	0.579558	0.534016	0.605875	0.525067	0.586808	0.543709	0.558049	0.541063	0.602309	0.631672	0.543628	0.583898	0.578328	0.542631	0.591448	0.550266	0.574513	0.576293	0.535011	0.568502	0.622267	0.547589	0.570014	0.57343	0.552473	0.56326	0.561791	0.584703	0.552972	0.592448	0.603085	0.554574	0.597439	0.576132	0.587007	0.535453	0.536349	0.592901	0.55658	0.573902	0.53655	0.570011	0.555955	0.562262	0.543481	0.584592	0.595386	0.522559	0.597858	0.559011	0.579044	0.560792	0.548636	0.547468	0.546064
building_3	0.560911	0.56407	0	0.615682	0.609854	0.568627	0.599848	0.554639	0.594038	0.598569	0.627804	0.569556	0.590635	0.624716	0.558793	0.547824	0.642887	0.63042	0.585651	0.551169	0.61362	0.574932	0.596298	0.622358	0.583301	0.572271	0.604597	0.613115	0.629147	0.555208	0.605864	0.570852	0.602164	0.615501	0.535529	0.617488	0.619555	0.61395	0.628534	0.586427	0.57801	0.601527	0.596785	0.585246	0.562689	0.602107	0.574097	0.614595	0.575472	0.595625	0.581487	0.617849	0.568211	0.618171	0.615852	0.558962	0.577873	0.594832	0.59523	0.60955	0.585721	0.589525	0.595235	0.595672	0.597744	0.625586	0.589877	0.609865	0.594333	0.593528	0.570674	0.597042	0.598933	0.573449	0.583015	0.621504	0.578064	0.567311	0.584519	0.615611	0.58398	0.554476	0.622606	0.604289	0.60477	0.573754	0.620273	0.567737	0.54932	0.581878	0.590584	0.594828	0.587341	0.639526	0.561683	0.572767	0.581942	0.586685	0.557121	0.586015
building_4	0.58627	0.602843	0.615682	0	0.599942	0.601319	0.596445	0.600966	0.597344	0.573027	0.600757	0.581858	0.594808	0.665808	0.574502	0.585061	0.635645	0.591448	0.574624	0.586699	0.629591	0.571836	0.636068	0.634793	0.603548	0.611606	0.598371	0.619107	0.584763	0.613381	0.580539	0.617739	0.605134	0.597345	0.582754	0.609217	0.615451	0.61495	0.633863	0.612558	0.580707	0.617261	0.582037	0.596087	0.60756	0.617877	0.612369	0.579509	0.593774	0.643749	0.576799	0.568976	0.583199	0.638633	0.632711	0.593833	0.594992	0.624847	0.603339	0.592421	0.588343	0.601757	0.602553	0.569159	0.592877	0.625707	0.566049	0.592872	0.633865	0.608625	0.592852	0.595752	0.65182	0.587494	0.618122	0.629288	0.613065	0.619105	0.603752	0.6175	0.578146	0.582784	0.62299	0.599282	0.643652	0.575048	0.640584	0.613477	0.6022	0.599089	0.604667	0.598594	0.630187	0.648426	0.5623	0.597183	0.589165	0.600835	0.593086	0.588483
building_5	0.585164	0.587657	0.609854	0.599942	0	0.59578	0.561649	0.560335	0.626189	0.597257	0.649128	0.590742	0.583969	0.635951	0.601377	0.592061	0.612476	0.630852	0.616964	0.602805	0.617079	0.588851	0.634086	0.618398	0.588935	0.580428	0.587331	0.613534	0.611597	0.619256	0.628694	0.600347	0.626041	0.590441	0.567779	0.640045	0.604447	0.643153	0.64594	0.606824	0.602057	0.633218	0.597963	0.603513	0.616513	0.627093	0.61119	0.629368	0.596454	0.630325	0.588433	0.602282	0.598136	0.647008	0.645479	0.602528	0.601899	0.639898	0.598504	0.641999	0.574015	0.611396	0.606904	0.584224	0.595997	0.647991	0.598043	0.569892	0.630941	0.603613	0.599532	0.608656	0.651319	0.605798	0.632014	0.59983	0.593583	0.593	0.596385	0.633375	0.586448	0.570185	0.584985	0.582888	0.624335	0.585406	0.604733	0.606324	0.625164	0.565524	0.611991	0.605862	0.61602	0.639303	0.59305	0.590844	0.607126	0.59941	0.565678	0.613185
building_6	0.552929	0.549345	0.568627	0.601319	0.59578	0	0.504874	0.565371	0.563295	0.562123	0.589279	0.556736	0.522587	0.614981	0.536	0.547977	0.586759	0.561046	0.575392	0.496265	0.588116	0.538703	0.569128	0.600708	0.545192	0.545115	0.548237	0.606233	0.586283	0.54163	0.576831	0.5612	0.56827	0.57103	0.538772	0.587405	0.590092	0.558288	0.569844	0.541519	0.523389	0.570538	0.567465	0.539824	0.58096	0.533655	0.548763	0.594029	0.548875	0.586578	0.559317	0.574404	0.532773	0.594883	0.569469	0.53383	0.547062	0.576751	0.571968	0.56104	0.548561	0.532507	0.551491	0.538205	0.540792	0.575877	0.517954	0.542426	0.577794	0.52816	0.517866	0.557118	0.627112	0.566396	0.556876	0.567946	0.518288	0.551097	0.563739	0.609371	0.561627	0.539848	0.589489	0.588383	0.554383	0.524558	0.551274	0.531036	0.555441	0.532646	0.541985	0.569149	0.558919	0.58957	0.536524	0.57471	0.532849	0.543411	0.54822	0.565207
building_7	0.546862	0.568054	0.599848	0.596445	0.561649	0.504874	0	0.510431	0.576067	0.571259	0.625034	0.547598	0.54741	0.595058	0.531349	0.560658	0.588643	0.590965	0.566691	0.545792	0.601668	0.553213	0.569189	0.599209	0.548102	0.560472	0.552941	0.594177	0.571529	0.535168	0.598325	0.545332	0.596684	0.521493	0.533525	0.586027	0.596414	0.596245	0.603396	0.592509	0.520381	0.590194	0.563511	0.563616	0.592713	0.554057	0.542744	0.59288	0.565296	0.584486	0.560886	0.57231	0.518461	0.608235	0.605957	0.539946	0.575628	0.586448	0.582973	0.596983	0.558601	0.572263	0.570181	0.538802	0.564461	0.583956	0.556705	0.573146	0.601469	0.539586	0.558149	0.543701	0.593412	0.588113	0.556	0.594266	0.542153	0.543649	0.563063	0.624864	0.558903	0.503639	0.590043	0.57179	0.592161	0.523244	0.548932	0.566524	0.565739	0.556599	0.585892	0.54939	0.557436	0.59358	0.541084	0.565674	0.535721	0.562888	0.567977	0.567521
building_8	0.516132	0.538982	0.554639	0.600966	0.560335	0.565371	0.510431	0	0.561117	0.555992	0.615989	0.527377	0.521438	0.60401	0.548387	0.551227	0.599731	0.57881	0.534692	0.518078	0.580887	0.53106	0.584018	0.575401	0.534167	0.541005	0.536113	0.570831	0.587788	0.549225	0.548478	0.564852	0.605759	0.568904	0.511207	0.588576	0.535834	0.583069	0.568461	0.571326	0.503164	0.561593	0.559804	0.555301	0.565377	0.564492	0.555418	0.585648	0.567433	0.569286	0.556352	0.540625	0.500995	0.61701	0.600385	0.518063	0.603651	0.588893	0.578534	0.593874	0.565683	0.557438	0.52729	0.528913	0.54883	0.572314	0.527894	0.532979	0.558616	0.51073	0.557861	0.552627	0.600404	0.566594	0.578886	0.591169	0.536877	0.550037	0.557566	0.577699	0.539193	0.508481	0.581163	0.572261	0.564783	0.551732	0.566117	0.549689	0.567482	0.536289	0.557692	0.558397	0.558737	0.592959	0.517851	0.550054	0.53124	0.568637	0.545304	0.529718
building_9	0.565565	0.570954	0.594038	0.597344	0.626189	0.563295	0.576067	0.561117	0	0.58056	0.599279	0.5478	0.583282	0.614153	0.552558	0.543253	0.597976	0.597392	0.563224	0.560691	0.624756	0.577565	0.596936	0.592233	0.574589	0.575157	0.557607	0.610777	0.594957	0.546664	0.600152	0.584729	0.621712	0.590792	0.578292	0.627485	0.632769	0.587721	0.600398	0.585048	0.544526	0.61065	0.597893	0.570416	0.598883	0.617391	0.55153	0.593698	0.57126	0.607437	0.563239	0.566136	0.562165	0.635734	0.620066	0.562576	0.586418	0.595031	0.563171	0.584689	0.601907	0.581284	0.556406	0.553685	0.581698	0.612801	0.564416	0.588356	0.60445	0.54787	0.561865	0.585022	0.619343	0.594988	0.571766	0.549513	0.543119	0.569263	0.592625	0.611841	0.561413	0.545322	0.578763	0.618275	0.612772	0.567017	0.603002	0.568355	0.56571	0.581282	0.574203	0.589203	0.585703	0.620886	0.561133	0.584392	0.571907	0.593029	0.561932	0.581327
building_10	0.572591	0.553343	0.598569	0.573027	0.597257	0.562123	0.571259	0.555992	0.58056	0	0.607949	0.571546	0.56411	0.616721	0.544932	0.56332	0.615893	0.55065	0.527193	0.555484	0.593031	0.544788	0.591003	0.572805	0.569964	0.538482	0.573849	0.587248	0.590906	0.563292	0.587788	0.575076	0.598131	0.613556	0.548413	0.599752	0.579272	0.604126	0.598859	0.556186	0.549283	0.621191	0.57624	0.579749	0.581001	0.586946	0.567734	0.590253	0.55589	0.603766	0.586549	0.572564	0.560697	0.620904	0.621386	0.559696	0.583539	0.579136	0.599485	0.572601	0.600657	0.571299	0.558067	0.555418	0.548881	0.613468	0.574585	0.533851	0.614056	0.545839	0.554907	0.581685	0.604867	0.552728	0.590852	0.576889	0.569606	0.597073	0.581567	0.596511	0.571501	0.566099	0.610953	0.577462	0.604644	0.55072	0.606015	0.578347	0.600907	0.548769	0.58123	0.556577	0.586204	0.631614	0.576507	0.587122	0.532344	0.572012	0.569435	0.58463
building_11	0.61455	0.597604	0.627804	0.600757	0.649128	0.589279	0.625034	0.615989	0.599279	0.607949	0	0.593467	0.608066	0.642441	0.582627	0.602984	0.610977	0.619157	0.586944	0.601494	0.618328	0.582963	0.620488	0.601446	0.60301	0.594764	0.619073	0.628804	0.607926	0.600248	0.585567	0.610078	0.616863	0.613434	0.606261	0.662127	0.654698	0.609843	0.631502	0.577107	0.573442	0.621263	0.605482	0.601269	0.602611	0.620298	0.619287	0.603835	0.597086	0.645926	0.585537	0.612096	0.593532	0.65593	0.615879	0.592047	0.636267	0.635584	0.578133	0.611835	0.604746	0.58292	0.613158	0.575552	0.573288	0.636279	0.587636	0.609824	0.626181	0.603682	0.571361	0.622519	0.618544	0.584412	0.606947	0.620483	0.60942	0.592868	0.617504	0.639806	0.608229	0.609939	0.623147	0.628353	0.602801	0.594539	0.618981	0.59961	0.629402	0.592236	0.576995	0.604068	0.602	0.627989	0.595422	0.623657	0.600616	0.583851	0.602639	0.608072
building_12	0.539384	0.586531	0.569556	0.581858	0.590742	0.556736	0.547598	0.527377	0.5478	0.571546	0.593467	0	0.556303	0.584527	0.547986	0.553469	0.594929	0.587933	0.545254	0.553545	0.598843	0.551918	0.572027	0.583588	0.570009	0.550811	0.579697	0.576138	0.57935	0.538607	0.563157	0.568618	0.598327	0.592345	0.556107	0.614254	0.579377	0.559778	0.633671	0.568957	0.541716	0.555697	0.557375	0.567477	0.578431	0.595961	0.550551	0.599871	0.555597	0.585365	0.570817	0.571102	0.537497	0.635057	0.579155	0.540942	0.579091	0.573894	0.576726	0.576573	0.541356	0.583677	0.57137	0.545838	0.570042	0.56239	0.527429	0.567772	0.601063	0.523248	0.563464	0.55137	0.614267	0.551789	0.541753	0.577772	0.549938	0.570598	0.599022	0.603162	0.563267	0.533391	0.57772	0.565705	0.566506	0.536297	0.570701	0.567047	0.551982	0.56868	0.579529	0.558159	0.577481	0.585123	0.575546	0.568467	0.531045	0.552912	0.541954	0.573433
building_13	0.559586	0.557268	0.590635	0.594808	0.583969	0.522587	0.54741	0.521438	0.583282	0.56411	0.608066	0.556303	0	0.64967	0.552934	0.559849	0.588099	0.598276	0.570436	0.551379	0.576232	0.556021	0.563604	0.565863	0.548809	0.549196	0.562123	0.571309	0.585082	0.597026	0.560219	0.586466	0.593554	0.577192	0.531289	0.597322	0.594346	0.575594	0.582006	0.561788	0.511713	0.582967	0.577801	0.578601	0.563413	0.574253	0.548639	0.573804	0.553595	0.586498	0.577669	0.573861	0.548727	0.611936	0.601318	0.543988	0.591213	0.577199	0.601478	0.562001	0.575123	0.562614	0.554812	0.524307	0.542364	0.577652	0.540643	0.521093	0.5618	0.551912	0.514806	0.545859	0.618481	0.534131	0.583146	0.592468	0.522579	0.561974	0.575706	0.58317	0.548227	0.564668	0.567249	0.615991	0.568133	0.541476	0.595299	0.559046	0.550104	0.548517	0.558645	0.566955	0.563439	0.59082	0.547401	0.573942	0.528957	0.551843	0.552816	0.583696
building_14	0.60596	0.606899	0.624716	0.665808	0.635951	0.614981	0.595058	0.60401	0.614153	0.616721	0.642441	0.584527	0.64967	0	0.595439	0.594732	0.614161	0.642103	0.621827	0.590612	0.624426	0.603019	0.63476	0.630671	0.613815	0.584632	0.617911	0.639237	0.634316	0.587789	0.622071	0.619995	0.641451	0.615195	0.609257	0.632916	0.675886	0.638088	0.640336	0.604651	0.599769	0.632508	0.64026	0.626216	0.654735	0.632376	0.617963	0.64156	0.617661	0.613393	0.609159	0.641597	0.58977	0.640884	0.614284	0.587704	0.627598	0.626402	0.611048	0.641845	0.617099	0.640416	0.603454	0.59832	0.637712	0.633724	0.581752	0.629835	0.634382	0.606295	0.62181	0.624875	0.646023	0.628546	0.61402	0.632268	0.603083	0.595554	0.625742	0.651182	0.61402	0.576316	0.640865	0.639415	0.641835	0.612797	0.627801	0.612751	0.59484	0.613227	0.645483	0.629144	0.615602	0.649524	0.611091	0.612752	0.577876	0.63038	0.622517	0.607897
building_15	0.561956	0.537848	0.558793	0.574502	0.601377	0.536	0.531349	0.548387	0.552558	0.544932	0.582627	0.547986	0.552934	0.595439	0	0.540782	0.590594	0.553747	0.546174	0.522116	0.586618	0.545952	0.557347	0.56588	0.551156	0.549569	0.528348	0.579695	0.605392	0.568829	0.548653	0.578512	0.5853	0.579647	0.524245	0.580083	0.610697	0.573746	0.578164	0.533789	0.529578	0.571482	0.548307	0.556325	0.569678	0.570488	0.564519	0.587416	0.527947	0.546735	0.539775	0.550052	0.526123	0.609664	0.591125	0.541678	0.591691	0.584124	0.542412	0.590894	0.549059	0.560552	0.573178	0.538257	0.534262	0.579028	0.559917	0.552589	0.563375	0.530159	0.54108	0.563963	0.595649	0.55259	0.561008	0.583291	0.522024	0.562292	0.542449	0.61165	0.540681	0.540901	0.583106	0.582507	0.553469	0.527361	0.607186	0.511397	0.567388	0.534837	0.578533	0.545106	0.556893	0.574231	0.540511	0.55126	0.538636	0.572644	0.564576	0.563152
building_16	0.568516	0.549112	0.547824	0.585061	0.592061	0.547977	0.560658	0.551227	0.543253	0.56332	0.602984	0.553469	0.559849	0.594732	0.540782	0	0.610386	0.569204	0.556567	0.50742	0.578741	0.558639	0.568747	0.567784	0.561634	0.571455	0.562412	0.580916	0.599143	0.530821	0.573283	0.573853	0.60906	0.567263	0.523306	0.59126	0.593646	0.582166	0.582059	0.541818	0.529757	0.566817	0.565884	0.552591	0.573502	0.567444	0.54735	0.565559	0.555251	0.568217	0.507928	0.558897	0.524043	0.6167	0.582117	0.528629	0.584167	0.567396	0.540501	0.573043	0.557448	0.545342	0.588356	0.523601	0.55653	0.614824	0.538299	0.587517	0.573392	0.515362	0.54535	0.564204	0.601796	0.554649	0.536896	0.585006	0.537454	0.551921	0.555795	0.623944	0.554055	0.538646	0.597201	0.56437	0.560181	0.52965	0.566682	0.550246	0.585167	0.551929	0.573718	0.546196	0.571709	0.616651	0.54455	0.547699	0.519048	0.562273	0.539492	0.564961
building_17	0.600373	0.616234	0.642887	0.635645	0.612476	0.586759	0.588643	0.599731	0.597976	0.615893	0.610977	0.594929	0.588099	0.614161	0.590594	0.610386	0	0.635588	0.605394	0.58767	0.624876	0.576062	0.633704	0.631465	0.59391	0.581348	0.587871	0.628022	0.583811	0.600724	0.602551	0.620424	0.650703	0.634389	0.57663	0.636903	0.637832	0.636933	0.650159	0.606614	0.565593	0.639439	0.634218	0.617731	0.613645	0.606727	0.612893	0.637048	0.604693	0.633885	0.59024	0.599124	0.5962	0.660634	0.587131	0.62307	0.623553	0.631374	0.599982	0.60956	0.614333	0.601875	0.600219	0.582368	0.60864	0.64333	0.598865	0.603853	0.627536	0.605662	0.590279	0.600476	0.626182	0.596888	0.631576	0.630461	0.579038	0.625373	0.612305	0.638123	0.613651	0.589719	0.609775	0.628313	0.652696	0.5861	0.600672	0.606529	0.61744	0.611868	0.592049	0.57147	0.607751	0.622984	0.630283	0.599626	0.589812	0.607557	0.604941	0.618093
building_18	0.584633	0.582938	0.63042	0.591448	0.630852	0.561046	0.590965	0.57881	0.597392	0.55065	0.619157	0.587933	0.598276	0.642103	0.553747	0.569204	0.635588	0	0.587241	0.58761	0.623413	0.590874	0.617546	0.612134	0.614632	0.582509	0.595421	0.598735	0.608667	0.570382	0.581494	0.623757	0.633032	0.635034	0.579451	0.610172	0.612702	0.605665	0.605123	0.580505	0.554807	0.614688	0.617331	0.597724	0.617202	0.612529	0.608308	0.560934	0.595602	0.609092	0.588806	0.577155	0.588774	0.626228	0.62991	0.581089	0.622593	0.602608	0.578374	0.626484	0.599436	0.563423	0.611278	0.584569	0.560973	0.632396	0.56805	0.588956	0.612388	0.566879	0.572757	0.601062	0.632817	0.590791	0.577944	0.581611	0.578428	0.593889	0.619676	0.642098	0.590085	0.576007	0.63598	0.618426	0.614911	0.586979	0.635822	0.557857	0.605812	0.584903	0.588519	0.604174	0.593799	0.62478	0.581018	0.606293	0.584613	0.594034	0.602874	0.598733
building_19	0.575402	0.545368	0.585651	0.574624	0.616964	0.575392	0.566691	0.534692	0.563224	0.527193	0.586944	0.545254	0.570436	0.621827	0.546174	0.556567	0.605394	0.587241	0	0.548492	0.570832	0.546606	0.597281	0.576793	0.570222	0.525915	0.554952	0.586952	0.562829	0.571029	0.575295	0.577141	0.578704	0.573904	0.554737	0.597123	0.5921	0.582449	0.593253	0.589578	0.55471	0.585957	0.57309	0.582162	0.567611	0.599547	0.580466	0.565792	0.562376	0.57677	0.532407	0.551555	0.552688	0.601472	0.599532	0.553374	0.621556	0.579062	0.55999	0.566605	0.597074	0.558506	0.584468	0.56468	0.556026	0.595413	0.535709	0.562642	0.611022	0.557762	0.555571	0.555021	0.570359	0.569957	0.615642	0.593026	0.573305	0.576485	0.571309	0.566827	0.568946	0.529084	0.596882	0.583031	0.580821	0.564108	0.57197	0.549187	0.595804	0.542174	0.576019	0.576401	0.596433	0.628585	0.536711	0.598437	0.536279	0.573378	0.535937	0.554567
building_20	0.524992	0.53265	0.551169	0.586699	0.602805	0.496265	0.545792	0.518078	0.560691	0.555484	0.601494	0.553545	0.551379	0.590612	0.522116	0.50742	0.58767	0.58761	0.548492	0	0.567379	0.545333	0.560952	0.595806	0.519469	0.557999	0.54828	0.592116	0.591505	0.535382	0.551138	0.54603	0.567039	0.579906	0.534288	0.572834	0.595743	0.565133	0.580604	0.567112	0.518656	0.555084	0.578402	0.570249	0.571245	0.55604	0.538415	0.57435	0.522603	0.551404	0.552805	0.52198	0.525896	0.598026	0.562946	0.531485	0.55697	0.573673	0.538172	0.579754	0.552976	0.577149	0.568081	0.542686	0.549419	0.559805	0.542397	0.520667	0.579628	0.510347	0.551789	0.552368	0.584701	0.55967	0.574028	0.59644	0.530534	0.537213	0.56533	0.594167	0.556265	0.523407	0.603681	0.565985	0.55187	0.526921	0.567879	0.521148	0.545884	0.541292	0.555003	0.545011	0.550528	0.604528	0.518098	0.575066	0.529299	0.565002	0.570539	0.570827
building_21	0.577716	0.569004	0.61362	0.629591	0.617079	0.588116	0.601668	0.580887	0.624756	0.593031	0.618328	0.598843	0.576232	0.624426	0.586618	0.578741	0.624876	0.623413	0.570832	0.567379	0	0.554723	0.566417	0.594072	0.617538	0.574872	0.595655	0.607217	0.621336	0.591795	0.595671	0.611831	0.619526	0.608742	0.575078	0.645549	0.610009	0.615244	0.632162	0.59087	0.572761	0.605054	0.604164	0.594024	0.58044	0.601893	0.585714	0.646722	0.594068	0.602181	0.593148	0.612478	0.568971	0.615985	0.600156	0.549672	0.622786	0.584668	0.593689	0.603677	0.591433	0.56305	0.59772	0.566348	0.576788	0.621577	0.570182	0.586543	0.586919	0.558288	0.577697	0.586409	0.622258	0.578181	0.596999	0.615747	0.567349	0.597546	0.567526	0.569527	0.584723	0.601557	0.612206	0.615184	0.583149	0.555856	0.605001	0.582795	0.606828	0.554505	0.576656	0.592057	0.566075	0.64598	0.58088	0.588991	0.58569	0.58829	0.571767	0.587613
building_22	0.550777	0.540366	0.574932	0.571836	0.588851	0.538703	0.553213	0.53106	0.577565	0.544788	0.582963	0.551918	0.556021	0.603019	0.545952	0.558639	0.576062	0.590874	0.546606	0.545333	0.554723	0	0.543533	0.582283	0.559298	0.560195	0.55916	0.602606	0.58646	0.557713	0.550422	0.585208	0.569671	0.581603	0.549432	0.618732	0.589574	0.568658	0.590867	0.570995	0.534726	0.584424	0.554085	0.56367	0.562381	0.536733	0.556324	0.588073	0.550416	0.584948	0.566322	0.574055	0.541343	0.604481	0.578227	0.51833	0.569454	0.563653	0.593042	0.559981	0.58945	0.547312	0.55148	0.527403	0.546728	0.602509	0.542858	0.555655	0.593815	0.560846	0.54027	0.541525	0.612506	0.570845	0.573348	0.573946	0.5382	0.573225	0.527151	0.575495	0.541252	0.530617	0.596447	0.59847	0.572205	0.517673	0.566742	0.551687	0.544035	0.524828	0.583981	0.544001	0.576448	0.566496	0.572015	0.554485	0.552445	0.560095	0.549222	0.579814
building_23	0.584475	0.573126	0.596298	0.636068	0.634086	0.569128	0.569189	0.584018	0.596936	0.591003	0.620488	0.572027	0.563604	0.63476	0.557347	0.568747	0.633704	0.617546	0.597281	0.560952	0.566417	0.543533	0	0.588115	0.586176	0.578624	0.613166	0.617804	0.656266	0.571095	0.566976	0.598712	0.59963	0.595869	0.561443	0.610121	0.619482	0.608075	0.623427	0.58093	0.586302	0.583398	0.597593	0.564306	0.612711	0.607732	0.58647	0.597751	0.58223	0.600732	0.613135	0.616248	0.551251	0.631384	0.588639	0.579657	0.58412	0.593137	0.597705	0.60965	0.571415	0.58264	0.594543	0.56434	0.575297	0.590752	0.557819	0.573314	0.621434	0.593959	0.556748	0.56368	0.610575	0.557986	0.580378	0.59405	0.573089	0.588786	0.573107	0.605994	0.573232	0.530746	0.611842	0.593916	0.596224	0.54005	0.636619	0.543491	0.55803	0.573287	0.576564	0.548344	0.564967	0.597434	0.592753	0.597653	0.550921	0.587141	0.592462	0.601236
building_24	0.601992	0.567933	0.622358	0.634793	0.618398	0.600708	0.599209	0.575401	0.592233	0.572805	0.601446	0.583588	0.565863	0.630671	0.56588	0.567784	0.631465	0.612134	0.576793	0.595806	0.594072	0.582283	0.588115	0	0.604979	0.588927	0.617032	0.589781	0.609919	0.605178	0.588183	0.62551	0.599891	0.593038	0.587183	0.648076	0.604368	0.640668	0.587632	0.575557	0.560145	0.602562	0.619532	0.613335	0.589493	0.601899	0.622771	0.613572	0.605848	0.635222	0.59242	0.602479	0.574611	0.624047	0.638118	0.58152	0.601241	0.605379	0.625829	0.595476	0.593733	0.564965	0.60954	0.562185	0.580209	0.620884	0.599951	0.591119	0.581647	0.607809	0.586252	0.58367	0.614911	0.591754	0.574888	0.573252	0.59398	0.602863	0.592265	0.627886	0.59343	0.573455	0.608312	0.598837	0.623459	0.572732	0.618392	0.567522	0.58021	0.592052	0.629704	0.574925	0.581107	0.635341	0.580017	0.60049	0.581339	0.59919	0.600161	0.60173
building_25	0.535106	0.542148	0.583301	0.603548	0.588935	0.545192	0.548102	0.534167	0.574589	0.569964	0.60301	0.570009	0.548809	0.613815	0.551156	0.561634	0.59391	0.614632	0.570222	0.519469	0.617538	0.559298	0.586176	0.604979	0	0.548619	0.552332	0.588238	0.589714	0.569127	0.599226	0.581208	0.601741	0.593791	0.528546	0.591254	0.597571	0.591605	0.581213	0.585561	0.543478	0.607589	0.56521	0.592437	0.586285	0.585063	0.566103	0.596328	0.572898	0.584354	0.548204	0.584542	0.568088	0.626498	0.598931	0.544306	0.601676	0.607946	0.583058	0.589085	0.566823	0.601017	0.553778	0.546347	0.561398	0.570204	0.569403	0.559802	0.611932	0.579461	0.540623	0.574187	0.59995	0.568076	0.598	0.624533	0.516677	0.571448	0.571111	0.629961	0.532365	0.520096	0.599329	0.591344	0.56694	0.569385	0.581056	0.546398	0.554783	0.54326	0.574219	0.579034	0.537349	0.597224	0.548423	0.579655	0.555448	0.566763	0.548091	0.562795
building_26	0.545957	0.536192	0.572271	0.611606	0.580428	0.545115	0.560472	0.541005	0.575157	0.538482	0.594764	0.550811	0.549196	0.584632	0.549569	0.571455	0.581348	0.582509	0.525915	0.557999	0.574872	0.560195	0.578624	0.588927	0.548619	0	0.56802	0.557044	0.572031	0.572676	0.57342	0.535505	0.58207	0.600898	0.54943	0.568998	0.589168	0.57382	0.604866	0.582865	0.52262	0.59241	0.595555	0.555293	0.597897	0.558269	0.548532	0.593839	0.563135	0.573577	0.567869	0.561343	0.559013	0.601056	0.605511	0.55239	0.602476	0.572925	0.577308	0.597425	0.572117	0.577733	0.569217	0.541205	0.562021	0.578227	0.53615	0.556286	0.587542	0.56047	0.548451	0.5413	0.608457	0.537312	0.555798	0.585378	0.54954	0.580031	0.566818	0.585211	0.553878	0.522791	0.571415	0.585826	0.580208	0.540849	0.575478	0.543026	0.557222	0.537267	0.554765	0.552864	0.559111	0.585836	0.552295	0.557649	0.530372	0.550847	0.557278	0.575602
building_27	0.551798	0.571819	0.604597	0.598371	0.587331	0.548237	0.552941	0.536113	0.557607	0.573849	0.619073	0.579697	0.562123	0.617911	0.528348	0.562412	0.587871	0.595421	0.554952	0.54828	0.595655	0.55916	0.613166	0.617032	0.552332	0.56802	0	0.634977	0.598455	0.577211	0.577648	0.569145	0.613295	0.605205	0.558316	0.60745	0.614362	0.582549	0.604789	0.582105	0.541536	0.600527	0.556827	0.581361	0.588385	0.562566	0.54141	0.617871	0.575144	0.58208	0.552021	0.579272	0.557374	0.634685	0.622326	0.556579	0.585833	0.620608	0.560833	0.604827	0.607859	0.581972	0.558719	0.550666	0.551069	0.621714	0.557774	0.578812	0.593792	0.534867	0.546089	0.564278	0.591129	0.600311	0.603242	0.583685	0.524178	0.565287	0.573968	0.620866	0.56702	0.533159	0.58942	0.56678	0.601135	0.547292	0.597179	0.557327	0.579812	0.554692	0.555887	0.595674	0.586942	0.610667	0.556134	0.577756	0.540756	0.569881	0.550568	0.587293
building_28	0.590735	0.580939	0.613115	0.619107	0.613534	0.606233	0.594177	0.570831	0.610777	0.587248	0.628804	0.576138	0.571309	0.639237	0.579695	0.580916	0.628022	0.598735	0.586952	0.592116	0.607217	0.602606	0.617804	0.589781	0.588238	0.557044	0.634977	0	0.58783	0.577418	0.601642	0.600153	0.634241	0.594362	0.585988	0.636338	0.650561	0.608241	0.616678	0.601006	0.582439	0.583885	0.611062	0.592777	0.637074	0.630365	0.583778	0.615678	0.599286	0.631085	0.610337	0.589908	0.567933	0.618443	0.62794	0.582705	0.631407	0.578814	0.609566	0.62641	0.597333	0.623739	0.600569	0.586814	0.58952	0.625686	0.593332	0.604446	0.617223	0.587809	0.563162	0.580885	0.668256	0.576573	0.590572	0.614049	0.611095	0.605126	0.581163	0.611526	0.589397	0.586178	0.620206	0.639253	0.632016	0.597381	0.618266	0.581419	0.603136	0.583538	0.57884	0.594594	0.591524	0.644887	0.606135	0.575039	0.579434	0.590661	0.598226	0.580598
building_29	0.57858	0.594643	0.629147	0.584763	0.611597	0.586283	0.571529	0.587788	0.594957	0.590906	0.607926	0.57935	0.585082	0.634316	0.605392	0.599143	0.583811	0.608667	0.562829	0.591505	0.621336	0.58646	0.656266	0.609919	0.589714	0.572031	0.598455	0.58783	0	0.608056	0.593287	0.60224	0.621697	0.622356	0.565417	0.638058	0.575364	0.627057	0.625737	0.593082	0.562217	0.618866	0.623276	0.60228	0.607683	0.596412	0.61294	0.611299	0.609236	0.636147	0.592509	0.589588	0.608275	0.649827	0.645657	0.590833	0.609326	0.61911	0.605431	0.604612	0.611499	0.603376	0.614835	0.570101	0.590065	0.644914	0.575603	0.618333	0.626674	0.587607	0.597287	0.604144	0.658301	0.576572	0.62103	0.646258	0.600803	0.587473	0.618946	0.625076	0.603292	0.56014	0.60185	0.606755	0.592962	0.585969	0.619615	0.57255	0.634968	0.567165	0.586774	0.583654	0.604198	0.620086	0.574105	0.619552	0.583106	0.584522	0.579707	0.616706
building_30	0.545728	0.557296	0.555208	0.613381	0.619256	0.54163	0.535168	0.549225	0.546664	0.563292	0.600248	0.538607	0.597026	0.587789	0.568829	0.530821	0.600724	0.570382	0.571029	0.535382	0.591795	0.557713	0.571095	0.605178	0.569127	0.572676	0.577211	0.577418	0.608056	0	0.570859	0.569821	0.607359	0.581117	0.565723	0.606654	0.613244	0.592878	0.600999	0.542125	0.53826	0.568797	0.573725	0.558098	0.580337	0.592971	0.548909	0.580589	0.575476	0.598408	0.555845	0.56528	0.519547	0.60153	0.610205	0.555053	0.588191	0.558994	0.56332	0.578773	0.582186	0.596953	0.574444	0.558228	0.547278	0.595225	0.558142	0.578003	0.591126	0.536687	0.555853	0.557917	0.601793	0.568667	0.560294	0.623274	0.551897	0.555797	0.58524	0.609105	0.56428	0.532667	0.616612	0.576568	0.60455	0.538248	0.598881	0.561087	0.552201	0.55101	0.5756	0.575516	0.554525	0.592514	0.559079	0.538085	0.547983	0.582658	0.567291	0.550431
building_31	0.591227	0.548593	0.605864	0.580539	0.628694	0.576831	0.598325	0.548478	0.600152	0.587788	0.585567	0.563157	0.560219	0.622071	0.548653	0.573283	0.602551	0.581494	0.575295	0.551138	0.595671	0.550422	0.566976	0.588183	0.599226	0.57342	0.577648	0.601642	0.593287	0.570859	0	0.616901	0.569815	0.615424	0.588638	0.578552	0.606321	0.581399	0.614649	0.56901	0.535284	0.551477	0.587109	0.543237	0.579982	0.600436	0.585396	0.574111	0.555313	0.608896	0.566443	0.57051	0.548673	0.602567	0.60497	0.550879	0.594194	0.597015	0.587765	0.584114	0.592292	0.587102	0.565623	0.545993	0.567914	0.566617	0.552993	0.573348	0.567177	0.589169	0.555896	0.581476	0.600553	0.562835	0.603704	0.598252	0.567791	0.570799	0.589557	0.600325	0.57496	0.558299	0.611543	0.575025	0.588654	0.566165	0.60359	0.535699	0.579428	0.576056	0.579367	0.558124	0.576109	0.630936	0.59341	0.563665	0.559392	0.588362	0.594831	0.590496
building_32	0.573453	0.571994	0.570852	0.617739	0.600347	0.5612	0.545332	0.564852	0.584729	0.575076	0.610078	0.568618	0.586466	0.619995	0.578512	0.573853	0.620424	0.623757	0.577141	0.54603	0.611831	0.585208	0.598712	0.62551	0.581208	0.535505	0.569145	0.600153	0.60224	0.569821	0.616901	0	0.622126	0.571418	0.56128	0.626818	0.623836	0.622218	0.596645	0.585501	0.54576	0.612652	0.59811	0.564995	0.593582	0.580572	0.542636	0.615059	0.590322	0.626026	0.58406	0.582598	0.577592	0.629087	0.642017	0.555526	0.617188	0.632806	0.584833	0.585008	0.564594	0.603942	0.598946	0.571491	0.603221	0.579933	0.593989	0.579734	0.602857	0.550045	0.549552	0.596836	0.644758	0.575358	0.608278	0.630257	0.575316	0.592442	0.614294	0.607333	0.584373	0.542048	0.614582	0.587274	0.613428	0.574861	0.596902	0.586336	0.583259	0.573631	0.576734	0.607902	0.572087	0.630541	0.568411	0.575387	0.539166	0.581761	0.568531	0.586552
building_33	0.616965	0.590258	0.602164	0.605134	0.626041	0.56827	0.596684	0.605759	0.621712	0.598131	0.616863	0.598327	0.593554	0.641451	0.5853	0.60906	0.650703	0.633032	0.578704	0.567039	0.619526	0.569671	0.59963	0.599891	0.601741	0.58207	0.613295	0.634241	0.621697	0.607359	0.569815	0.622126	0	0.624821	0.578317	0.592526	0.615169	0.624247	0.633699	0.605697	0.587586	0.615481	0.602785	0.598833	0.589927	0.625134	0.616066	0.610718	0.632844	0.633929	0.622801	0.628441	0.56691	0.618542	0.630908	0.601707	0.617938	0.628486	0.626695	0.593464	0.616046	0.615739	0.599926	0.582627	0.609867	0.610814	0.608654	0.622737	0.628248	0.606312	0.595771	0.58791	0.64199	0.607717	0.610782	0.646772	0.611593	0.587319	0.623797	0.62972	0.578142	0.559259	0.609277	0.622784	0.638121	0.576375	0.629817	0.563558	0.597933	0.585453	0.637199	0.600859	0.634447	0.643813	0.597214	0.608227	0.598192	0.571228	0.617479	0.625918
building_34	0.606546	0.599373	0.615501	0.597345	0.590441	0.57103	0.521493	0.568904	0.590792	0.613556	0.613434	0.592345	0.577192	0.615195	0.579647	0.567263	0.634389	0.635034	0.573904	0.579906	0.608742	0.581603	0.595869	0.593038	0.593791	0.600898	0.605205	0.594362	0.622356	0.581117	0.615424	0.571418	0.624821	0	0.581655	0.617472	0.599818	0.628192	0.59328	0.593882	0.573796	0.624832	0.600263	0.555927	0.609454	0.597944	0.579838	0.60735	0.589116	0.622063	0.589436	0.602133	0.552497	0.620688	0.648862	0.565302	0.6109	0.583555	0.595234	0.601233	0.58249	0.609436	0.57804	0.568276	0.597269	0.610243	0.607311	0.580309	0.611957	0.599927	0.570808	0.587622	0.630385	0.577599	0.607487	0.606116	0.601786	0.560603	0.573007	0.622321	0.591112	0.55392	0.630662	0.627682	0.606475	0.587898	0.612953	0.586078	0.579719	0.592099	0.611262	0.613059	0.597773	0.629094	0.558785	0.5818	0.560441	0.616003	0.612141	0.57154
building_35	0.527058	0.563318	0.535529	0.582754	0.567779	0.538772	0.533525	0.511207	0.578292	0.548413	0.606261	0.556107	0.531289	0.609257	0.524245	0.523306	0.57663	0.579451	0.554737	0.534288	0.575078	0.549432	0.561443	0.587183	0.528546	0.54943	0.558316	0.585988	0.565417	0.565723	0.588638	0.56128	0.578317	0.581655	0	0.589578	0.568156	0.586266	0.619122	0.560287	0.524938	0.583719	0.570644	0.54253	0.551595	0.566097	0.569383	0.562236	0.562487	0.586236	0.546682	0.554851	0.519692	0.593507	0.585223	0.50981	0.589333	0.578416	0.581255	0.555187	0.563639	0.556984	0.550904	0.524039	0.546326	0.580194	0.544812	0.5776	0.593915	0.546021	0.53391	0.585631	0.602002	0.551255	0.586203	0.607316	0.542551	0.552433	0.539136	0.590558	0.554156	0.502855	0.568891	0.591487	0.564682	0.536025	0.570151	0.532909	0.563345	0.519114	0.572375	0.552376	0.545548	0.608045	0.533221	0.586546	0.533459	0.528026	0.547683	0.565372
building_36	0.605508	0.621617	0.617488	0.609217	0.640045	0.587405	0.586027	0.588576	0.627485	0.599752	0.662127	0.614254	0.597322	0.632916	0.580083	0.59126	0.636903	0.610172	0.597123	0.572834	0.645549	0.618732	0.610121	0.648076	0.591254	0.568998	0.60745	0.636338	0.638058	0.606654	0.578552	0.626818	0.592526	0.617472	0.589578	0	0.639568	0.625054	0.643515	0.597645	0.579854	0.633732	0.646916	0.590606	0.577363	0.611176	0.618511	0.613765	0.609492	0.612403	0.615814	0.618187	0.590961	0.628285	0.6381	0.599344	0.615575	0.621244	0.636208	0.625618	0.6102	0.622455	0.619525	0.607646	0.602579	0.595985	0.603364	0.607421	0.636801	0.593753	0.5865	0.581843	0.623697	0.623198	0.624757	0.639197	0.611024	0.590957	0.624889	0.652376	0.560492	0.552055	0.624006	0.632652	0.607778	0.588875	0.653246	0.567016	0.620898	0.610571	0.598181	0.622426	0.612084	0.64869	0.580172	0.618399	0.57176	0.622467	0.608657	0.576185
building_37	0.60265	0.598914	0.619555	0.615451	0.604447	0.590092	0.596414	0.535834	0.632769	0.579272	0.654698	0.579377	0.594346	0.675886	0.610697	0.593646	0.637832	0.612702	0.5921	0.595743	0.610009	0.589574	0.619482	0.604368	0.597571	0.589168	0.614362	0.650561	0.575364	0.613244	0.606321	0.623836	0.615169	0.599818	0.568156	0.639568	0	0.631225	0.624482	0.6083	0.571027	0.633255	0.589106	0.579251	0.611866	0.610173	0.602746	0.627043	0.625001	0.667081	0.607923	0.578499	0.585287	0.640959	0.633599	0.60804	0.624396	0.597597	0.631515	0.606636	0.60039	0.609059	0.591579	0.576744	0.561383	0.619554	0.610622	0.579372	0.615723	0.586932	0.599082	0.591107	0.64535	0.57728	0.615527	0.643176	0.5961	0.630625	0.603403	0.613597	0.589162	0.571614	0.66601	0.62116	0.618048	0.585205	0.592624	0.612714	0.632364	0.580593	0.616454	0.599955	0.600586	0.630377	0.586955	0.600021	0.581154	0.6137	0.582775	0.626255
building_38	0.586712	0.614539	0.61395	0.61495	0.643153	0.558288	0.596245	0.583069	0.587721	0.604126	0.609843	0.559778	0.575594	0.638088	0.573746	0.582166	0.636933	0.605665	0.582449	0.565133	0.615244	0.568658	0.608075	0.640668	0.591605	0.57382	0.582549	0.608241	0.627057	0.592878	0.581399	0.622218	0.624247	0.628192	0.586266	0.625054	0.631225	0	0.646373	0.594031	0.568656	0.597975	0.57561	0.583555	0.604022	0.625354	0.560272	0.608305	0.57599	0.59554	0.564221	0.587804	0.578977	0.623902	0.625884	0.567291	0.594646	0.59189	0.590548	0.586323	0.602042	0.590838	0.605448	0.591623	0.565164	0.628119	0.567663	0.572939	0.598553	0.57269	0.566555	0.568034	0.642752	0.598167	0.60013	0.599041	0.559618	0.592782	0.613824	0.606511	0.591937	0.576948	0.623982	0.601413	0.598985	0.574009	0.59452	0.557447	0.582322	0.579084	0.615942	0.580508	0.612983	0.592813	0.582623	0.579492	0.605127	0.5896	0.587771	0.592042
building_39	0.622559	0.592839	0.628534	0.633863	0.64594	0.569844	0.603396	0.568461	0.600398	0.598859	0.631502	0.633671	0.582006	0.640336	0.578164	0.582059	0.650159	0.605123	0.593253	0.580604	0.632162	0.590867	0.623427	0.587632	0.581213	0.604866	0.604789	0.616678	0.625737	0.600999	0.614649	0.596645	0.633699	0.59328	0.619122	0.643515	0.624482	0.646373	0	0.589831	0.573826	0.610884	0.613176	0.621625	0.624094	0.623126	0.624266	0.586751	0.618175	0.63145	0.595231	0.591369	0.57067	0.623806	0.660662	0.601758	0.616722	0.613062	0.614785	0.635291	0.638159	0.572374	0.561273	0.564848	0.603424	0.632663	0.566986	0.594966	0.591332	0.605003	0.587668	0.611415	0.651239	0.605999	0.598163	0.640049	0.601769	0.615976	0.627655	0.64502	0.613001	0.594262	0.649506	0.633739	0.593961	0.60821	0.617346	0.587113	0.60581	0.603747	0.608035	0.611497	0.610484	0.637023	0.580747	0.616006	0.563163	0.617574	0.615321	0.609101
building_40	0.558693	0.557982	0.586427	0.612558	0.606824	0.541519	0.592509	0.571326	0.585048	0.556186	0.577107	0.568957	0.561788	0.604651	0.533789	0.541818	0.606614	0.580505	0.589578	0.567112	0.59087	0.570995	0.58093	0.575557	0.585561	0.582865	0.582105	0.601006	0.593082	0.542125	0.56901	0.585501	0.605697	0.593882	0.560287	0.597645	0.6083	0.594031	0.589831	0	0.540931	0.564502	0.559111	0.561786	0.564539	0.592458	0.597182	0.562451	0.564966	0.604594	0.563619	0.571691	0.55838	0.640646	0.619042	0.547523	0.585023	0.618906	0.577359	0.600654	0.575737	0.577931	0.56545	0.550788	0.552836	0.608761	0.559194	0.525632	0.576638	0.581708	0.538922	0.605273	0.616801	0.540464	0.576372	0.60361	0.571099	0.578264	0.598067	0.614111	0.588135	0.556776	0.602001	0.59506	0.587988	0.540994	0.619562	0.528101	0.576418	0.565078	0.566959	0.558157	0.573547	0.595333	0.560449	0.580773	0.572465	0.58801	0.573422	0.607759
building_41	0.534163	0.533402	0.57801	0.580707	0.602057	0.523389	0.520381	0.503164	0.544526	0.549283	0.573442	0.541716	0.511713	0.599769	0.529578	0.529757	0.565593	0.554807	0.55471	0.518656	0.572761	0.534726	0.586302	0.560145	0.543478	0.52262	0.541536	0.582439	0.562217	0.53826	0.535284	0.54576	0.587586	0.573796	0.524938	0.579854	0.571027	0.568656	0.573826	0.540931	0	0.549024	0.57688	0.535344	0.56807	0.558148	0.522827	0.581837	0.54736	0.591515	0.548769	0.547867	0.525609	0.613494	0.595131	0.540934	0.564862	0.568298	0.537675	0.574152	0.55256	0.542605	0.571688	0.500757	0.542993	0.571587	0.533938	0.5431	0.557095	0.541746	0.53038	0.567653	0.593452	0.532121	0.563786	0.577215	0.521488	0.553444	0.559168	0.576127	0.555745	0.510929	0.590322	0.582553	0.565336	0.520515	0.547274	0.544551	0.588183	0.54217	0.545194	0.533423	0.535022	0.601342	0.548584	0.543474	0.530299	0.540965	0.548423	0.587622
building_42	0.574029	0.580838	0.601527	0.617261	0.633218	0.570538	0.590194	0.561593	0.61065	0.621191	0.621263	0.555697	0.582967	0.632508	0.571482	0.566817	0.639439	0.614688	0.585957	0.555084	0.605054	0.584424	0.583398	0.602562	0.607589	0.59241	0.600527	0.583885	0.618866	0.568797	0.551477	0.612652	0.615481	0.624832	0.583719	0.633732	0.633255	0.597975	0.610884	0.564502	0.549024	0	0.584058	0.545053	0.584051	0.620933	0.564541	0.603979	0.574125	0.58248	0.578867	0.561101	0.537622	0.614051	0.584576	0.568059	0.606166	0.598045	0.588603	0.595737	0.569075	0.59825	0.586003	0.577943	0.560109	0.592128	0.577964	0.574693	0.599954	0.559032	0.561808	0.56341	0.603169	0.585366	0.577567	0.618761	0.572438	0.576552	0.580145	0.600654	0.591116	0.562377	0.599771	0.601539	0.594672	0.553939	0.601754	0.55937	0.582231	0.565521	0.58807	0.575248	0.608919	0.606791	0.563922	0.575618	0.594664	0.612019	0.580851	0.604544
building_43	0.58107	0.586212	0.596785	0.582037	0.597963	0.567465	0.563511	0.559804	0.597893	0.57624	0.605482	0.557375	0.577801	0.64026	0.548307	0.565884	0.634218	0.617331	0.57309	0.578402	0.604164	0.554085	0.597593	0.619532	0.56521	0.595555	0.556827	0.611062	0.623276	0.573725	0.587109	0.59811	0.602785	0.600263	0.570644	0.646916	0.589106	0.57561	0.613176	0.559111	0.57688	0.584058	0	0.588902	0.584701	0.638232	0.599396	0.591412	0.591974	0.628098	0.556796	0.57361	0.5479	0.622929	0.61483	0.575606	0.615439	0.601353	0.586393	0.597345	0.561552	0.588896	0.548042	0.564086	0.578909	0.623473	0.558937	0.574198	0.598097	0.587084	0.569148	0.577515	0.614936	0.601527	0.589658	0.613014	0.553466	0.603781	0.60096	0.596756	0.556542	0.54505	0.619065	0.609015	0.594745	0.551377	0.582348	0.558887	0.579575	0.542314	0.616001	0.541844	0.605118	0.623073	0.563616	0.562105	0.571198	0.588181	0.546095	0.609923
