SampleID	gut_1	gut_2	gut_3	gut_4	gut_5	gut_6	gut_7	gut_8	gut_9	gut_10	gut_11	gut_12	gut_13	gut_14	gut_15	gut_16	gut_17	gut_18	gut_19	gut_20	gut_21	gut_22	gut_23	gut_24	gut_25	gut_26	gut_27	gut_28	gut_29	gut_30	gut_31	gut_32	gut_33	gut_34	gut_35	gut_36	gut_37	gut_38	gut_39	gut_40	gut_41	gut_42	gut_43	gut_44	gut_45	gut_46	gut_47	gut_48	gut_49	gut_50	gut_51	gut_52	gut_53	gut_54	gut_55	gut_56	gut_57	gut_58	gut_59	gut_60	gut_61	gut_62	gut_63	gut_64	gut_65	gut_66	gut_67	gut_68	gut_69	gut_70	gut_71	gut_72	gut_73	gut_74	gut_75	gut_76	gut_77	gut_78	gut_79	gut_80	gut_81	gut_82	gut_83	gut_84	gut_85	gut_86	gut_87	gut_88	gut_89	gut_90	gut_91	gut_92	gut_93	gut_94	gut_95	gut_96	gut_97	gut_98	gut_99	gut_100
gut_1	0	0.745827	0.741153	0.729255	0.736873	0.745401	0.727364	0.74483	0.671911	0.741001	0.769082	0.735425	0.744021	0.758347	0.723754	0.737616	0.761733	0.759782	0.724902	0.758031	0.726867	0.726875	0.766708	0.732692	0.757246	0.725326	0.703513	0.707686	0.749801	0.766504	0.748615	0.72054	0.714552	0.702175	0.719616	0.718009	0.69296	0.766389	0.715408	0.722958	0.74104	0.727086	0.730171	0.759997	0.754508	0.730566	0.719741	0.744513	0.746925	0.724514	0.711891	0.758435	0.769754	0.673706	0.731533	0.76615	0.73899	0.73923	0.744889	0.750129	0.726273	0.75013	0.749047	0.757604	0.723277	0.755938	0.761763	0.734536	0.731738	0.750073	0.74143	0.731873	0.711204	0.740281	0.720501	0.736627	0.740349	0.739518	0.721875	0.738033	0.761193	0.751908	0.748119	0.72279	0.72916	0.753713	0.749011	0.720247	0.723486	0.758574	0.76131	0.741485	0.736992	0.753735	0.731906	0.753983	0.720039	0.724263	0.737008	0.767709
gut_2	0.745827	0	0.750434	0.758686	0.751228	0.781516	0.768594	0.746018	0.749822	0.72837	0.760621	0.70511	0.781391	0.754059	0.74587	0.754727	0.777669	0.761587	0.786833	0.737499	0.754968	0.744396	0.729989	0.722019	0.710335	0.764976	0.723903	0.725295	0.784215	0.770557	0.707218	0.710786	0.746241	0.764564	0.7634	0.722436	0.73316	0.758203	0.734812	0.754884	0.712433	0.742288	0.743432	0.73261	0.755349	0.763185	0.774095	0.736792	0.750635	0.764961	0.720938	0.742849	0.709723	0.737	0.768412	0.755759	0.721953	0.76118	0.758276	0.739559	0.774659	0.733943	0.714041	0.751833	0.741573	0.747971	0.77819	0.764383	0.75919	0.764839	0.716861	0.74541	0.739432	0.729683	0.742441	0.743631	0.762588	0.759725	0.737714	0.743473	0.727555	0.74341	0.727642	0.733234	0.743681	0.740417	0.770966	0.756674	0.721114	0.765124	0.757659	0.746179	0.767279	0.762181	0.731516	0.743625	0.735703	0.765816	0.738389	0.768246
gut_3	0.741153	0.750434	0	0.762406	0.744239	0.751197	0.756508	0.751537	0.737265	0.754515	0.787135	0.738519	0.759144	0.747853	0.726743	0.753202	0.74362	0.770505	0.752649	0.751383	0.715454	0.758297	0.750251	0.732521	0.760135	0.764844	0.745554	0.737848	0.733857	0.757181	0.746087	0.735506	0.745139	0.774939	0.761457	0.768615	0.769871	0.772067	0.767435	0.752037	0.712212	0.757248	0.756355	0.754038	0.762196	0.761396	0.71845	0.742775	0.773204	0.743761	0.735451	0.743452	0.757344	0.738424	0.752637	0.7405	0.767791	0.749031	0.750359	0.722735	0.735053	0.748137	0.760343	0.724095	0.719536	0.763305	0.777479	0.75677	0.741461	0.728817	0.754476	0.77387	0.757077	0.74211	0.755711	0.740354	0.754477	0.734884	0.750854	0.729223	0.743267	0.769764	0.759245	0.756404	0.748952	0.733432	0.757603	0.77572	0.761447	0.773905	0.783501	0.769113	0.721521	0.770089	0.742382	0.750196	0.736794	0.744749	0.723822	0.711519
gut_4	0.729255	0.758686	0.762406	0	0.762474	0.765943	0.705119	0.710586	0.716176	0.769465	0.760435	0.742593	0.775276	0.741853	0.756887	0.755909	0.760826	0.754213	0.791458	0.726781	0.730335	0.730906	0.738296	0.746242	0.753096	0.744866	0.754125	0.714067	0.766753	0.746934	0.755695	0.745722	0.758791	0.740501	0.770073	0.750414	0.731034	0.724154	0.72995	0.753211	0.747033	0.729802	0.759947	0.763383	0.760986	0.762473	0.742398	0.742006	0.744845	0.720694	0.742545	0.752022	0.763644	0.747753	0.727812	0.709323	0.742387	0.777202	0.725802	0.756904	0.766284	0.750013	0.740845	0.734815	0.778529	0.740056	0.767611	0.768375	0.75112	0.785972	0.737141	0.757691	0.737432	0.743676	0.743907	0.739697	0.766207	0.754897	0.734171	0.733718	0.768924	0.750688	0.755774	0.757464	0.728639	0.761885	0.773543	0.736619	0.717275	0.752626	0.757775	0.768019	0.756637	0.767586	0.749193	0.732891	0.756775	0.711138	0.743324	0.763295
gut_5	0.736873	0.751228	0.744239	0.762474	0	0.75789	0.754139	0.7395	0.746915	0.743827	0.74888	0.737782	0.727079	0.784367	0.684185	0.724015	0.762048	0.762298	0.706297	0.712323	0.739766	0.733061	0.748875	0.724422	0.747734	0.729995	0.732336	0.730111	0.753667	0.76192	0.754105	0.727437	0.749334	0.759873	0.719003	0.735666	0.736438	0.753501	0.762183	0.745492	0.731974	0.701765	0.71534	0.750667	0.77591	0.734722	0.765107	0.736399	0.726054	0.730357	0.707967	0.737528	0.73691	0.753873	0.769786	0.770658	0.706957	0.752419	0.748183	0.721396	0.746708	0.733306	0.737765	0.735971	0.747704	0.761269	0.740996	0.751597	0.730627	0.745207	0.727772	0.767503	0.754856	0.740303	0.753876	0.702882	0.716619	0.745965	0.741337	0.741947	0.763573	0.76104	0.74657	0.719447	0.753535	0.737444	0.736371	0.718123	0.718208	0.765996	0.750309	0.752799	0.709919	0.755701	0.728169	0.723512	0.750384	0.744543	0.763903	0.742454
gut_6	0.745401	0.781516	0.751197	0.765943	0.75789	0	0.751639	0.751894	0.745623	0.785903	0.756055	0.744368	0.749664	0.758335	0.767213	0.748993	0.758955	0.750817	0.755276	0.740011	0.740002	0.753545	0.747328	0.702772	0.734879	0.74044	0.735163	0.75386	0.765118	0.748434	0.756711	0.756357	0.736569	0.739362	0.750139	0.749038	0.742081	0.75551	0.763055	0.744379	0.745914	0.741639	0.739324	0.742496	0.752034	0.734205	0.743005	0.759205	0.73212	0.739404	0.731928	0.741816	0.75364	0.673563	0.752767	0.741299	0.758669	0.771078	0.744752	0.754888	0.744296	0.729803	0.746819	0.742327	0.753291	0.746504	0.782129	0.741565	0.733632	0.746603	0.761931	0.774392	0.732049	0.741397	0.717805	0.708262	0.772475	0.720125	0.745537	0.734815	0.762115	0.758122	0.720502	0.730982	0.739503	0.740757	0.745766	0.726873	0.754885	0.752968	0.769251	0.765516	0.723623	0.745245	0.761215	0.702738	0.764966	0.759874	0.721107	0.71608
gut_7	0.727364	0.768594	0.756508	0.705119	0.754139	0.751639	0	0.7512	0.736596	0.735022	0.74511	0.734957	0.7412	0.750436	0.751213	0.756344	0.75646	0.771942	0.739769	0.726126	0.72707	0.739585	0.746341	0.743212	0.739977	0.717921	0.747208	0.740464	0.725268	0.742561	0.761679	0.730623	0.719058	0.717867	0.733112	0.750232	0.730669	0.734697	0.766913	0.726917	0.751239	0.729783	0.717513	0.754347	0.735214	0.731235	0.748772	0.757656	0.754922	0.713238	0.730927	0.745897	0.762645	0.727144	0.710404	0.772725	0.74479	0.762261	0.730608	0.747908	0.718125	0.764176	0.752951	0.718717	0.750792	0.742755	0.72448	0.739303	0.75056	0.701267	0.734422	0.759508	0.739723	0.730517	0.747333	0.748185	0.731274	0.748249	0.70658	0.743561	0.75324	0.750835	0.730553	0.766016	0.737823	0.770488	0.782143	0.760295	0.734814	0.743217	0.7511	0.739847	0.725233	0.737968	0.742708	0.730134	0.725171	0.755647	0.733052	0.718001
gut_8	0.74483	0.746018	0.751537	0.710586	0.7395	0.751894	0.7512	0	0.720267	0.737962	0.742394	0.717763	0.754824	0.722001	0.719669	0.712447	0.749664	0.739446	0.753067	0.751876	0.73357	0.725114	0.756179	0.740827	0.750793	0.745376	0.769401	0.705096	0.754386	0.752281	0.728496	0.758311	0.76571	0.719922	0.746715	0.749062	0.737232	0.752461	0.762307	0.740389	0.696458	0.764805	0.766972	0.77208	0.760446	0.738444	0.756219	0.745297	0.725662	0.749373	0.743231	0.768104	0.768554	0.758451	0.726483	0.743861	0.736533	0.739845	0.718658	0.754048	0.742183	0.730464	0.673795	0.727427	0.718515	0.748922	0.725214	0.750833	0.731512	0.75217	0.754261	0.741164	0.750788	0.727082	0.72397	0.742157	0.758452	0.730739	0.76118	0.757221	0.747891	0.740685	0.729313	0.740526	0.735482	0.759708	0.756951	0.733537	0.73842	0.73533	0.742428	0.738063	0.75748	0.747448	0.76253	0.711984	0.736627	0.744181	0.722093	0.733658
gut_9	0.671911	0.749822	0.737265	0.716176	0.746915	0.745623	0.736596	0.720267	0	0.709774	0.725984	0.722632	0.735773	0.711488	0.737911	0.703992	0.722731	0.713271	0.716461	0.753273	0.721545	0.707473	0.710422	0.718237	0.734402	0.719256	0.764656	0.746448	0.713025	0.747841	0.723887	0.705668	0.734681	0.703636	0.75758	0.71685	0.697873	0.755062	0.747314	0.721481	0.757646	0.741022	0.750666	0.728681	0.760479	0.726788	0.689867	0.731713	0.737743	0.701751	0.722859	0.750702	0.770127	0.700982	0.728835	0.737571	0.745221	0.717638	0.762656	0.725893	0.738613	0.718071	0.712164	0.739191	0.746838	0.712776	0.730797	0.735262	0.719049	0.741624	0.732025	0.717071	0.743105	0.734491	0.724386	0.726587	0.748339	0.711817	0.731233	0.712842	0.748093	0.700782	0.698396	0.738998	0.722226	0.743602	0.750776	0.732727	0.725353	0.741804	0.733799	0.735969	0.749649	0.72034	0.720894	0.699838	0.712965	0.699831	0.719069	0.757236
gut_10	0.741001	0.72837	0.754515	0.769465	0.743827	0.785903	0.735022	0.737962	0.709774	0	0.766896	0.736129	0.745056	0.787349	0.722103	0.747512	0.751192	0.789115	0.767739	0.715999	0.729925	0.733904	0.762434	0.73553	0.736249	0.725131	0.766908	0.757081	0.753843	0.780379	0.747811	0.719416	0.746025	0.747321	0.767921	0.736144	0.734268	0.757689	0.794577	0.750344	0.7409	0.747071	0.754326	0.735324	0.772495	0.736463	0.729049	0.745007	0.757268	0.696376	0.737857	0.755297	0.779609	0.761934	0.753889	0.763331	0.771415	0.740834	0.774538	0.746926	0.739237	0.750252	0.728603	0.77775	0.711578	0.760809	0.753504	0.732283	0.738306	0.749048	0.73467	0.764642	0.747597	0.756108	0.77112	0.765498	0.757096	0.769051	0.74452	0.757332	0.728705	0.704323	0.724625	0.769322	0.735168	0.740744	0.770032	0.741984	0.724324	0.7604	0.76098	0.744928	0.748898	0.738512	0.756768	0.73904	0.721681	0.764773	0.729726	0.757368
gut_11	0.769082	0.760621	0.787135	0.760435	0.74888	0.756055	0.74511	0.742394	0.725984	0.766896	0	0.722682	0.761343	0.731007	0.728245	0.74761	0.751522	0.748178	0.747827	0.73758	0.750738	0.758891	0.737877	0.710749	0.757341	0.76108	0.745811	0.730712	0.750417	0.764878	0.753408	0.734162	0.747599	0.756305	0.740225	0.763724	0.713849	0.748706	0.743525	0.735304	0.713352	0.76702	0.754207	0.737393	0.758228	0.751724	0.756017	0.755533	0.752554	0.756112	0.732425	0.775303	0.746631	0.739674	0.746085	0.762695	0.763322	0.774593	0.751805	0.750969	0.746641	0.747454	0.748348	0.736863	0.753025	0.722264	0.734882	0.770674	0.729606	0.751695	0.73518	0.75935	0.722744	0.723364	0.740726	0.742234	0.723655	0.761157	0.718961	0.743992	0.732314	0.740042	0.738368	0.783938	0.728564	0.738249	0.753717	0.754478	0.744407	0.735381	0.715489	0.743949	0.764117	0.747704	0.736185	0.750511	0.762488	0.774457	0.73275	0.736113
gut_12	0.735425	0.70511	0.738519	0.742593	0.737782	0.744368	0.734957	0.717763	0.722632	0.736129	0.722682	0	0.766625	0.745369	0.725632	0.739594	0.734952	0.743648	0.736589	0.715987	0.750546	0.73641	0.726622	0.713719	0.738736	0.729569	0.735052	0.690641	0.754798	0.749663	0.699773	0.741248	0.727629	0.742717	0.721385	0.727831	0.739463	0.735883	0.71895	0.719101	0.74294	0.716573	0.694918	0.702357	0.763065	0.742212	0.736058	0.718474	0.702067	0.721808	0.714306	0.743659	0.736786	0.719689	0.760457	0.752068	0.703677	0.745741	0.711131	0.738778	0.761502	0.727084	0.724826	0.72015	0.73298	0.692146	0.739208	0.749592	0.750519	0.730426	0.744467	0.754769	0.732715	0.704058	0.741889	0.736008	0.723108	0.7327	0.715337	0.70116	0.759767	0.727615	0.715017	0.742288	0.728948	0.740295	0.726614	0.704428	0.709635	0.723764	0.715573	0.738095	0.725547	0.721533	0.730054	0.704852	0.704323	0.737538	0.732142	0.741744
gut_13	0.744021	0.781391	0.759144	0.775276	0.727079	0.749664	0.7412	0.754824	0.735773	0.745056	0.761343	0.766625	0	0.747851	0.751599	0.746447	0.774247	0.749437	0.752909	0.755724	0.742913	0.767201	0.731291	0.74511	0.744221	0.73121	0.751189	0.753887	0.736339	0.7434	0.734897	0.731059	0.734434	0.729088	0.763664	0.77345	0.737987	0.727364	0.735554	0.729228	0.732259	0.757972	0.759556	0.781034	0.765457	0.737489	0.74845	0.743003	0.729904	0.735911	0.733806	0.748224	0.764526	0.739567	0.751157	0.774924	0.726073	0.769819	0.764939	0.736086	0.742966	0.741832	0.709872	0.75224	0.765	0.760997	0.784598	0.749217	0.762496	0.768978	0.737245	0.742748	0.744099	0.774424	0.754988	0.744308	0.720489	0.7494	0.745123	0.725974	0.74552	0.775322	0.728316	0.7747	0.748102	0.760537	0.745699	0.73414	0.744715	0.786157	0.750043	0.728952	0.747709	0.743621	0.750021	0.732183	0.761774	0.755681	0.760444	0.766273
gut_14	0.758347	0.754059	0.747853	0.741853	0.784367	0.758335	0.750436	0.722001	0.711488	0.787349	0.731007	0.745369	0.747851	0	0.735565	0.743674	0.716531	0.759966	0.753741	0.735683	0.737357	0.722708	0.731516	0.759258	0.760254	0.715019	0.74403	0.738506	0.741428	0.700913	0.738877	0.752306	0.729043	0.733936	0.773094	0.773818	0.729846	0.739775	0.721157	0.708198	0.753649	0.740695	0.761836	0.746529	0.763432	0.753077	0.760048	0.753578	0.73662	0.775324	0.746509	0.724777	0.773757	0.730929	0.747434	0.76273	0.715077	0.753734	0.744043	0.750569	0.748394	0.702058	0.786952	0.711109	0.737137	0.699708	0.754954	0.773554	0.750101	0.736247	0.729726	0.739019	0.752638	0.717853	0.728693	0.704673	0.748749	0.774409	0.734755	0.726988	0.746385	0.745549	0.729476	0.747718	0.768651	0.735509	0.77482	0.744382	0.754723	0.75039	0.72168	0.750902	0.74662	0.752628	0.746794	0.714915	0.715671	0.70668	0.703988	0.753084
gut_15	0.723754	0.74587	0.726743	0.756887	0.684185	0.767213	0.751213	0.719669	0.737911	0.722103	0.728245	0.725632	0.751599	0.735565	0	0.744594	0.706672	0.751525	0.715453	0.695506	0.736223	0.738218	0.738539	0.686548	0.744325	0.728602	0.706866	0.681529	0.753974	0.744777	0.751434	0.745935	0.719422	0.740686	0.733738	0.721871	0.675861	0.709576	0.744249	0.746599	0.749792	0.716362	0.735363	0.728324	0.761943	0.74401	0.747675	0.722437	0.720961	0.709836	0.737954	0.726387	0.747638	0.738238	0.755244	0.744901	0.72248	0.762058	0.696673	0.68531	0.738559	0.693562	0.728744	0.721103	0.756338	0.725797	0.707837	0.73918	0.714351	0.722061	0.735785	0.764449	0.769313	0.715727	0.72558	0.701537	0.7577	0.735795	0.737341	0.708207	0.73947	0.745326	0.69972	0.770324	0.762713	0.7339	0.705202	0.726422	0.681362	0.737454	0.722521	0.730802	0.734295	0.717594	0.728034	0.699649	0.734826	0.75064	0.721721	0.746195
gut_16	0.737616	0.754727	0.753202	0.755909	0.724015	0.748993	0.756344	0.712447	0.703992	0.747512	0.74761	0.739594	0.746447	0.743674	0.744594	0	0.750871	0.738745	0.755147	0.713617	0.729992	0.744809	0.75529	0.725995	0.709739	0.733789	0.727748	0.744145	0.730811	0.759257	0.726716	0.72915	0.739067	0.722545	0.744233	0.759791	0.734591	0.744711	0.732137	0.706266	0.723337	0.756054	0.717258	0.728654	0.768776	0.757207	0.697903	0.742536	0.715395	0.738609	0.695241	0.720358	0.765106	0.748518	0.716992	0.746156	0.723709	0.709398	0.734	0.727424	0.749994	0.7259	0.728123	0.694581	0.729912	0.759233	0.713493	0.745838	0.74574	0.716022	0.73476	0.732911	0.722722	0.730035	0.738665	0.729508	0.741061	0.73765	0.73754	0.711402	0.717727	0.702806	0.752176	0.730071	0.698303	0.75064	0.75036	0.712015	0.730554	0.748853	0.7568	0.712973	0.717727	0.736123	0.72988	0.719241	0.729117	0.716777	0.718911	0.749146
gut_17	0.761733	0.777669	0.74362	0.760826	0.762048	0.758955	0.75646	0.749664	0.722731	0.751192	0.751522	0.734952	0.774247	0.716531	0.706672	0.750871	0	0.715141	0.77164	0.697179	0.764435	0.742269	0.753508	0.735584	0.745665	0.73241	0.75852	0.743977	0.744552	0.778576	0.75456	0.746961	0.745751	0.763662	0.761932	0.767563	0.740008	0.757685	0.745337	0.744288	0.733269	0.753167	0.739764	0.734412	0.769019	0.742108	0.742974	0.749624	0.746612	0.748056	0.75908	0.759831	0.757328	0.705204	0.734239	0.750452	0.736445	0.73587	0.736408	0.7229	0.714273	0.711652	0.775641	0.741071	0.751067	0.740441	0.708051	0.748322	0.701257	0.73714	0.766916	0.731477	0.751779	0.742665	0.726637	0.717381	0.765082	0.742115	0.754414	0.759325	0.762348	0.734697	0.719423	0.749847	0.726877	0.748195	0.75597	0.749968	0.746071	0.756207	0.756918	0.757185	0.699726	0.74278	0.723721	0.718459	0.744092	0.745026	0.72798	0.743097
gut_18	0.759782	0.761587	0.770505	0.754213	0.762298	0.750817	0.771942	0.739446	0.713271	0.789115	0.748178	0.743648	0.749437	0.759966	0.751525	0.738745	0.715141	0	0.763023	0.7307	0.750983	0.731477	0.766778	0.74913	0.734057	0.760791	0.748719	0.74482	0.76492	0.757859	0.738864	0.74372	0.742593	0.75854	0.760422	0.760019	0.756209	0.774069	0.773165	0.768432	0.745848	0.721913	0.773554	0.753028	0.786932	0.744733	0.76114	0.72842	0.765532	0.763321	0.749021	0.759244	0.755671	0.736978	0.721145	0.760114	0.762951	0.753917	0.757841	0.736745	0.744554	0.758628	0.754274	0.754593	0.764433	0.742558	0.746855	0.765534	0.748842	0.747272	0.784341	0.744257	0.748059	0.754806	0.75037	0.740601	0.747517	0.722053	0.748594	0.705215	0.755956	0.73834	0.756957	0.749585	0.72013	0.760143	0.758887	0.759627	0.723155	0.777377	0.760548	0.729195	0.739874	0.7444	0.745943	0.74518	0.758974	0.76849	0.756501	0.756303
gut_19	0.724902	0.786833	0.752649	0.791458	0.706297	0.755276	0.739769	0.753067	0.716461	0.767739	0.747827	0.736589	0.752909	0.753741	0.715453	0.755147	0.77164	0.763023	0	0.748598	0.75235	0.736551	0.758672	0.733661	0.745466	0.733977	0.71757	0.753359	0.753929	0.767212	0.737663	0.733771	0.749774	0.734218	0.768642	0.757109	0.712952	0.744623	0.757661	0.734298	0.748802	0.735351	0.723684	0.753913	0.789983	0.745839	0.760006	0.759469	0.748399	0.752683	0.712412	0.763068	0.778972	0.711158	0.754106	0.770953	0.72167	0.743296	0.764163	0.733598	0.765879	0.749232	0.763753	0.681892	0.76593	0.735443	0.768809	0.684152	0.750422	0.75042	0.774242	0.740585	0.748903	0.737322	0.732402	0.768967	0.729611	0.761781	0.762995	0.733533	0.761364	0.740135	0.725133	0.759991	0.75615	0.749966	0.718817	0.719223	0.708474	0.776913	0.775675	0.749111	0.730647	0.753186	0.731247	0.731063	0.742676	0.729102	0.742276	0.765703
gut_20	0.758031	0.737499	0.751383	0.726781	0.712323	0.740011	0.726126	0.751876	0.753273	0.715999	0.73758	0.715987	0.755724	0.735683	0.695506	0.713617	0.697179	0.7307	0.748598	0	0.707811	0.720361	0.72831	0.688913	0.722787	0.73319	0.743033	0.729244	0.747112	0.753361	0.73797	0.720004	0.754327	0.723084	0.708246	0.745028	0.70527	0.73721	0.765082	0.726287	0.727513	0.721516	0.710224	0.720907	0.742359	0.731809	0.739338	0.751446	0.725841	0.729349	0.737944	0.756194	0.727956	0.712782	0.72641	0.752729	0.703548	0.757611	0.739389	0.726255	0.758441	0.710859	0.709255	0.718045	0.74475	0.719804	0.764069	0.726987	0.718515	0.730456	0.734189	0.759195	0.724843	0.72031	0.714289	0.723867	0.731592	0.758699	0.741836	0.681188	0.743267	0.71407	0.737952	0.742618	0.700038	0.733456	0.709308	0.731788	0.722422	0.739767	0.749681	0.746011	0.72284	0.722465	0.753882	0.750797	0.750613	0.74716	0.689754	0.712076
gut_21	0.726867	0.754968	0.715454	0.730335	0.739766	0.740002	0.72707	0.73357	0.721545	0.729925	0.750738	0.750546	0.742913	0.737357	0.736223	0.729992	0.764435	0.750983	0.75235	0.707811	0	0.690151	0.742269	0.722227	0.731555	0.730619	0.736221	0.732366	0.722613	0.724481	0.730527	0.736171	0.712701	0.724331	0.728519	0.744781	0.699776	0.718446	0.748846	0.702598	0.753287	0.716225	0.719572	0.734189	0.756329	0.751969	0.690933	0.710161	0.717614	0.70195	0.682617	0.724443	0.722743	0.704085	0.713528	0.725591	0.718202	0.72334	0.720062	0.734005	0.733506	0.72234	0.714023	0.734408	0.688078	0.742114	0.73238	0.738616	0.722458	0.742613	0.703266	0.729815	0.756757	0.720426	0.70658	0.745072	0.74983	0.738183	0.740255	0.688375	0.74019	0.725399	0.758788	0.713119	0.711059	0.727895	0.757177	0.731392	0.723621	0.724308	0.745898	0.748081	0.761336	0.74126	0.70941	0.724848	0.742594	0.715047	0.711778	0.750029
gut_22	0.726875	0.744396	0.758297	0.730906	0.733061	0.753545	0.739585	0.725114	0.707473	0.733904	0.758891	0.73641	0.767201	0.722708	0.738218	0.744809	0.742269	0.731477	0.736551	0.720361	0.690151	0	0.735076	0.757377	0.691562	0.713993	0.761204	0.73898	0.749961	0.748384	0.722721	0.743935	0.741359	0.76018	0.743783	0.764351	0.727131	0.747259	0.715354	0.747948	0.776081	0.738965	0.75064	0.758319	0.750588	0.724395	0.727622	0.738398	0.724712	0.726852	0.728083	0.754204	0.717391	0.720483	0.756871	0.721056	0.73507	0.755684	0.760747	0.761066	0.750924	0.731239	0.734984	0.747314	0.743487	0.74154	0.746581	0.750144	0.732775	0.725922	0.727173	0.766197	0.754169	0.708926	0.717628	0.706958	0.762303	0.754685	0.739446	0.668962	0.747059	0.710518	0.744918	0.730433	0.741405	0.72595	0.737454	0.747015	0.711185	0.74522	0.71201	0.742247	0.735466	0.702101	0.750973	0.725268	0.732733	0.74209	0.712444	0.753894
gut_23	0.766708	0.729989	0.750251	0.738296	0.748875	0.747328	0.746341	0.756179	0.710422	0.762434	0.737877	0.726622	0.731291	0.731516	0.738539	0.75529	0.753508	0.766778	0.758672	0.72831	0.742269	0.735076	0	0.733307	0.734961	0.732511	0.751435	0.722382	0.733131	0.743037	0.712525	0.723964	0.730388	0.732359	0.773211	0.734041	0.73708	0.753981	0.736106	0.763883	0.733856	0.73318	0.745118	0.711495	0.721731	0.724471	0.734022	0.726025	0.752667	0.751107	0.726703	0.737996	0.75623	0.727844	0.744731	0.739912	0.739101	0.768674	0.732397	0.72739	0.757617	0.727134	0.75717	0.741102	0.746473	0.743497	0.743188	0.739107	0.762241	0.750294	0.764729	0.727325	0.731369	0.734359	0.728415	0.735994	0.724489	0.732255	0.704342	0.720514	0.764579	0.747259	0.740204	0.737289	0.728734	0.746626	0.772302	0.736286	0.718424	0.744661	0.740575	0.734667	0.73315	0.722926	0.763312	0.747298	0.717979	0.743903	0.73768	0.757359
gut_24	0.732692	0.722019	0.732521	0.746242	0.724422	0.702772	0.743212	0.740827	0.718237	0.73553	0.710749	0.713719	0.74511	0.759258	0.686548	0.725995	0.735584	0.74913	0.733661	0.688913	0.722227	0.757377	0.733307	0	0.738494	0.718562	0.752355	0.73836	0.721965	0.734267	0.732761	0.703305	0.737062	0.751751	0.737155	0.704341	0.671681	0.735909	0.730457	0.735487	0.727199	0.701986	0.715655	0.736738	0.758155	0.712998	0.696131	0.71498	0.742992	0.734434	0.706377	0.738868	0.76177	0.69342	0.741321	0.775657	0.674284	0.766106	0.741494	0.744486	0.742689	0.694613	0.721134	0.707786	0.747804	0.719817	0.741729	0.728388	0.730657	0.736925	0.72923	0.741226	0.725941	0.722966	0.700373	0.702516	0.738111	0.70795	0.730944	0.713735	0.726147	0.722965	0.739283	0.728814	0.714025	0.725242	0.708738	0.716556	0.71937	0.740313	0.731922	0.721376	0.737444	0.730731	0.752801	0.68966	0.733985	0.745243	0.720761	0.684524
gut_25	0.757246	0.710335	0.760135	0.753096	0.747734	0.734879	0.739977	0.750793	0.734402	0.736249	0.757341	0.738736	0.744221	0.760254	0.744325	0.709739	0.745665	0.734057	0.745466	0.722787	0.731555	0.691562	0.734961	0.738494	0	0.759131	0.720172	0.738859	0.742743	0.741642	0.735665	0.711331	0.736103	0.720617	0.73895	0.753749	0.728095	0.742844	0.763868	0.768236	0.714948	0.73029	0.731667	0.759456	0.747025	0.730671	0.731757	0.74957	0.707101	0.72393	0.695232	0.745117	0.741945	0.716558	0.770767	0.744019	0.720907	0.742558	0.75375	0.736518	0.741811	0.729611	0.72911	0.691262	0.737266	0.717503	0.72325	0.751341	0.731516	0.745198	0.75118	0.764598	0.737123	0.740675	0.734552	0.736693	0.738401	0.71666	0.729714	0.731455	0.708378	0.692841	0.725934	0.725483	0.718596	0.750274	0.72226	0.727619	0.732562	0.753487	0.726865	0.728307	0.713277	0.724979	0.746048	0.727322	0.757514	0.731113	0.726665	0.761975
gut_26	0.725326	0.764976	0.764844	0.744866	0.729995	0.74044	0.717921	0.745376	0.719256	0.725131	0.76108	0.729569	0.73121	0.715019	0.728602	0.733789	0.73241	0.760791	0.733977	0.73319	0.730619	0.713993	0.732511	0.718562	0.759131	0	0.765075	0.717316	0.750114	0.736975	0.749374	0.713259	0.763045	0.727665	0.739821	0.741863	0.733706	0.744308	0.74811	0.745109	0.747836	0.715643	0.75708	0.745743	0.746996	0.740191	0.734485	0.742661	0.700779	0.743261	0.735721	0.745467	0.76075	0.743933	0.755072	0.748315	0.737708	0.692971	0.742603	0.738832	0.747793	0.719077	0.744987	0.739556	0.735361	0.74081	0.741561	0.736222	0.74432	0.748544	0.752199	0.748259	0.724838	0.723694	0.722503	0.740796	0.743201	0.73585	0.747478	0.754925	0.759746	0.766709	0.718053	0.761834	0.715701	0.726804	0.739639	0.738901	0.735069	0.758568	0.726392	0.743515	0.743032	0.706918	0.744685	0.728226	0.753739	0.724923	0.742795	0.737284
gut_27	0.703513	0.723903	0.745554	0.754125	0.732336	0.735163	0.747208	0.769401	0.764656	0.766908	0.745811	0.735052	0.751189	0.74403	0.706866	0.727748	0.75852	0.748719	0.71757	0.743033	0.736221	0.761204	0.751435	0.752355	0.720172	0.765075	0	0.720515	0.738684	0.750484	0.750611	0.727832	0.716488	0.762369	0.725533	0.746569	0.704335	0.717221	0.694958	0.770284	0.727361	0.726	0.747643	0.735405	0.745378	0.763411	0.735587	0.726412	0.745274	0.724731	0.713396	0.710072	0.754198	0.740494	0.741548	0.729612	0.725442	0.748019	0.730443	0.736656	0.711122	0.742508	0.744616	0.693469	0.718438	0.732081	0.75718	0.752438	0.737038	0.73723	0.734879	0.732079	0.726646	0.741545	0.735841	0.707388	0.749266	0.740637	0.721204	0.721395	0.77712	0.745163	0.715955	0.745417	0.721517	0.743138	0.742672	0.740553	0.726935	0.757988	0.738156	0.723774	0.709536	0.738904	0.723119	0.734491	0.744909	0.768782	0.732398	0.75839
gut_28	0.707686	0.725295	0.737848	0.714067	0.730111	0.75386	0.740464	0.705096	0.746448	0.757081	0.730712	0.690641	0.753887	0.738506	0.681529	0.744145	0.743977	0.74482	0.753359	0.729244	0.732366	0.73898	0.722382	0.73836	0.738859	0.717316	0.720515	0	0.742515	0.732266	0.749579	0.717773	0.739245	0.73063	0.731853	0.739579	0.735567	0.742333	0.724294	0.754565	0.756282	0.733215	0.730216	0.729539	0.733479	0.743149	0.720328	0.724918	0.73448	0.714136	0.730161	0.747617	0.717319	0.72205	0.720561	0.735682	0.733149	0.748262	0.730868	0.726391	0.741411	0.714713	0.721173	0.723343	0.752008	0.718147	0.717176	0.761746	0.738936	0.742189	0.743188	0.739015	0.714256	0.724723	0.735438	0.722733	0.725448	0.708187	0.698428	0.733065	0.753407	0.740483	0.673113	0.763106	0.729622	0.737763	0.745194	0.726421	0.715604	0.73098	0.708955	0.724098	0.730713	0.733884	0.72067	0.741724	0.762664	0.74888	0.738929	0.71497
gut_29	0.749801	0.784215	0.733857	0.766753	0.753667	0.765118	0.725268	0.754386	0.713025	0.753843	0.750417	0.754798	0.736339	0.741428	0.753974	0.730811	0.744552	0.76492	0.753929	0.747112	0.722613	0.749961	0.733131	0.721965	0.742743	0.750114	0.738684	0.742515	0	0.734185	0.718682	0.731565	0.751573	0.752415	0.75037	0.751946	0.725514	0.757821	0.743861	0.744434	0.750105	0.752048	0.752527	0.756538	0.750979	0.721166	0.690852	0.730441	0.751182	0.719288	0.739747	0.75292	0.764254	0.70949	0.735027	0.71583	0.751627	0.736022	0.742926	0.725116	0.743132	0.755716	0.711628	0.757286	0.714957	0.72267	0.744826	0.772095	0.730962	0.754208	0.754333	0.746412	0.73217	0.732288	0.745756	0.726532	0.728146	0.722037	0.743167	0.748737	0.749949	0.758955	0.730737	0.781805	0.728934	0.756508	0.764059	0.756046	0.748631	0.767381	0.738511	0.744224	0.739209	0.74007	0.756207	0.733923	0.762844	0.750807	0.756302	0.772372
gut_30	0.766504	0.770557	0.757181	0.746934	0.76192	0.748434	0.742561	0.752281	0.747841	0.780379	0.764878	0.749663	0.7434	0.700913	0.744777	0.759257	0.778576	0.757859	0.767212	0.753361	0.724481	0.748384	0.743037	0.734267	0.741642	0.736975	0.750484	0.732266	0.734185	0	0.748302	0.749813	0.739066	0.727833	0.739852	0.754817	0.717595	0.747466	0.762855	0.730975	0.774035	0.740043	0.753589	0.745724	0.7435	0.764195	0.726483	0.712939	0.736824	0.738466	0.757079	0.7381	0.741851	0.702491	0.759399	0.719781	0.73601	0.776032	0.759736	0.734469	0.746764	0.740356	0.757175	0.715854	0.745074	0.722593	0.796587	0.767192	0.745951	0.780766	0.753185	0.74409	0.74338	0.745466	0.744556	0.735924	0.756754	0.740933	0.757684	0.736283	0.744126	0.771372	0.756866	0.730192	0.771847	0.754834	0.769251	0.737046	0.760327	0.762703	0.706111	0.733537	0.710637	0.735801	0.754643	0.720081	0.7382	0.712389	0.737201	0.748069
gut_31	0.748615	0.707218	0.746087	0.755695	0.754105	0.756711	0.761679	0.728496	0.723887	0.747811	0.753408	0.699773	0.734897	0.738877	0.751434	0.726716	0.75456	0.738864	0.737663	0.73797	0.730527	0.722721	0.712525	0.732761	0.735665	0.749374	0.750611	0.749579	0.718682	0.748302	0	0.729693	0.746638	0.72111	0.78727	0.739583	0.701116	0.740168	0.702208	0.735206	0.726879	0.734829	0.746279	0.748401	0.752525	0.743932	0.733183	0.721999	0.72688	0.779049	0.73804	0.7449	0.753517	0.716695	0.728864	0.746954	0.744932	0.749267	0.768369	0.786381	0.765873	0.698864	0.735077	0.708323	0.755469	0.751115	0.728526	0.72268	0.761615	0.736432	0.743244	0.711964	0.732202	0.728879	0.731837	0.768401	0.753772	0.743089	0.730851	0.735702	0.710567	0.741206	0.726008	0.752375	0.757309	0.744116	0.747703	0.730408	0.741838	0.774918	0.751717	0.745961	0.730195	0.733756	0.73834	0.732723	0.749485	0.737092	0.738095	0.74387
gut_32	0.72054	0.710786	0.735506	0.745722	0.727437	0.756357	0.730623	0.758311	0.705668	0.719416	0.734162	0.741248	0.731059	0.752306	0.745935	0.72915	0.746961	0.74372	0.733771	0.720004	0.736171	0.743935	0.723964	0.703305	0.711331	0.713259	0.727832	0.717773	0.731565	0.749813	0.729693	0	0.736793	0.743753	0.733432	0.717045	0.700742	0.739889	0.70952	0.735712	0.705077	0.680475	0.755459	0.749933	0.743747	0.726592	0.726525	0.740778	0.713158	0.749184	0.712647	0.739817	0.75662	0.729236	0.730167	0.74342	0.734072	0.743743	0.753933	0.698151	0.731416	0.74563	0.733873	0.740633	0.721591	0.726799	0.715586	0.737607	0.729579	0.748116	0.721698	0.714928	0.709848	0.701245	0.738546	0.723496	0.716641	0.73034	0.710076	0.720553	0.748391	0.744156	0.735972	0.764777	0.717892	0.743776	0.738212	0.726526	0.703042	0.749805	0.721066	0.720083	0.662807	0.751988	0.748822	0.730287	0.722136	0.744065	0.710784	0.744597
gut_33	0.714552	0.746241	0.745139	0.758791	0.749334	0.736569	0.719058	0.76571	0.734681	0.746025	0.747599	0.727629	0.734434	0.729043	0.719422	0.739067	0.745751	0.742593	0.749774	0.754327	0.712701	0.741359	0.730388	0.737062	0.736103	0.763045	0.716488	0.739245	0.751573	0.739066	0.746638	0.736793	0	0.756165	0.713609	0.730865	0.735325	0.751372	0.741553	0.726935	0.755867	0.739882	0.738406	0.745923	0.733609	0.743759	0.741523	0.726484	0.738944	0.702806	0.722722	0.737301	0.706102	0.711039	0.738686	0.756555	0.722377	0.723413	0.755382	0.719481	0.708449	0.748805	0.732579	0.715882	0.730321	0.728612	0.768309	0.729638	0.757686	0.728926	0.732049	0.713979	0.72775	0.737985	0.735816	0.678041	0.746656	0.736669	0.71854	0.705949	0.729484	0.719019	0.726992	0.724513	0.729567	0.685473	0.754633	0.767107	0.727082	0.752355	0.737374	0.732307	0.720146	0.745569	0.749492	0.731451	0.711562	0.748514	0.734203	0.761549
gut_34	0.702175	0.764564	0.774939	0.740501	0.759873	0.739362	0.717867	0.719922	0.703636	0.747321	0.756305	0.742717	0.729088	0.733936	0.740686	0.722545	0.763662	0.75854	0.734218	0.723084	0.724331	0.76018	0.732359	0.751751	0.720617	0.727665	0.762369	0.73063	0.752415	0.727833	0.72111	0.743753	0.756165	0	0.754458	0.73675	0.728337	0.770287	0.754901	0.707669	0.717854	0.761454	0.709909	0.728302	0.74453	0.747583	0.764359	0.738178	0.736828	0.744014	0.76084	0.734045	0.774071	0.708077	0.741074	0.745162	0.756272	0.728236	0.741356	0.727869	0.758696	0.741492	0.715534	0.715967	0.743441	0.716036	0.736063	0.74611	0.743746	0.739835	0.737103	0.760392	0.726909	0.75796	0.733667	0.770613	0.770158	0.737104	0.752701	0.734022	0.727537	0.729911	0.721985	0.718128	0.723844	0.759938	0.778655	0.722148	0.757066	0.77328	0.749361	0.739989	0.751545	0.728076	0.745289	0.723295	0.725469	0.724784	0.720561	0.771781
gut_35	0.719616	0.7634	0.761457	0.770073	0.719003	0.750139	0.733112	0.746715	0.75758	0.767921	0.740225	0.721385	0.763664	0.773094	0.733738	0.744233	0.761932	0.760422	0.768642	0.708246	0.728519	0.743783	0.773211	0.737155	0.73895	0.739821	0.725533	0.731853	0.75037	0.739852	0.78727	0.733432	0.713609	0.754458	0	0.73096	0.755163	0.747801	0.771227	0.738245	0.74816	0.71832	0.742305	0.772135	0.762881	0.784459	0.747722	0.75788	0.730226	0.72811	0.713218	0.724861	0.744505	0.73769	0.73793	0.75427	0.745385	0.741726	0.756072	0.733965	0.729831	0.762733	0.751289	0.75324	0.745656	0.74577	0.780984	0.768189	0.768265	0.760449	0.76934	0.763139	0.729924	0.729488	0.767118	0.748771	0.736919	0.734382	0.759651	0.708329	0.776877	0.750544	0.747855	0.778126	0.752025	0.72897	0.769502	0.719794	0.727843	0.734933	0.718266	0.712661	0.738994	0.757956	0.746997	0.752753	0.767127	0.780614	0.718777	0.766454
gut_36	0.718009	0.722436	0.768615	0.750414	0.735666	0.749038	0.750232	0.749062	0.71685	0.736144	0.763724	0.727831	0.77345	0.773818	0.721871	0.759791	0.767563	0.760019	0.757109	0.745028	0.744781	0.764351	0.734041	0.704341	0.753749	0.741863	0.746569	0.739579	0.751946	0.754817	0.739583	0.717045	0.730865	0.73675	0.73096	0	0.693774	0.773424	0.745644	0.7518	0.72547	0.714427	0.740004	0.74753	0.731321	0.741294	0.744976	0.697265	0.748312	0.746351	0.733848	0.73147	0.775186	0.722078	0.753805	0.736539	0.753283	0.777469	0.691725	0.74241	0.735643	0.76137	0.732716	0.753521	0.744323	0.734129	0.753188	0.732038	0.75855	0.717221	0.770522	0.727639	0.676826	0.757091	0.720176	0.728526	0.718631	0.731817	0.748051	0.72013	0.756944	0.734275	0.750813	0.765723	0.740771	0.741946	0.753738	0.742717	0.743554	0.723004	0.743897	0.756163	0.747874	0.727119	0.730663	0.745615	0.742029	0.74231	0.735002	0.742295
gut_37	0.69296	0.73316	0.769871	0.731034	0.736438	0.742081	0.730669	0.737232	0.697873	0.734268	0.713849	0.739463	0.737987	0.729846	0.675861	0.734591	0.740008	0.756209	0.712952	0.70527	0.699776	0.727131	0.73708	0.671681	0.728095	0.733706	0.704335	0.735567	0.725514	0.717595	0.701116	0.700742	0.735325	0.728337	0.755163	0.693774	0	0.727309	0.725316	0.745831	0.734345	0.717713	0.742566	0.744167	0.735024	0.724891	0.696886	0.739635	0.720378	0.726882	0.718319	0.734095	0.74805	0.697044	0.716869	0.74249	0.722241	0.728136	0.724938	0.713168	0.724245	0.710286	0.664349	0.705217	0.734388	0.740435	0.738901	0.736656	0.732997	0.73138	0.708773	0.729896	0.711139	0.72619	0.703672	0.721501	0.736217	0.700079	0.724843	0.693282	0.719389	0.729639	0.733224	0.702879	0.695774	0.712145	0.722247	0.710199	0.691249	0.759887	0.746978	0.733676	0.730046	0.709611	0.730855	0.69977	0.738261	0.710891	0.727182	0.720147
gut_38	0.766389	0.758203	0.772067	0.724154	0.753501	0.75551	0.734697	0.752461	0.755062	0.757689	0.748706	0.735883	0.727364	0.739775	0.709576	0.744711	0.757685	0.774069	0.744623	0.73721	0.718446	0.747259	0.753981	0.735909	0.742844	0.744308	0.717221	0.742333	0.757821	0.747466	0.740168	0.739889	0.751372	0.770287	0.747801	0.773424	0.727309	0	0.750067	0.730013	0.739227	0.730253	0.761182	0.780105	0.77979	0.753122	0.751718	0.755055	0.742847	0.747539	0.720507	0.740284	0.748552	0.72796	0.775302	0.729562	0.732112	0.759579	0.75857	0.740086	0.748462	0.729577	0.711697	0.733576	0.760136	0.748066	0.742962	0.766711	0.7571	0.773237	0.724932	0.772626	0.741237	0.727987	0.759149	0.748175	0.743744	0.768156	0.760216	0.752957	0.755789	0.759084	0.700444	0.777232	0.757598	0.768548	0.730558	0.737957	0.735213	0.73877	0.763509	0.755244	0.745524	0.706959	0.747756	0.733073	0.760575	0.748943	0.728898	0.769639
gut_39	0.715408	0.734812	0.767435	0.72995	0.762183	0.763055	0.766913	0.762307	0.747314	0.794577	0.743525	0.71895	0.735554	0.721157	0.744249	0.732137	0.745337	0.773165	0.757661	0.765082	0.748846	0.715354	0.736106	0.730457	0.763868	0.74811	0.694958	0.724294	0.743861	0.762855	0.702208	0.70952	0.741553	0.754901	0.771227	0.745644	0.725316	0.750067	0	0.772539	0.723422	0.731142	0.759497	0.750881	0.757909	0.750045	0.741396	0.755938	0.695644	0.759623	0.723438	0.740248	0.737821	0.751531	0.772938	0.726927	0.747747	0.744057	0.734865	0.762632	0.770296	0.730106	0.743046	0.727489	0.76848	0.716451	0.74942	0.736909	0.752866	0.765976	0.729156	0.700313	0.71429	0.746509	0.692588	0.754193	0.776307	0.757529	0.750067	0.7209	0.751605	0.7552	0.721387	0.747499	0.760468	0.717845	0.745411	0.742189	0.710704	0.737067	0.724772	0.738485	0.74824	0.726432	0.727348	0.747511	0.73993	0.739123	0.723145	0.761233
gut_40	0.722958	0.754884	0.752037	0.753211	0.745492	0.744379	0.726917	0.740389	0.721481	0.750344	0.735304	0.719101	0.729228	0.708198	0.746599	0.706266	0.744288	0.768432	0.734298	0.726287	0.702598	0.747948	0.763883	0.735487	0.768236	0.745109	0.770284	0.754565	0.744434	0.730975	0.735206	0.735712	0.726935	0.707669	0.738245	0.7518	0.745831	0.730013	0.772539	0	0.73419	0.733014	0.745598	0.739346	0.753648	0.77724	0.753676	0.75809	0.724529	0.752803	0.706056	0.72893	0.736999	0.725948	0.730828	0.754532	0.686315	0.737662	0.724274	0.72597	0.752102	0.733767	0.727419	0.71861	0.75045	0.748424	0.763384	0.737055	0.765301	0.722385	0.735223	0.743461	0.703353	0.698544	0.767364	0.745325	0.762876	0.757127	0.745989	0.712073	0.720863	0.744399	0.749687	0.747934	0.726099	0.748545	0.750566	0.737244	0.736124	0.73014	0.762479	0.734559	0.738376	0.741744	0.724465	0.723753	0.747669	0.744556	0.702455	0.730783
gut_41	0.74104	0.712433	0.712212	0.747033	0.731974	0.745914	0.751239	0.696458	0.757646	0.7409	0.713352	0.74294	0.732259	0.753649	0.749792	0.723337	0.733269	0.745848	0.748802	0.727513	0.753287	0.776081	0.733856	0.727199	0.714948	0.747836	0.727361	0.756282	0.750105	0.774035	0.726879	0.705077	0.755867	0.717854	0.74816	0.72547	0.734345	0.739227	0.723422	0.73419	0	0.750807	0.745285	0.739542	0.7684	0.739989	0.755045	0.719826	0.751337	0.733501	0.720058	0.74658	0.741222	0.743135	0.745889	0.76089	0.761925	0.760798	0.749653	0.750709	0.753677	0.723414	0.713897	0.730186	0.715195	0.711163	0.726887	0.73353	0.746969	0.748404	0.726837	0.747109	0.716186	0.738968	0.742229	0.763491	0.690923	0.762824	0.74123	0.723294	0.728182	0.736764	0.758876	0.725913	0.748429	0.728878	0.765946	0.737299	0.744457	0.739588	0.761756	0.732719	0.731969	0.770194	0.743337	0.719841	0.731607	0.715392	0.712751	0.722314
gut_42	0.727086	0.742288	0.757248	0.729802	0.701765	0.741639	0.729783	0.764805	0.741022	0.747071	0.76702	0.716573	0.757972	0.740695	0.716362	0.756054	0.753167	0.721913	0.735351	0.721516	0.716225	0.738965	0.73318	0.701986	0.73029	0.715643	0.726	0.733215	0.752048	0.740043	0.734829	0.680475	0.739882	0.761454	0.71832	0.714427	0.717713	0.730253	0.731142	0.733014	0.750807	0	0.704957	0.766851	0.765579	0.750601	0.743742	0.733843	0.751234	0.71461	0.698767	0.724184	0.754984	0.740315	0.77264	0.74466	0.712621	0.736949	0.760487	0.725005	0.74136	0.734235	0.75527	0.727547	0.764131	0.722587	0.741908	0.758199	0.734049	0.749864	0.720534	0.711589	0.745853	0.734091	0.72796	0.720199	0.732479	0.731325	0.752965	0.707048	0.742917	0.755384	0.747802	0.756207	0.731468	0.735434	0.721194	0.743809	0.697423	0.74444	0.729141	0.717193	0.732757	0.761109	0.748173	0.733588	0.748997	0.754376	0.744035	0.740511
gut_43	0.730171	0.743432	0.756355	0.759947	0.71534	0.739324	0.717513	0.766972	0.750666	0.754326	0.754207	0.694918	0.759556	0.761836	0.735363	0.717258	0.739764	0.773554	0.723684	0.710224	0.719572	0.75064	0.745118	0.715655	0.731667	0.75708	0.747643	0.730216	0.752527	0.753589	0.746279	0.755459	0.738406	0.709909	0.742305	0.740004	0.742566	0.761182	0.759497	0.745598	0.745285	0.704957	0	0.727862	0.743995	0.760147	0.743585	0.764719	0.76493	0.742143	0.722553	0.743996	0.762754	0.738183	0.762095	0.751096	0.701563	0.762301	0.73799	0.698967	0.744789	0.697013	0.75038	0.725429	0.76107	0.750261	0.771883	0.727821	0.736785	0.725534	0.752416	0.722521	0.71691	0.733099	0.73663	0.73335	0.733343	0.754007	0.729137	0.736892	0.741564	0.736573	0.761066	0.708139	0.755826	0.736914	0.728449	0.711548	0.740635	0.739936	0.737504	0.759558	0.732214	0.753023	0.7313	0.715299	0.729785	0.745731	0.734178	0.739107
gut_44	0.759997	0.73261	0.754038	0.763383	0.750667	0.742496	0.754347	0.77208	0.728681	0.735324	0.737393	0.702357	0.781034	0.746529	0.728324	0.728654	0.734412	0.753028	0.753913	0.720907	0.734189	0.758319	0.711495	0.736738	0.759456	0.745743	0.735405	0.729539	0.756538	0.745724	0.748401	0.749933	0.745923	0.728302	0.772135	0.74753	0.744167	0.780105	0.750881	0.739346	0.739542	0.766851	0.727862	0	0.773527	0.753285	0.759269	0.704992	0.742679	0.715236	0.715453	0.737413	0.737442	0.723397	0.735735	0.747756	0.700337	0.753185	0.737436	0.73499	0.737398	0.75404	0.751789	0.74415	0.733317	0.750947	0.744267	0.745959	0.727325	0.768884	0.762143	0.753673	0.739164	0.756638	0.735334	0.75695	0.757753	0.749235	0.725283	0.740762	0.734193	0.719047	0.732412	0.730541	0.742356	0.728776	0.769862	0.730774	0.71891	0.692682	0.749447	0.769834	0.771894	0.730276	0.750851	0.709524	0.69953	0.752622	0.735635	0.752705
