SampleID	skin_1	skin_2	skin_3	skin_4	skin_5	skin_6	skin_7	skin_8	skin_9	skin_10	skin_11	skin_12	skin_13	skin_14	skin_15	skin_16	skin_17	skin_18	skin_19	skin_20	skin_21	skin_22	skin_23	skin_24	skin_25	skin_26	skin_27	skin_28	skin_29	skin_30	skin_31	skin_32	skin_33	skin_34	skin_35	skin_36	skin_37	skin_38	skin_39	skin_40	skin_41	skin_42	skin_43	skin_44	skin_45	skin_46	skin_47	skin_48	skin_49	skin_50	skin_51	skin_52	skin_53	skin_54	skin_55	skin_56	skin_57	skin_58	skin_59	skin_60	skin_61	skin_62	skin_63	skin_64	skin_65	skin_66	skin_67	skin_68	skin_69	skin_70	skin_71	skin_72	skin_73	skin_74	skin_75	skin_76	skin_77	skin_78	skin_79	skin_80	skin_81	skin_82	skin_83	skin_84	skin_85	skin_86	skin_87	skin_88	skin_89	skin_90	skin_91	skin_92	skin_93	skin_94	skin_95	skin_96	skin_97	skin_98	skin_99	skin_100
skin_1	0	0.685199	0.707547	0.761479	0.768463	0.730676	0.718009	0.730904	0.739725	0.700739	0.725318	0.706738	0.7453	0.759744	0.735406	0.711448	0.773465	0.764773	0.72426	0.758806	0.725035	0.747596	0.717782	0.71161	0.720042	0.73371	0.713552	0.72357	0.756852	0.738421	0.741663	0.711932	0.720861	0.767726	0.77392	0.715289	0.730345	0.751155	0.73466	0.719429	0.764693	0.726528	0.736288	0.682548	0.709863	0.700152	0.727056	0.727956	0.675691	0.721409	0.745633	0.727086	0.711879	0.696687	0.7052	0.697165	0.752739	0.700972	0.729447	0.705773	0.74987	0.716926	0.738856	0.702124	0.700352	0.7151	0.759188	0.757344	0.736207	0.746477	0.784656	0.724872	0.694399	0.687768	0.760798	0.737472	0.720667	0.733401	0.73391	0.734923	0.721796	0.71589	0.721376	0.752296	0.757298	0.690723	0.683873	0.741734	0.705782	0.723786	0.728984	0.748989	0.761006	0.731939	0.759421	0.756639	0.716259	0.762355	0.740354	0.691872
skin_2	0.685199	0	0.731103	0.745329	0.75913	0.753278	0.733783	0.725247	0.728666	0.724624	0.693755	0.743003	0.728315	0.730765	0.694112	0.713929	0.773141	0.766271	0.704601	0.70843	0.693807	0.736053	0.732125	0.725138	0.732719	0.748866	0.68518	0.763809	0.747254	0.753203	0.784401	0.702337	0.670146	0.752286	0.760343	0.711516	0.737639	0.763197	0.716601	0.649178	0.752572	0.731634	0.715114	0.696149	0.744727	0.726362	0.684881	0.752361	0.742396	0.751963	0.754765	0.71926	0.756386	0.769874	0.752793	0.744847	0.737459	0.750363	0.708384	0.664566	0.712629	0.72572	0.774832	0.718387	0.701269	0.714122	0.752513	0.733952	0.748703	0.722275	0.744946	0.733116	0.75261	0.728292	0.748847	0.727301	0.773139	0.75881	0.77348	0.721072	0.71381	0.766485	0.71627	0.716353	0.720829	0.70821	0.750796	0.712659	0.699172	0.771845	0.697321	0.722832	0.745007	0.711985	0.754833	0.721192	0.734866	0.755486	0.750423	0.684593
skin_3	0.707547	0.731103	0	0.768575	0.75853	0.712048	0.719312	0.752671	0.77755	0.729354	0.742584	0.763863	0.749227	0.754693	0.726976	0.737202	0.749949	0.725833	0.761624	0.732847	0.73649	0.716235	0.744613	0.74149	0.735882	0.748775	0.739149	0.751929	0.740412	0.701601	0.756101	0.757627	0.759252	0.766775	0.779846	0.763315	0.70282	0.75202	0.743323	0.747631	0.763765	0.761754	0.780446	0.700681	0.748842	0.745651	0.737661	0.723122	0.723391	0.711199	0.75869	0.743324	0.705736	0.764422	0.751366	0.718695	0.72224	0.726431	0.738154	0.728277	0.75989	0.747841	0.76256	0.706891	0.705115	0.750613	0.795881	0.739279	0.772424	0.74992	0.759335	0.714589	0.731427	0.726948	0.746905	0.754106	0.738549	0.773555	0.781657	0.779559	0.734321	0.801412	0.738744	0.774307	0.778516	0.711551	0.706227	0.723418	0.721849	0.741962	0.751623	0.716274	0.777212	0.750655	0.750859	0.765688	0.783261	0.750371	0.752899	0.752685
skin_4	0.761479	0.745329	0.768575	0	0.782515	0.765734	0.718021	0.77159	0.79511	0.718382	0.738073	0.757673	0.754695	0.745441	0.740713	0.752983	0.762908	0.787366	0.740283	0.758344	0.734195	0.753697	0.708976	0.772577	0.758187	0.735686	0.759734	0.748901	0.772613	0.740562	0.755801	0.727881	0.77857	0.751322	0.740993	0.735034	0.778688	0.764448	0.702339	0.753607	0.768519	0.761902	0.740228	0.760982	0.720275	0.748275	0.777297	0.737029	0.783119	0.767082	0.785773	0.767075	0.75307	0.750887	0.760391	0.710223	0.78137	0.763122	0.758884	0.752105	0.732603	0.741048	0.745937	0.736481	0.733479	0.735458	0.768099	0.759769	0.766389	0.738947	0.775646	0.734809	0.74198	0.757396	0.755393	0.772878	0.768133	0.751649	0.758655	0.743606	0.749514	0.774099	0.75181	0.755662	0.765676	0.766532	0.761458	0.75441	0.747922	0.779084	0.784381	0.715716	0.751919	0.769074	0.744945	0.730665	0.730041	0.765922	0.791239	0.729371
skin_5	0.768463	0.75913	0.75853	0.782515	0	0.761038	0.770625	0.756721	0.761052	0.732497	0.744223	0.763941	0.770809	0.756523	0.750284	0.776409	0.722225	0.741158	0.790825	0.779412	0.754397	0.698534	0.753386	0.771402	0.787428	0.744082	0.763302	0.742132	0.761976	0.737841	0.765386	0.77272	0.776716	0.790506	0.787522	0.746832	0.780752	0.78516	0.786894	0.691349	0.763682	0.774443	0.768488	0.766257	0.783756	0.757334	0.762546	0.773526	0.757831	0.738501	0.746315	0.757459	0.750623	0.744882	0.760099	0.776891	0.760512	0.768455	0.759223	0.762261	0.764876	0.76659	0.783106	0.763562	0.733171	0.759609	0.724892	0.73092	0.793537	0.686837	0.731743	0.759752	0.737594	0.761872	0.740872	0.788364	0.794926	0.80244	0.794145	0.772389	0.740593	0.747705	0.771426	0.738242	0.771585	0.772546	0.743313	0.740448	0.754529	0.769779	0.73432	0.736579	0.742972	0.753445	0.73526	0.794199	0.739932	0.774974	0.77806	0.745467
skin_6	0.730676	0.753278	0.712048	0.765734	0.761038	0	0.741655	0.74569	0.764966	0.734025	0.76267	0.746666	0.759037	0.762741	0.765385	0.699304	0.744797	0.767656	0.688014	0.746721	0.713822	0.762957	0.713166	0.750091	0.733278	0.764625	0.739728	0.755586	0.713657	0.724813	0.769146	0.744383	0.751709	0.756359	0.732825	0.75302	0.733353	0.747374	0.781848	0.715055	0.755701	0.756485	0.726779	0.70212	0.733331	0.727204	0.746515	0.733835	0.733847	0.760914	0.756075	0.73478	0.724253	0.761973	0.729569	0.734766	0.746626	0.718833	0.744585	0.745138	0.763001	0.726271	0.7464	0.695211	0.725393	0.735538	0.744997	0.750577	0.748064	0.704264	0.740824	0.757469	0.705408	0.751477	0.754007	0.714323	0.775805	0.767689	0.776304	0.733367	0.734399	0.772281	0.775167	0.747876	0.756813	0.745998	0.693812	0.717235	0.723309	0.738884	0.754762	0.722588	0.655709	0.708213	0.704788	0.773359	0.762695	0.743423	0.766736	0.758733
skin_7	0.718009	0.733783	0.719312	0.718021	0.770625	0.741655	0	0.731916	0.763986	0.726757	0.714414	0.732392	0.750632	0.744548	0.684825	0.705687	0.746313	0.719719	0.747749	0.661053	0.694773	0.758376	0.7293	0.748573	0.726368	0.73458	0.714665	0.715331	0.728832	0.680093	0.734393	0.685068	0.763578	0.758981	0.755332	0.741849	0.72129	0.723116	0.749681	0.74706	0.762511	0.703709	0.765423	0.699276	0.706321	0.743678	0.700119	0.701355	0.75439	0.715913	0.766725	0.707324	0.732471	0.693031	0.706787	0.721642	0.743543	0.691509	0.738719	0.722045	0.734963	0.729519	0.779199	0.66355	0.727033	0.747457	0.768343	0.744077	0.734917	0.718295	0.781413	0.736896	0.706745	0.716132	0.756348	0.737627	0.734572	0.743277	0.73613	0.72131	0.71488	0.736391	0.741785	0.764992	0.715257	0.698843	0.694888	0.750482	0.71126	0.765705	0.740301	0.706906	0.717578	0.705915	0.706574	0.744419	0.714679	0.765985	0.781276	0.744498
skin_8	0.730904	0.725247	0.752671	0.77159	0.756721	0.74569	0.731916	0	0.773723	0.751448	0.755428	0.791406	0.722885	0.753006	0.747548	0.746002	0.760935	0.745069	0.727504	0.77746	0.713003	0.782208	0.768712	0.720358	0.768661	0.712691	0.730855	0.749316	0.739404	0.758951	0.76685	0.742345	0.760322	0.695118	0.766523	0.743305	0.754358	0.719506	0.735384	0.716104	0.743985	0.776037	0.69101	0.713929	0.746735	0.731557	0.735104	0.726574	0.757779	0.748055	0.75965	0.747963	0.722187	0.745644	0.745439	0.727017	0.754955	0.713921	0.7204	0.746638	0.749867	0.730472	0.774991	0.750426	0.739684	0.764843	0.723109	0.761505	0.76925	0.747621	0.778872	0.705916	0.75179	0.770456	0.729276	0.75349	0.748521	0.723914	0.770306	0.741549	0.757769	0.766055	0.768165	0.729151	0.742916	0.735288	0.701644	0.735092	0.725009	0.761722	0.755773	0.77636	0.750123	0.679057	0.76392	0.748507	0.774044	0.734475	0.782496	0.739246
skin_9	0.739725	0.728666	0.77755	0.79511	0.761052	0.764966	0.763986	0.773723	0	0.73193	0.742999	0.769097	0.783029	0.769157	0.77398	0.728424	0.735853	0.717895	0.770674	0.693871	0.778983	0.761351	0.769795	0.77917	0.786011	0.786244	0.760534	0.800165	0.75952	0.782221	0.780125	0.780314	0.778458	0.775241	0.751743	0.77456	0.774013	0.763124	0.732956	0.729237	0.787202	0.718232	0.798572	0.766923	0.733808	0.737337	0.787303	0.760366	0.72978	0.747737	0.756589	0.756853	0.760166	0.760166	0.716464	0.77664	0.788424	0.711366	0.740879	0.753011	0.801478	0.751696	0.73828	0.761167	0.779368	0.731183	0.795754	0.78128	0.728398	0.752068	0.790021	0.749248	0.772527	0.751945	0.746643	0.756954	0.74675	0.756024	0.737411	0.757316	0.755327	0.758728	0.740502	0.73863	0.767468	0.746998	0.775299	0.72956	0.751598	0.7749	0.760522	0.767687	0.744851	0.761689	0.765229	0.776081	0.794516	0.739657	0.767325	0.724885
skin_10	0.700739	0.724624	0.729354	0.718382	0.732497	0.734025	0.726757	0.751448	0.73193	0	0.736958	0.727488	0.763154	0.710358	0.733865	0.73341	0.7252	0.748514	0.717195	0.714357	0.746478	0.746752	0.726804	0.737792	0.705022	0.77132	0.74733	0.751928	0.740719	0.722958	0.753063	0.733238	0.76398	0.787247	0.729146	0.733014	0.745162	0.76575	0.740708	0.712827	0.761288	0.760514	0.74103	0.708154	0.752199	0.761164	0.740168	0.695602	0.727593	0.744874	0.696119	0.706957	0.692148	0.743635	0.746131	0.710462	0.78874	0.723644	0.737888	0.71597	0.732002	0.700837	0.777847	0.699836	0.718159	0.702972	0.751355	0.707333	0.764489	0.69212	0.790239	0.733641	0.712146	0.69549	0.748076	0.739777	0.770529	0.762294	0.735856	0.730959	0.691962	0.736094	0.755396	0.766303	0.764374	0.719788	0.689077	0.743559	0.728904	0.783343	0.745455	0.718372	0.772919	0.706398	0.751781	0.758287	0.736237	0.726217	0.740504	0.73345
skin_11	0.725318	0.693755	0.742584	0.738073	0.744223	0.76267	0.714414	0.755428	0.742999	0.736958	0	0.725834	0.740112	0.702177	0.718108	0.713858	0.72206	0.7303	0.732256	0.708407	0.710962	0.733331	0.709444	0.699943	0.749547	0.737545	0.691472	0.738451	0.716127	0.734824	0.760486	0.693311	0.732277	0.741487	0.728963	0.729234	0.734226	0.751782	0.722479	0.729894	0.735781	0.701039	0.755531	0.699859	0.763125	0.767926	0.734462	0.731328	0.722564	0.719801	0.761828	0.743952	0.668286	0.743455	0.701733	0.774043	0.758738	0.721246	0.73475	0.725818	0.735725	0.724311	0.770535	0.740175	0.715186	0.736696	0.697599	0.749422	0.767215	0.738452	0.734725	0.754044	0.702229	0.736034	0.734774	0.727258	0.800554	0.728442	0.694699	0.724097	0.700249	0.760743	0.73478	0.748755	0.706801	0.722865	0.760834	0.73906	0.73293	0.774275	0.695539	0.706014	0.753299	0.715846	0.713978	0.710776	0.720123	0.728896	0.77207	0.752359
skin_12	0.706738	0.743003	0.763863	0.757673	0.763941	0.746666	0.732392	0.791406	0.769097	0.727488	0.725834	0	0.744972	0.723423	0.770947	0.709239	0.752681	0.752951	0.749896	0.739919	0.751738	0.772781	0.742192	0.736613	0.760527	0.72948	0.770495	0.726121	0.738022	0.73479	0.771149	0.728338	0.74313	0.79332	0.769363	0.726635	0.739408	0.738255	0.733133	0.747165	0.748745	0.70174	0.772463	0.724238	0.700061	0.739583	0.769724	0.784845	0.72988	0.750614	0.758385	0.776748	0.723261	0.760042	0.73478	0.762327	0.740366	0.74527	0.698614	0.718639	0.765092	0.747884	0.785195	0.707516	0.750876	0.759812	0.782127	0.74489	0.771394	0.738427	0.776244	0.763975	0.723359	0.74002	0.744538	0.764375	0.741222	0.794425	0.755262	0.75354	0.762866	0.783061	0.771954	0.79325	0.761143	0.722131	0.732936	0.729446	0.740638	0.707016	0.754972	0.742809	0.766522	0.720465	0.734622	0.757161	0.74976	0.771765	0.750626	0.74685
skin_13	0.7453	0.728315	0.749227	0.754695	0.770809	0.759037	0.750632	0.722885	0.783029	0.763154	0.740112	0.744972	0	0.755055	0.766357	0.770328	0.763843	0.68726	0.772957	0.757687	0.752345	0.705468	0.726727	0.700509	0.770409	0.740797	0.73859	0.748117	0.740126	0.775294	0.759127	0.757262	0.752115	0.74242	0.774874	0.737963	0.749582	0.745079	0.745262	0.732802	0.739508	0.725649	0.762587	0.733336	0.744509	0.749413	0.779774	0.736351	0.719698	0.774673	0.724991	0.7539	0.72488	0.759237	0.737222	0.72361	0.75612	0.742923	0.726312	0.722195	0.717419	0.664594	0.755427	0.765942	0.719956	0.697914	0.735658	0.746407	0.764327	0.746656	0.783894	0.750454	0.75272	0.709752	0.765751	0.706667	0.749276	0.791743	0.761343	0.760111	0.696994	0.756156	0.728509	0.74149	0.724552	0.7698	0.744428	0.778508	0.73244	0.73766	0.722205	0.765931	0.748378	0.696717	0.74039	0.727969	0.728884	0.751472	0.718634	0.749735
skin_14	0.759744	0.730765	0.754693	0.745441	0.756523	0.762741	0.744548	0.753006	0.769157	0.710358	0.702177	0.723423	0.755055	0	0.725246	0.709335	0.761097	0.728308	0.682837	0.754385	0.744324	0.740008	0.718669	0.761497	0.747974	0.738303	0.736593	0.723076	0.760552	0.742686	0.726454	0.764303	0.748774	0.764694	0.776189	0.727599	0.770284	0.744311	0.736813	0.673747	0.757624	0.758975	0.770007	0.74806	0.75494	0.735945	0.771991	0.711337	0.788133	0.782125	0.743317	0.759528	0.768243	0.753617	0.763142	0.763515	0.780036	0.730392	0.745883	0.720222	0.764763	0.709773	0.710032	0.721421	0.772677	0.726073	0.762631	0.766784	0.739832	0.694875	0.761333	0.773445	0.72162	0.746741	0.799638	0.766198	0.759377	0.758953	0.771231	0.746951	0.742851	0.778846	0.783092	0.785559	0.770001	0.727178	0.693009	0.725254	0.733307	0.799737	0.713503	0.748048	0.752569	0.699189	0.735042	0.737631	0.736692	0.758798	0.744412	0.767217
skin_15	0.735406	0.694112	0.726976	0.740713	0.750284	0.765385	0.684825	0.747548	0.77398	0.733865	0.718108	0.770947	0.766357	0.725246	0	0.723925	0.767222	0.745833	0.706687	0.72546	0.713699	0.740876	0.721231	0.741831	0.726656	0.75562	0.740034	0.730535	0.736757	0.745821	0.765393	0.747855	0.731841	0.761848	0.732985	0.71299	0.761776	0.704695	0.758283	0.733436	0.744482	0.758922	0.732259	0.707797	0.74171	0.715223	0.706125	0.743135	0.757124	0.738541	0.733616	0.729351	0.722256	0.776031	0.744539	0.739416	0.742936	0.73729	0.752694	0.718647	0.73651	0.734755	0.782986	0.73571	0.726868	0.717509	0.741746	0.737681	0.734461	0.747212	0.751223	0.755703	0.717113	0.740624	0.743725	0.707816	0.743732	0.761665	0.769509	0.755597	0.75276	0.758104	0.729643	0.763803	0.747703	0.710659	0.731082	0.748672	0.711322	0.782076	0.710355	0.728561	0.727835	0.709402	0.721906	0.736011	0.748476	0.746102	0.743236	0.689307
skin_16	0.711448	0.713929	0.737202	0.752983	0.776409	0.699304	0.705687	0.746002	0.728424	0.73341	0.713858	0.709239	0.770328	0.709335	0.723925	0	0.75792	0.731053	0.710497	0.719719	0.716584	0.720674	0.715281	0.717952	0.77129	0.740781	0.748185	0.757028	0.767918	0.762415	0.764579	0.763218	0.747606	0.750205	0.775649	0.757588	0.756183	0.736718	0.751903	0.749814	0.724457	0.737288	0.739419	0.719531	0.709957	0.735301	0.753765	0.748899	0.763744	0.745647	0.712134	0.747683	0.707645	0.755132	0.705417	0.731113	0.773617	0.693455	0.724854	0.707934	0.775608	0.745307	0.802113	0.694524	0.741979	0.746762	0.757547	0.710195	0.736177	0.714176	0.778619	0.694515	0.721803	0.773804	0.746244	0.744846	0.749434	0.750914	0.750803	0.763953	0.705731	0.75242	0.762744	0.757858	0.753638	0.749959	0.671589	0.751096	0.741476	0.740739	0.74209	0.713067	0.749935	0.70733	0.74052	0.720734	0.71392	0.760384	0.773553	0.748945
skin_17	0.773465	0.773141	0.749949	0.762908	0.722225	0.744797	0.746313	0.760935	0.735853	0.7252	0.72206	0.752681	0.763843	0.761097	0.767222	0.75792	0	0.738034	0.728573	0.740296	0.72622	0.754133	0.746911	0.70494	0.739984	0.744378	0.758096	0.750977	0.754551	0.721429	0.762435	0.728006	0.775663	0.735597	0.798211	0.743796	0.760081	0.783454	0.749521	0.72287	0.773869	0.756321	0.787598	0.737675	0.720955	0.74076	0.776418	0.756788	0.736518	0.75124	0.733507	0.783643	0.721498	0.765613	0.733088	0.775206	0.760009	0.730055	0.752964	0.76707	0.745027	0.751325	0.752485	0.74114	0.745735	0.7516	0.780017	0.747687	0.775069	0.727489	0.752981	0.714661	0.708633	0.724274	0.725103	0.749681	0.776942	0.723526	0.76826	0.695906	0.742925	0.744842	0.754241	0.782973	0.785512	0.752696	0.781537	0.743586	0.756197	0.778883	0.781119	0.737196	0.748876	0.773204	0.746796	0.764226	0.734788	0.668835	0.759904	0.739459
skin_18	0.764773	0.766271	0.725833	0.787366	0.741158	0.767656	0.719719	0.745069	0.717895	0.748514	0.7303	0.752951	0.68726	0.728308	0.745833	0.731053	0.738034	0	0.755948	0.755777	0.779525	0.735575	0.7607	0.76717	0.791876	0.759443	0.76013	0.708111	0.763034	0.757542	0.772355	0.75938	0.777855	0.723282	0.79378	0.779532	0.741056	0.776871	0.735628	0.767478	0.777158	0.773448	0.755732	0.761039	0.744532	0.746029	0.779897	0.753686	0.729855	0.751507	0.736986	0.719682	0.761888	0.796035	0.786	0.76135	0.73829	0.73625	0.736484	0.800469	0.76716	0.753582	0.738286	0.753198	0.732048	0.757773	0.768683	0.749602	0.770995	0.738978	0.767197	0.745364	0.75335	0.752854	0.797914	0.743389	0.748447	0.780421	0.76221	0.754757	0.7596	0.768183	0.788652	0.774506	0.780551	0.766797	0.736502	0.761518	0.749072	0.793111	0.757093	0.766564	0.777101	0.757118	0.736276	0.69895	0.770476	0.707287	0.778335	0.722677
skin_19	0.72426	0.704601	0.761624	0.740283	0.790825	0.688014	0.747749	0.727504	0.770674	0.717195	0.732256	0.749896	0.772957	0.682837	0.706687	0.710497	0.728573	0.755948	0	0.743594	0.727347	0.756117	0.736061	0.714033	0.75155	0.75069	0.732575	0.741728	0.720568	0.73051	0.742443	0.71471	0.718695	0.753154	0.773731	0.738085	0.752645	0.762482	0.705382	0.671808	0.727915	0.739264	0.74441	0.68921	0.744422	0.73058	0.730825	0.714716	0.71727	0.778717	0.748528	0.736276	0.727024	0.754442	0.768647	0.760386	0.736009	0.726221	0.72992	0.715807	0.751174	0.727217	0.719053	0.74978	0.756747	0.74721	0.776262	0.732904	0.740556	0.740176	0.763903	0.743971	0.717279	0.730716	0.756713	0.733303	0.758272	0.758457	0.735032	0.718348	0.750724	0.776159	0.787529	0.755589	0.751728	0.729561	0.7532	0.764561	0.74281	0.785551	0.756478	0.770691	0.721322	0.689811	0.736267	0.744982	0.699808	0.76669	0.739103	0.766423
skin_20	0.758806	0.70843	0.732847	0.758344	0.779412	0.746721	0.661053	0.77746	0.693871	0.714357	0.708407	0.739919	0.757687	0.754385	0.72546	0.719719	0.740296	0.755777	0.743594	0	0.718512	0.740213	0.725359	0.764712	0.744315	0.760334	0.7396	0.746939	0.739902	0.742365	0.721857	0.755642	0.764666	0.767172	0.774939	0.742457	0.741236	0.775289	0.75617	0.735783	0.759446	0.694786	0.763161	0.728707	0.717754	0.736859	0.772977	0.756573	0.719252	0.701658	0.774213	0.697165	0.73589	0.707521	0.708806	0.714874	0.778894	0.722503	0.701772	0.770936	0.774706	0.72078	0.737367	0.737895	0.66648	0.700258	0.752326	0.740058	0.716135	0.744538	0.776858	0.75855	0.718281	0.703997	0.721549	0.739522	0.750569	0.75794	0.73214	0.721408	0.745325	0.693454	0.743671	0.752021	0.768953	0.723158	0.737541	0.709377	0.723233	0.767906	0.778703	0.73144	0.746955	0.703389	0.721035	0.732672	0.729034	0.74754	0.794032	0.691492
skin_21	0.725035	0.693807	0.73649	0.734195	0.754397	0.713822	0.694773	0.713003	0.778983	0.746478	0.710962	0.751738	0.752345	0.744324	0.713699	0.716584	0.72622	0.779525	0.727347	0.718512	0	0.7122	0.717087	0.675986	0.72182	0.686262	0.687557	0.713462	0.728608	0.704378	0.708544	0.721157	0.714577	0.74364	0.768191	0.753554	0.76592	0.741349	0.733609	0.724362	0.785243	0.727624	0.729133	0.680642	0.748144	0.745702	0.683537	0.716811	0.744122	0.729421	0.769903	0.750883	0.74212	0.758036	0.707549	0.729195	0.752333	0.723675	0.695337	0.713212	0.749459	0.769978	0.755952	0.722272	0.710027	0.736318	0.757145	0.714934	0.720361	0.747853	0.782146	0.716609	0.744086	0.729538	0.762717	0.73104	0.744647	0.73473	0.729795	0.72269	0.703563	0.740299	0.740643	0.760131	0.73883	0.710099	0.714905	0.764008	0.726502	0.761185	0.768553	0.732292	0.708779	0.70818	0.702395	0.778478	0.729254	0.761989	0.797503	0.752857
skin_22	0.747596	0.736053	0.716235	0.753697	0.698534	0.762957	0.758376	0.782208	0.761351	0.746752	0.733331	0.772781	0.705468	0.740008	0.740876	0.720674	0.754133	0.735575	0.756117	0.740213	0.7122	0	0.71741	0.754999	0.782652	0.743939	0.720089	0.731164	0.755404	0.739813	0.792309	0.751415	0.772914	0.766713	0.773655	0.730437	0.727146	0.765497	0.725473	0.734946	0.745462	0.748587	0.772234	0.732624	0.722144	0.729522	0.756169	0.71704	0.736504	0.751827	0.711585	0.725757	0.766617	0.764079	0.754094	0.73788	0.733599	0.74701	0.734672	0.751727	0.783323	0.71368	0.771686	0.751784	0.727923	0.717057	0.768041	0.751662	0.764414	0.714372	0.744691	0.72771	0.728789	0.749398	0.781834	0.696739	0.778662	0.784267	0.776218	0.742865	0.707671	0.746817	0.726161	0.759344	0.743468	0.759713	0.72254	0.749438	0.729216	0.744	0.744514	0.749289	0.738297	0.729517	0.738285	0.757043	0.709274	0.758506	0.763832	0.749028
skin_23	0.717782	0.732125	0.744613	0.708976	0.753386	0.713166	0.7293	0.768712	0.769795	0.726804	0.709444	0.742192	0.726727	0.718669	0.721231	0.715281	0.746911	0.7607	0.736061	0.725359	0.717087	0.71741	0	0.726655	0.738353	0.757326	0.754454	0.743594	0.731314	0.772952	0.775763	0.71719	0.725021	0.78136	0.73676	0.715934	0.785067	0.762105	0.764776	0.731656	0.758302	0.715471	0.742079	0.67082	0.738847	0.725158	0.710776	0.736581	0.749038	0.728958	0.735291	0.767661	0.704755	0.740463	0.750978	0.714515	0.785277	0.759024	0.699705	0.730075	0.732275	0.730176	0.732276	0.74973	0.725626	0.745257	0.74673	0.724322	0.753209	0.756755	0.76443	0.76204	0.722639	0.732644	0.754406	0.744506	0.776601	0.736455	0.764426	0.763048	0.704119	0.777987	0.765495	0.727276	0.794965	0.742048	0.717414	0.737782	0.737591	0.736892	0.731361	0.757155	0.758549	0.700173	0.739496	0.723572	0.706057	0.761488	0.749269	0.740557
skin_24	0.71161	0.725138	0.74149	0.772577	0.771402	0.750091	0.748573	0.720358	0.77917	0.737792	0.699943	0.736613	0.700509	0.761497	0.741831	0.717952	0.70494	0.76717	0.714033	0.764712	0.675986	0.754999	0.726655	0	0.757721	0.693731	0.728869	0.759179	0.668065	0.75915	0.769053	0.716735	0.764304	0.761901	0.767731	0.714597	0.717331	0.773154	0.717751	0.732765	0.763406	0.742417	0.751719	0.702909	0.729164	0.749767	0.718136	0.732002	0.72966	0.73165	0.725899	0.74873	0.684067	0.77278	0.74208	0.727965	0.740068	0.730333	0.7479	0.755374	0.726741	0.692158	0.795576	0.724115	0.70327	0.718194	0.743936	0.724633	0.742278	0.7665	0.771503	0.71051	0.737412	0.710441	0.729277	0.746652	0.741641	0.753931	0.745199	0.751628	0.705884	0.778333	0.733881	0.698087	0.760981	0.70787	0.742613	0.73319	0.74332	0.750979	0.751851	0.753415	0.783798	0.692834	0.739353	0.733894	0.730118	0.682603	0.767594	0.690618
skin_25	0.720042	0.732719	0.735882	0.758187	0.787428	0.733278	0.726368	0.768661	0.786011	0.705022	0.749547	0.760527	0.770409	0.747974	0.726656	0.77129	0.739984	0.791876	0.75155	0.744315	0.72182	0.782652	0.738353	0.757721	0	0.735294	0.75655	0.776257	0.752382	0.731538	0.786431	0.750468	0.781421	0.775594	0.780882	0.772217	0.794285	0.795236	0.78605	0.779028	0.76983	0.779782	0.76448	0.75353	0.767478	0.745387	0.78622	0.776036	0.706965	0.782404	0.764941	0.754053	0.750727	0.732493	0.743985	0.722348	0.755722	0.744489	0.76551	0.719378	0.743495	0.773176	0.744363	0.751844	0.750262	0.75107	0.760163	0.7726	0.766275	0.741574	0.734122	0.745292	0.734108	0.764419	0.79068	0.753775	0.768053	0.75682	0.775651	0.758151	0.742134	0.761567	0.776954	0.762863	0.821157	0.749483	0.729365	0.742695	0.734907	0.797672	0.77395	0.758951	0.784813	0.740035	0.789314	0.781826	0.74835	0.771486	0.789017	0.757161
skin_26	0.73371	0.748866	0.748775	0.735686	0.744082	0.764625	0.73458	0.712691	0.786244	0.77132	0.737545	0.72948	0.740797	0.738303	0.75562	0.740781	0.744378	0.759443	0.75069	0.760334	0.686262	0.743939	0.757326	0.693731	0.735294	0	0.760566	0.725363	0.732667	0.731111	0.711119	0.73256	0.750272	0.707	0.761109	0.727176	0.780839	0.677513	0.740628	0.719533	0.717715	0.758742	0.777091	0.731223	0.721451	0.72439	0.758418	0.753934	0.744745	0.717851	0.706483	0.759102	0.720716	0.684915	0.746447	0.732597	0.78375	0.729058	0.752196	0.719091	0.785665	0.752602	0.768049	0.728168	0.722461	0.706445	0.76997	0.770333	0.760403	0.727459	0.779556	0.748613	0.752302	0.753198	0.70711	0.710688	0.752762	0.754471	0.753863	0.701354	0.741538	0.752017	0.765749	0.744886	0.758586	0.698299	0.697415	0.741796	0.74063	0.761724	0.77256	0.75522	0.738216	0.721012	0.723624	0.751458	0.729809	0.743288	0.775425	0.684441
skin_27	0.713552	0.68518	0.739149	0.759734	0.763302	0.739728	0.714665	0.730855	0.760534	0.74733	0.691472	0.770495	0.73859	0.736593	0.740034	0.748185	0.758096	0.76013	0.732575	0.7396	0.687557	0.720089	0.754454	0.728869	0.75655	0.760566	0	0.726436	0.760562	0.750699	0.775316	0.721919	0.734347	0.776946	0.786814	0.733671	0.784773	0.731302	0.724101	0.744367	0.759004	0.744162	0.780412	0.689907	0.681454	0.762248	0.785225	0.747004	0.780228	0.690436	0.779855	0.731538	0.731214	0.725771	0.744748	0.758166	0.770298	0.755679	0.760121	0.737304	0.737767	0.753866	0.766762	0.748183	0.75893	0.754084	0.758387	0.768348	0.725078	0.734601	0.776389	0.763815	0.736741	0.725182	0.713723	0.695087	0.751132	0.779211	0.747378	0.748598	0.757736	0.74647	0.716046	0.759537	0.716484	0.718054	0.714611	0.737563	0.719255	0.74991	0.72311	0.73363	0.74308	0.74461	0.728755	0.774315	0.749059	0.746992	0.782751	0.753998
skin_28	0.72357	0.763809	0.751929	0.748901	0.742132	0.755586	0.715331	0.749316	0.800165	0.751928	0.738451	0.726121	0.748117	0.723076	0.730535	0.757028	0.750977	0.708111	0.741728	0.746939	0.713462	0.731164	0.743594	0.759179	0.776257	0.725363	0.726436	0	0.785865	0.739752	0.7587	0.747969	0.7325	0.733969	0.74217	0.740315	0.774904	0.704714	0.756956	0.755016	0.764467	0.752374	0.715571	0.698659	0.729323	0.728961	0.767948	0.770033	0.749299	0.720306	0.733992	0.720193	0.755713	0.727982	0.733856	0.744032	0.766279	0.721693	0.723948	0.76768	0.750867	0.769886	0.747148	0.700505	0.709808	0.760567	0.7667	0.767928	0.730147	0.76282	0.775054	0.733377	0.63606	0.734607	0.751147	0.758158	0.75876	0.755254	0.778878	0.740843	0.751363	0.740775	0.770884	0.739085	0.76057	0.698519	0.735374	0.781645	0.729948	0.75116	0.739471	0.773341	0.729792	0.72621	0.721869	0.76868	0.695816	0.728254	0.776666	0.746412
skin_29	0.756852	0.747254	0.740412	0.772613	0.761976	0.713657	0.728832	0.739404	0.75952	0.740719	0.716127	0.738022	0.740126	0.760552	0.736757	0.767918	0.754551	0.763034	0.720568	0.739902	0.728608	0.755404	0.731314	0.668065	0.752382	0.732667	0.760562	0.785865	0	0.745672	0.771717	0.739094	0.73898	0.740289	0.708751	0.708212	0.714503	0.752641	0.748355	0.710618	0.710855	0.74638	0.752284	0.709493	0.740136	0.782582	0.748079	0.746708	0.720176	0.778357	0.744293	0.744437	0.74085	0.721073	0.745579	0.719152	0.7513	0.754808	0.748328	0.774139	0.768379	0.720307	0.77225	0.758007	0.709149	0.749762	0.759635	0.766513	0.742238	0.73789	0.737504	0.741379	0.73728	0.721448	0.738388	0.747177	0.73354	0.769253	0.758971	0.774786	0.733994	0.777126	0.740757	0.736507	0.757833	0.758518	0.736348	0.725197	0.722027	0.80937	0.768975	0.733884	0.753698	0.674398	0.724078	0.732219	0.753081	0.735803	0.741573	0.737852
skin_30	0.738421	0.753203	0.701601	0.740562	0.737841	0.724813	0.680093	0.758951	0.782221	0.722958	0.734824	0.73479	0.775294	0.742686	0.745821	0.762415	0.721429	0.757542	0.73051	0.742365	0.704378	0.739813	0.772952	0.75915	0.731538	0.731111	0.750699	0.739752	0.745672	0	0.764847	0.693881	0.769477	0.768989	0.779877	0.755808	0.735044	0.745436	0.734135	0.744923	0.754677	0.750197	0.741753	0.717654	0.757585	0.734591	0.730815	0.743625	0.753111	0.750911	0.778451	0.721939	0.755486	0.704739	0.754217	0.752248	0.721992	0.727407	0.724455	0.74317	0.750675	0.736035	0.757001	0.736939	0.747498	0.75399	0.765043	0.746221	0.759535	0.725836	0.775586	0.731084	0.730605	0.71008	0.760282	0.750892	0.750849	0.714554	0.771882	0.722284	0.741846	0.729447	0.746646	0.781814	0.740791	0.715353	0.717352	0.723714	0.728756	0.727946	0.802852	0.700291	0.715997	0.740473	0.743952	0.733739	0.742476	0.764991	0.741359	0.714722
skin_31	0.741663	0.784401	0.756101	0.755801	0.765386	0.769146	0.734393	0.76685	0.780125	0.753063	0.760486	0.771149	0.759127	0.726454	0.765393	0.764579	0.762435	0.772355	0.742443	0.721857	0.708544	0.792309	0.775763	0.769053	0.786431	0.711119	0.775316	0.7587	0.771717	0.764847	0	0.743774	0.75915	0.7389	0.791959	0.7641	0.773761	0.760503	0.765539	0.75111	0.732967	0.751287	0.77733	0.763026	0.771628	0.796263	0.770741	0.773006	0.749254	0.771474	0.765768	0.731029	0.781194	0.759343	0.752518	0.749013	0.786936	0.695605	0.738843	0.759663	0.780388	0.755951	0.770602	0.75456	0.737143	0.765919	0.772761	0.770652	0.760917	0.738777	0.8113	0.785951	0.758123	0.75126	0.765563	0.755101	0.766931	0.777088	0.755152	0.714737	0.802497	0.765669	0.795157	0.798776	0.780919	0.769629	0.749846	0.778956	0.774317	0.79547	0.804516	0.761083	0.740819	0.755952	0.756061	0.786408	0.778801	0.770234	0.768167	0.739238
skin_32	0.711932	0.702337	0.757627	0.727881	0.77272	0.744383	0.685068	0.742345	0.780314	0.733238	0.693311	0.728338	0.757262	0.764303	0.747855	0.763218	0.728006	0.75938	0.71471	0.755642	0.721157	0.751415	0.71719	0.716735	0.750468	0.73256	0.721919	0.747969	0.739094	0.693881	0.743774	0	0.737289	0.761642	0.769188	0.730175	0.751265	0.710634	0.711281	0.745816	0.757661	0.727832	0.776595	0.706391	0.751746	0.740493	0.75418	0.725755	0.743778	0.751675	0.736393	0.759444	0.718247	0.754009	0.730667	0.761912	0.718062	0.719849	0.710177	0.699469	0.729422	0.736151	0.737394	0.729305	0.761534	0.745112	0.752091	0.722685	0.750064	0.711889	0.765434	0.778773	0.722716	0.717648	0.766078	0.727005	0.764903	0.739128	0.730772	0.692984	0.743546	0.708809	0.761224	0.74424	0.731697	0.703552	0.774058	0.752938	0.730543	0.771725	0.75595	0.7286	0.729415	0.726356	0.712111	0.726907	0.721879	0.681431	0.718228	0.733578
skin_33	0.720861	0.670146	0.759252	0.77857	0.776716	0.751709	0.763578	0.760322	0.778458	0.76398	0.732277	0.74313	0.752115	0.748774	0.731841	0.747606	0.775663	0.777855	0.718695	0.764666	0.714577	0.772914	0.725021	0.764304	0.781421	0.750272	0.734347	0.7325	0.73898	0.769477	0.75915	0.737289	0	0.752787	0.764519	0.769933	0.760857	0.724904	0.758331	0.710386	0.766207	0.733229	0.760974	0.727258	0.747963	0.755974	0.766437	0.7636	0.720266	0.707295	0.774011	0.764316	0.715263	0.76535	0.75641	0.745184	0.774332	0.76591	0.725953	0.742949	0.759782	0.789602	0.738912	0.729583	0.770554	0.776564	0.801946	0.732984	0.795602	0.769208	0.759138	0.754515	0.765786	0.750494	0.742171	0.763167	0.777602	0.793198	0.735052	0.781976	0.78005	0.752646	0.778613	0.754257	0.731397	0.78307	0.765162	0.766993	0.752814	0.775135	0.752876	0.761736	0.717486	0.713068	0.768179	0.773875	0.779464	0.748642	0.777574	0.751405
skin_34	0.767726	0.752286	0.766775	0.751322	0.790506	0.756359	0.758981	0.695118	0.775241	0.787247	0.741487	0.79332	0.74242	0.764694	0.761848	0.750205	0.735597	0.723282	0.753154	0.767172	0.74364	0.766713	0.78136	0.761901	0.775594	0.707	0.776946	0.733969	0.740289	0.768989	0.7389	0.761642	0.752787	0	0.775921	0.727102	0.771686	0.734961	0.780006	0.678878	0.721304	0.772692	0.769834	0.735978	0.735089	0.762889	0.789451	0.753403	0.770539	0.79758	0.759684	0.743338	0.739832	0.743446	0.752208	0.735479	0.777331	0.723638	0.747282	0.770182	0.762367	0.776441	0.735478	0.758867	0.744119	0.726615	0.753033	0.788546	0.761896	0.773921	0.740091	0.754366	0.725164	0.756997	0.753656	0.769438	0.760675	0.773123	0.807639	0.764875	0.803907	0.797441	0.783206	0.753253	0.781005	0.745112	0.75598	0.773771	0.741564	0.769155	0.779109	0.78358	0.762978	0.710595	0.764971	0.744791	0.757109	0.699194	0.770662	0.720482
skin_35	0.77392	0.760343	0.779846	0.740993	0.787522	0.732825	0.755332	0.766523	0.751743	0.729146	0.728963	0.769363	0.774874	0.776189	0.732985	0.775649	0.798211	0.79378	0.773731	0.774939	0.768191	0.773655	0.73676	0.767731	0.780882	0.761109	0.786814	0.74217	0.708751	0.779877	0.791959	0.769188	0.764519	0.775921	0	0.755775	0.770281	0.74653	0.767049	0.74571	0.694685	0.777815	0.722622	0.760943	0.767441	0.776411	0.756184	0.763253	0.75241	0.787952	0.75517	0.788416	0.745591	0.785893	0.733788	0.757181	0.813697	0.757172	0.757132	0.776928	0.782334	0.769891	0.7919	0.735881	0.756245	0.751087	0.743942	0.76236	0.768727	0.760681	0.773371	0.715868	0.740121	0.785763	0.755741	0.765295	0.766165	0.760466	0.75186	0.771467	0.772065	0.753932	0.800877	0.781659	0.748006	0.747162	0.756495	0.739047	0.676604	0.773521	0.739086	0.733463	0.767447	0.750511	0.701875	0.782122	0.731773	0.766079	0.797974	0.782224
skin_36	0.715289	0.711516	0.763315	0.735034	0.746832	0.75302	0.741849	0.743305	0.77456	0.733014	0.729234	0.726635	0.737963	0.727599	0.71299	0.757588	0.743796	0.779532	0.738085	0.742457	0.753554	0.730437	0.715934	0.714597	0.772217	0.727176	0.733671	0.740315	0.708212	0.755808	0.7641	0.730175	0.769933	0.727102	0.755775	0	0.748477	0.710182	0.741935	0.733611	0.745883	0.677936	0.767271	0.724304	0.730443	0.730146	0.710454	0.745313	0.754967	0.739761	0.758975	0.728172	0.725747	0.745374	0.752201	0.729981	0.783858	0.735468	0.758694	0.728333	0.790997	0.706185	0.753823	0.761816	0.751668	0.734389	0.747999	0.782808	0.700402	0.768584	0.756746	0.745244	0.72359	0.727518	0.745206	0.721575	0.758388	0.763734	0.790979	0.731437	0.732937	0.769618	0.741272	0.740866	0.786607	0.730367	0.711673	0.736077	0.696554	0.729781	0.756745	0.725139	0.760128	0.717897	0.708413	0.746848	0.746916	0.699049	0.716798	0.690527
skin_37	0.730345	0.737639	0.70282	0.778688	0.780752	0.733353	0.72129	0.754358	0.774013	0.745162	0.734226	0.739408	0.749582	0.770284	0.761776	0.756183	0.760081	0.741056	0.752645	0.741236	0.76592	0.727146	0.785067	0.717331	0.794285	0.780839	0.784773	0.774904	0.714503	0.735044	0.773761	0.751265	0.760857	0.771686	0.770281	0.748477	0	0.757133	0.756641	0.777239	0.766711	0.749204	0.776212	0.742609	0.758088	0.752349	0.757641	0.743013	0.716076	0.788189	0.77343	0.749047	0.779322	0.781343	0.760909	0.751923	0.790769	0.736386	0.744589	0.776078	0.789463	0.757123	0.770767	0.719654	0.727296	0.777847	0.783787	0.754638	0.79029	0.770459	0.758745	0.76238	0.763372	0.712609	0.793797	0.775384	0.750089	0.769952	0.761305	0.762907	0.769596	0.782165	0.714109	0.785008	0.763871	0.77235	0.740119	0.776649	0.78299	0.780971	0.727431	0.724048	0.747022	0.772774	0.73243	0.757599	0.733342	0.753708	0.795718	0.740465
skin_38	0.751155	0.763197	0.75202	0.764448	0.78516	0.747374	0.723116	0.719506	0.763124	0.76575	0.751782	0.738255	0.745079	0.744311	0.704695	0.736718	0.783454	0.776871	0.762482	0.775289	0.741349	0.765497	0.762105	0.773154	0.795236	0.677513	0.731302	0.704714	0.752641	0.745436	0.760503	0.710634	0.724904	0.734961	0.74653	0.710182	0.757133	0	0.767794	0.75776	0.754052	0.724014	0.79983	0.765113	0.749732	0.747447	0.775682	0.739039	0.805533	0.760079	0.721117	0.770145	0.738775	0.710241	0.783893	0.753783	0.755361	0.726608	0.748795	0.705986	0.778306	0.759108	0.780718	0.764958	0.770579	0.748175	0.769082	0.744355	0.775892	0.71306	0.793897	0.779651	0.733186	0.757068	0.743076	0.695186	0.766725	0.756873	0.747205	0.765894	0.775864	0.765677	0.786189	0.7503	0.753532	0.676342	0.750108	0.757828	0.745335	0.734873	0.771747	0.740226	0.696708	0.752398	0.739694	0.787188	0.749499	0.746522	0.791897	0.770097
skin_39	0.73466	0.716601	0.743323	0.702339	0.786894	0.781848	0.749681	0.735384	0.732956	0.740708	0.722479	0.733133	0.745262	0.736813	0.758283	0.751903	0.749521	0.735628	0.705382	0.75617	0.733609	0.725473	0.764776	0.717751	0.78605	0.740628	0.724101	0.756956	0.748355	0.734135	0.765539	0.711281	0.758331	0.780006	0.767049	0.741935	0.756641	0.767794	0	0.739182	0.746109	0.776719	0.748191	0.702765	0.730929	0.751913	0.766376	0.763448	0.729397	0.700726	0.778572	0.755672	0.74756	0.793663	0.771053	0.755604	0.770946	0.737318	0.73335	0.767176	0.73554	0.736982	0.770261	0.737135	0.762888	0.741719	0.786889	0.755388	0.774704	0.745699	0.782791	0.695707	0.74811	0.764883	0.760839	0.77374	0.758663	0.73236	0.770963	0.685064	0.739597	0.752661	0.717539	0.760487	0.719777	0.749057	0.765424	0.765871	0.698543	0.752157	0.77603	0.752655	0.73868	0.770561	0.72968	0.733158	0.74252	0.737753	0.763031	0.719126
skin_40	0.719429	0.649178	0.747631	0.753607	0.691349	0.715055	0.74706	0.716104	0.729237	0.712827	0.729894	0.747165	0.732802	0.673747	0.733436	0.749814	0.72287	0.767478	0.671808	0.735783	0.724362	0.734946	0.731656	0.732765	0.779028	0.719533	0.744367	0.755016	0.710618	0.744923	0.75111	0.745816	0.710386	0.678878	0.74571	0.733611	0.777239	0.75776	0.739182	0	0.69479	0.759073	0.726335	0.745305	0.742865	0.742565	0.745589	0.718365	0.736662	0.724182	0.746306	0.727033	0.697159	0.744734	0.745135	0.76326	0.742505	0.74459	0.705609	0.710921	0.726064	0.739199	0.742886	0.701695	0.714	0.707724	0.71876	0.762744	0.760619	0.715613	0.726326	0.722862	0.723301	0.722125	0.69905	0.703699	0.746901	0.769705	0.754014	0.719127	0.741154	0.750922	0.730217	0.743672	0.712712	0.704373	0.702464	0.72882	0.690906	0.72138	0.694806	0.733773	0.70747	0.64079	0.74682	0.764305	0.720306	0.73508	0.735849	0.705615
skin_41	0.764693	0.752572	0.763765	0.768519	0.763682	0.755701	0.762511	0.743985	0.787202	0.761288	0.735781	0.748745	0.739508	0.757624	0.744482	0.724457	0.773869	0.777158	0.727915	0.759446	0.785243	0.745462	0.758302	0.763406	0.76983	0.717715	0.759004	0.764467	0.710855	0.754677	0.732967	0.757661	0.766207	0.721304	0.694685	0.745883	0.766711	0.754052	0.746109	0.69479	0	0.78197	0.764781	0.748248	0.782889	0.740111	0.778451	0.773748	0.771329	0.742123	0.769894	0.756117	0.739012	0.770934	0.722257	0.743135	0.766074	0.76098	0.746688	0.749169	0.730208	0.752129	0.771111	0.749075	0.719247	0.699935	0.744468	0.779908	0.76712	0.758963	0.770216	0.750108	0.730224	0.760098	0.760402	0.738703	0.749139	0.778922	0.79615	0.742241	0.776105	0.73885	0.777198	0.777876	0.747342	0.718748	0.776526	0.733415	0.688975	0.752515	0.723066	0.783844	0.75967	0.696808	0.756695	0.722473	0.726712	0.761707	0.746687	0.789542
skin_42	0.726528	0.731634	0.761754	0.761902	0.774443	0.756485	0.703709	0.776037	0.718232	0.760514	0.701039	0.70174	0.725649	0.758975	0.758922	0.737288	0.756321	0.773448	0.739264	0.694786	0.727624	0.748587	0.715471	0.742417	0.779782	0.758742	0.744162	0.752374	0.74638	0.750197	0.751287	0.727832	0.733229	0.772692	0.777815	0.677936	0.749204	0.724014	0.776719	0.759073	0.78197	0	0.767607	0.723359	0.737864	0.745373	0.744515	0.722206	0.701697	0.733891	0.745292	0.747515	0.702332	0.698716	0.746429	0.735613	0.73906	0.742062	0.732721	0.748271	0.770087	0.722216	0.773466	0.746673	0.755023	0.721315	0.710643	0.738585	0.734346	0.714441	0.805337	0.754663	0.743903	0.711883	0.733379	0.72713	0.757309	0.762531	0.71365	0.755974	0.721411	0.760479	0.750338	0.7531	0.749618	0.759787	0.765478	0.702906	0.729943	0.733344	0.740799	0.742259	0.727568	0.730335	0.706357	0.76437	0.757497	0.758467	0.751165	0.700611
skin_43	0.736288	0.715114	0.780446	0.740228	0.768488	0.726779	0.765423	0.69101	0.798572	0.74103	0.755531	0.772463	0.762587	0.770007	0.732259	0.739419	0.787598	0.755732	0.74441	0.763161	0.729133	0.772234	0.742079	0.751719	0.76448	0.777091	0.780412	0.715571	0.752284	0.741753	0.77733	0.776595	0.760974	0.769834	0.722622	0.767271	0.776212	0.79983	0.748191	0.726335	0.764781	0.767607	0	0.736771	0.777298	0.756614	0.739735	0.786956	0.763504	0.772458	0.784881	0.74207	0.773535	0.76877	0.75301	0.715237	0.782227	0.769014	0.767704	0.787359	0.752488	0.732441	0.79114	0.767108	0.721186	0.746245	0.709864	0.693338	0.800704	0.725396	0.739247	0.741668	0.734016	0.744003	0.746563	0.774481	0.772356	0.754342	0.744618	0.726863	0.75638	0.744872	0.741621	0.754691	0.781514	0.748454	0.688662	0.734361	0.706743	0.770311	0.747191	0.752292	0.774487	0.7234	0.72762	0.725423	0.745356	0.771757	0.751955	0.745108
skin_44	0.682548	0.696149	0.700681	0.760982	0.766257	0.70212	0.699276	0.713929	0.766923	0.708154	0.699859	0.724238	0.733336	0.74806	0.707797	0.719531	0.737675	0.761039	0.68921	0.728707	0.680642	0.732624	0.67082	0.702909	0.75353	0.731223	0.689907	0.698659	0.709493	0.717654	0.763026	0.706391	0.727258	0.735978	0.760943	0.724304	0.742609	0.765113	0.702765	0.745305	0.748248	0.723359	0.736771	0	0.705775	0.738997	0.732982	0.694467	0.73108	0.715772	0.74242	0.705564	0.681212	0.725674	0.72774	0.741205	0.726763	0.697424	0.741658	0.710153	0.750473	0.714505	0.743333	0.69015	0.687386	0.732682	0.71303	0.743551	0.755078	0.749039	0.786051	0.733061	0.725096	0.696276	0.773385	0.75252	0.771189	0.746173	0.750672	0.724406	0.732326	0.746958	0.714567	0.723504	0.755037	0.676215	0.749245	0.772008	0.697887	0.786326	0.757243	0.751831	0.750211	0.689669	0.764489	0.748009	0.740831	0.750157	0.751624	0.725134
