SampleID	vaginal_1	vaginal_2	vaginal_3	vaginal_4	vaginal_5	vaginal_6	vaginal_7	vaginal_8	vaginal_9	vaginal_10	vaginal_11	vaginal_12	vaginal_13	vaginal_14	vaginal_15	vaginal_16	vaginal_17	vaginal_18	vaginal_19	vaginal_20	vaginal_21	vaginal_22	vaginal_23	vaginal_24	vaginal_25	vaginal_26	vaginal_27	vaginal_28	vaginal_29	vaginal_30	vaginal_31	vaginal_32	vaginal_33	vaginal_34	vaginal_35	vaginal_36	vaginal_37	vaginal_38	vaginal_39	vaginal_40	vaginal_41	vaginal_42	vaginal_43	vaginal_44	vaginal_45	vaginal_46	vaginal_47	vaginal_48	vaginal_49	vaginal_50	vaginal_51	vaginal_52	vaginal_53	vaginal_54	vaginal_55	vaginal_56	vaginal_57	vaginal_58	vaginal_59	vaginal_60	vaginal_61	vaginal_62	vaginal_63	vaginal_64	vaginal_65	vaginal_66	vaginal_67	vaginal_68	vaginal_69	vaginal_70	vaginal_71	vaginal_72	vaginal_73	vaginal_74	vaginal_75	vaginal_76	vaginal_77	vaginal_78	vaginal_79	vaginal_80	vaginal_81	vaginal_82	vaginal_83	vaginal_84	vaginal_85	vaginal_86	vaginal_87	vaginal_88	vaginal_89	vaginal_90	vaginal_91	vaginal_92	vaginal_93	vaginal_94	vaginal_95	vaginal_96	vaginal_97	vaginal_98	vaginal_99	vaginal_100
vaginal_1	0	0.723609	0.767299	0.832555	0.809713	0.762345	0.812003	0.776508	0.795626	0.77351	0.780342	0.749471	0.814615	0.788773	0.821102	0.79277	0.814166	0.704088	0.782838	0.798281	0.775359	0.832555	0.727573	0.786118	0.775148	0.783148	0.72348	0.727998	0.720978	0.832555	0.810027	0.765433	0.805257	0.764359	0.776104	0.760484	0.789645	0.793037	0.797688	0.832555	0.792521	0.827793	0.787959	0.771629	0.793893	0.748113	0.733582	0.806684	0.793067	0.730267	0.758417	0.778912	0.700495	0.764604	0.800139	0.82637	0.799408	0.816768	0.800734	0.771982	0.79249	0.798122	0.755197	0.7849	0.789287	0.814195	0.77326	0.780998	0.790253	0.689758	0.741928	0.740298	0.814076	0.711842	0.776219	0.771173	0.806193	0.78988	0.768065	0.793864	0.823053	0.791304	0.806567	0.803048	0.741076	0.731351	0.794452	0.812422	0.778688	0.806447	0.746501	0.802555	0.832555	0.811444	0.800457	0.832555	0.797722	0.752232	0.797286	0.762584
vaginal_2	0.723609	0	0.776316	0.826311	0.786502	0.781186	0.787611	0.788148	0.817882	0.757189	0.703126	0.735725	0.814048	0.762798	0.740745	0.744085	0.732841	0.807761	0.758742	0.780585	0.739241	0.753352	0.776846	0.828055	0.81675	0.795713	0.741857	0.779151	0.689333	0.832555	0.75587	0.695464	0.809212	0.775322	0.784653	0.790344	0.780604	0.796993	0.736562	0.817004	0.792213	0.810239	0.769447	0.779244	0.719526	0.758365	0.745408	0.807749	0.759857	0.817644	0.784469	0.774654	0.781674	0.751833	0.801163	0.811669	0.766903	0.782032	0.821991	0.712715	0.784058	0.823094	0.79137	0.799383	0.797482	0.769252	0.776415	0.798814	0.8168	0.731085	0.775991	0.749578	0.737554	0.7661	0.792511	0.786203	0.708711	0.76907	0.766628	0.786986	0.776714	0.780782	0.780391	0.781297	0.763871	0.769098	0.8013	0.832555	0.744665	0.733112	0.806814	0.793036	0.832555	0.752205	0.752061	0.81073	0.789884	0.758375	0.773799	0.748591
vaginal_3	0.767299	0.776316	0	0.832555	0.817401	0.738294	0.785333	0.788923	0.742135	0.759587	0.748362	0.778856	0.767563	0.788043	0.687212	0.778397	0.763782	0.787655	0.783113	0.796497	0.759388	0.819807	0.772624	0.810754	0.797846	0.79569	0.764201	0.78883	0.752157	0.691696	0.803325	0.736035	0.818889	0.796838	0.77596	0.799173	0.697607	0.788477	0.789764	0.811931	0.750364	0.792145	0.748682	0.767224	0.762419	0.744788	0.774689	0.78285	0.754931	0.734791	0.773926	0.743502	0.666037	0.780007	0.814387	0.751254	0.808194	0.792069	0.801873	0.775828	0.789973	0.786092	0.775012	0.767701	0.806119	0.777461	0.742451	0.802336	0.728743	0.76946	0.735019	0.750549	0.75888	0.776789	0.779851	0.749057	0.729089	0.781935	0.761001	0.77902	0.805997	0.738304	0.722232	0.803665	0.725099	0.78599	0.822173	0.832555	0.784114	0.791112	0.798659	0.78261	0.784697	0.744747	0.795168	0.749613	0.816031	0.759957	0.811643	0.770231
vaginal_4	0.832555	0.826311	0.832555	0	0.822315	0.813563	0.819882	0.825316	0.813141	0.803029	0.822597	0.804793	0.781024	0.657163	0.832555	0.818623	0.764728	0.827344	0.775464	0.748685	0.794431	0.832555	0.801703	0.812488	0.812204	0.765322	0.752897	0.772445	0.774408	0.802436	0.832555	0.799967	0.788935	0.803875	0.785061	0.768469	0.816634	0.815634	0.817638	0.801921	0.766557	0.698053	0.789865	0.806805	0.802308	0.813103	0.805418	0.775118	0.820279	0.832555	0.792526	0.809658	0.818154	0.829388	0.786117	0.787347	0.804415	0.764261	0.768888	0.8121	0.734585	0.81689	0.804397	0.770245	0.790518	0.779448	0.781121	0.770176	0.804501	0.725353	0.784433	0.821408	0.824759	0.753304	0.832555	0.778327	0.810003	0.800724	0.794488	0.817743	0.832555	0.790738	0.804742	0.764537	0.789968	0.73295	0.814323	0.819078	0.786957	0.78388	0.832555	0.794591	0.789473	0.706647	0.794979	0.741403	0.832555	0.819749	0.808102	0.738721
vaginal_5	0.809713	0.786502	0.817401	0.822315	0	0.794951	0.832555	0.798308	0.791716	0.815282	0.765327	0.810997	0.814244	0.832555	0.832555	0.790773	0.805331	0.794529	0.804973	0.786388	0.779756	0.832555	0.812144	0.737644	0.810975	0.798315	0.788147	0.777128	0.797762	0.808691	0.832555	0.80748	0.832555	0.792919	0.801874	0.748807	0.819669	0.807641	0.806056	0.793152	0.767935	0.823296	0.746457	0.815375	0.824863	0.821974	0.799741	0.827498	0.811704	0.824638	0.809624	0.805532	0.7967	0.744541	0.82284	0.832555	0.775054	0.832555	0.832555	0.750881	0.811009	0.814263	0.816078	0.805843	0.811608	0.76411	0.773633	0.816599	0.739454	0.825338	0.781206	0.809457	0.797787	0.815791	0.769833	0.780988	0.800616	0.675039	0.765054	0.787095	0.76889	0.767369	0.811882	0.787657	0.793001	0.81675	0.832555	0.777305	0.806676	0.737424	0.832555	0.738598	0.819007	0.824956	0.777223	0.773922	0.752414	0.81356	0.791543	0.781383
vaginal_6	0.762345	0.781186	0.738294	0.813563	0.794951	0	0.804335	0.748265	0.784986	0.752742	0.745273	0.769338	0.761762	0.711558	0.717593	0.768927	0.800807	0.759352	0.78555	0.762745	0.784958	0.808236	0.756213	0.777177	0.796259	0.805069	0.712223	0.761944	0.748152	0.800301	0.771579	0.740376	0.76734	0.73775	0.767582	0.76346	0.792348	0.759069	0.742577	0.801934	0.731375	0.769078	0.785778	0.74646	0.729321	0.756749	0.709548	0.779583	0.754278	0.761727	0.804814	0.754595	0.777474	0.792304	0.751958	0.806397	0.763683	0.784982	0.815149	0.755256	0.716722	0.796365	0.781481	0.756625	0.704543	0.751796	0.762064	0.747441	0.706351	0.76722	0.76731	0.800021	0.80294	0.771964	0.777278	0.750107	0.767511	0.76585	0.73441	0.711322	0.741883	0.755321	0.784193	0.775966	0.732993	0.754133	0.795857	0.785238	0.76577	0.782209	0.812004	0.828163	0.765153	0.7726	0.734208	0.811567	0.749405	0.789137	0.787065	0.802721
vaginal_7	0.812003	0.787611	0.785333	0.819882	0.832555	0.804335	0	0.759075	0.786105	0.743831	0.805053	0.774482	0.790407	0.800424	0.790225	0.765419	0.808501	0.78995	0.784562	0.827507	0.740776	0.782905	0.806619	0.793658	0.81461	0.815225	0.781735	0.759615	0.779663	0.767269	0.788866	0.816516	0.744919	0.832555	0.780085	0.78602	0.818761	0.741129	0.781258	0.794546	0.768531	0.808985	0.805124	0.814992	0.696724	0.777005	0.827235	0.803063	0.786058	0.817618	0.782475	0.818939	0.783087	0.759714	0.793652	0.767193	0.786053	0.816526	0.808493	0.736818	0.793111	0.822436	0.809693	0.782802	0.767197	0.795029	0.731142	0.782899	0.689849	0.791617	0.817667	0.808104	0.774801	0.785084	0.786811	0.81007	0.68583	0.794377	0.785668	0.807469	0.77223	0.740871	0.752639	0.771191	0.770458	0.763664	0.832555	0.815892	0.736992	0.795523	0.800309	0.832555	0.832555	0.734672	0.758277	0.778332	0.787187	0.685204	0.763463	0.804059
vaginal_8	0.776508	0.788148	0.788923	0.825316	0.798308	0.748265	0.759075	0	0.759043	0.692706	0.737704	0.696809	0.778882	0.778229	0.761723	0.751655	0.786109	0.78475	0.75563	0.796517	0.807153	0.781599	0.718705	0.761796	0.735845	0.686432	0.746879	0.766811	0.747911	0.795674	0.806969	0.725326	0.715253	0.669525	0.74013	0.74037	0.792843	0.682063	0.730704	0.799621	0.726229	0.744824	0.721487	0.762697	0.763765	0.720741	0.783798	0.750174	0.764922	0.735596	0.797533	0.7523	0.788098	0.749631	0.763803	0.788739	0.733744	0.769111	0.76588	0.746865	0.753956	0.766751	0.746966	0.700618	0.761097	0.723305	0.804924	0.734935	0.787128	0.726488	0.771178	0.804761	0.803459	0.723947	0.703017	0.742574	0.717523	0.719396	0.77176	0.724356	0.7324	0.788438	0.725889	0.691928	0.752806	0.778429	0.789586	0.787086	0.734387	0.728806	0.762345	0.7951	0.801083	0.742021	0.762295	0.78575	0.740606	0.76367	0.731059	0.798047
vaginal_9	0.795626	0.817882	0.742135	0.813141	0.791716	0.784986	0.786105	0.759043	0	0.76698	0.81719	0.776798	0.700753	0.737038	0.795	0.775592	0.802853	0.756069	0.781964	0.789172	0.78274	0.80952	0.766396	0.811176	0.744345	0.728048	0.777476	0.747779	0.735654	0.807379	0.81638	0.751693	0.800183	0.780592	0.743299	0.779593	0.79423	0.757089	0.719312	0.7103	0.737911	0.777221	0.772883	0.756284	0.780088	0.703277	0.754982	0.726715	0.788542	0.734266	0.744115	0.763376	0.762396	0.791156	0.793411	0.719628	0.731067	0.808338	0.784624	0.746085	0.78509	0.742461	0.717146	0.745189	0.743379	0.777655	0.716447	0.784346	0.725141	0.785091	0.754686	0.770466	0.789533	0.75604	0.804719	0.774477	0.726715	0.746705	0.754934	0.723806	0.743794	0.701225	0.771642	0.785793	0.762981	0.744623	0.778661	0.76461	0.783688	0.785185	0.766505	0.821843	0.822113	0.751554	0.77795	0.71567	0.810287	0.787863	0.718971	0.792181
vaginal_10	0.77351	0.757189	0.759587	0.803029	0.815282	0.752742	0.743831	0.692706	0.76698	0	0.767516	0.805369	0.731732	0.743801	0.796032	0.78985	0.761019	0.813157	0.782276	0.766732	0.747182	0.832555	0.754647	0.801437	0.773407	0.755014	0.712304	0.801004	0.692764	0.767884	0.832555	0.755617	0.781331	0.772508	0.701965	0.739618	0.822637	0.74235	0.763642	0.80404	0.792744	0.735372	0.749161	0.764187	0.769728	0.73834	0.775855	0.765453	0.784912	0.74121	0.779751	0.745368	0.810935	0.73028	0.773504	0.832555	0.807426	0.792938	0.783857	0.779824	0.729885	0.817074	0.775742	0.714687	0.7595	0.754206	0.740574	0.732453	0.768289	0.758893	0.762827	0.758083	0.803249	0.736526	0.765323	0.710949	0.757129	0.803587	0.74558	0.772586	0.814592	0.732054	0.76429	0.797537	0.664009	0.764541	0.787595	0.823261	0.784214	0.737984	0.784499	0.786781	0.756858	0.755734	0.765984	0.777098	0.732858	0.728593	0.742624	0.734058
vaginal_11	0.780342	0.703126	0.748362	0.822597	0.765327	0.745273	0.805053	0.737704	0.81719	0.767516	0	0.693217	0.817678	0.791968	0.804539	0.717493	0.747652	0.818571	0.766416	0.781331	0.769589	0.832555	0.754456	0.750031	0.816039	0.774509	0.759582	0.760577	0.713609	0.825056	0.821146	0.688298	0.822279	0.748131	0.775085	0.764137	0.785079	0.794448	0.760036	0.756369	0.792633	0.820176	0.735373	0.73809	0.763146	0.72992	0.738298	0.777597	0.761033	0.813074	0.774231	0.771746	0.749951	0.776988	0.787342	0.821703	0.757278	0.754022	0.832555	0.696821	0.755615	0.792199	0.790252	0.788158	0.787472	0.691129	0.776017	0.77839	0.76639	0.7527	0.735982	0.7722	0.749133	0.723636	0.725884	0.778424	0.784952	0.766873	0.737634	0.816754	0.729701	0.770903	0.750534	0.75879	0.747999	0.743909	0.768319	0.820573	0.769929	0.787339	0.776067	0.807497	0.791135	0.81727	0.791504	0.808322	0.755889	0.793475	0.752846	0.758804
vaginal_12	0.749471	0.735725	0.778856	0.804793	0.810997	0.769338	0.774482	0.696809	0.776798	0.805369	0.693217	0	0.791879	0.73573	0.783948	0.799522	0.820617	0.825802	0.692813	0.775216	0.809103	0.733527	0.791262	0.802874	0.757533	0.731969	0.761004	0.802262	0.706141	0.770027	0.82002	0.740272	0.723238	0.787276	0.818245	0.778819	0.822273	0.705811	0.758303	0.823228	0.77513	0.805746	0.786058	0.744111	0.740322	0.63879	0.76409	0.811192	0.775723	0.77907	0.788524	0.778004	0.759559	0.751452	0.813314	0.811413	0.772431	0.738785	0.80687	0.746427	0.750214	0.817987	0.768623	0.732595	0.790995	0.750093	0.787546	0.777742	0.800842	0.727989	0.801448	0.792667	0.761966	0.783512	0.787989	0.756858	0.778223	0.807578	0.755906	0.748744	0.77928	0.799323	0.784168	0.76876	0.74025	0.799338	0.814907	0.770015	0.81953	0.82462	0.774309	0.823961	0.819895	0.740529	0.723063	0.799903	0.799371	0.783506	0.766141	0.761945
vaginal_13	0.814615	0.814048	0.767563	0.781024	0.814244	0.761762	0.790407	0.778882	0.700753	0.731732	0.817678	0.791879	0	0.761366	0.808939	0.764139	0.808836	0.795915	0.779971	0.785944	0.798168	0.832555	0.709127	0.787966	0.765098	0.762064	0.697004	0.74339	0.77845	0.795162	0.810113	0.762333	0.804681	0.76097	0.745072	0.74642	0.806944	0.711518	0.786083	0.796882	0.797258	0.75848	0.756361	0.792461	0.6964	0.777087	0.785856	0.764595	0.678809	0.774697	0.73543	0.751401	0.773507	0.705094	0.770756	0.719094	0.739945	0.752523	0.77392	0.7919	0.758058	0.812161	0.773783	0.690984	0.7529	0.750597	0.732598	0.772626	0.673385	0.803806	0.790392	0.773274	0.784004	0.743613	0.783757	0.764541	0.744285	0.756969	0.730296	0.742358	0.785224	0.724689	0.794788	0.761295	0.756002	0.774606	0.81504	0.800924	0.794324	0.795972	0.778723	0.800377	0.78299	0.784555	0.758824	0.721352	0.792894	0.8111	0.774823	0.821532
vaginal_14	0.788773	0.762798	0.788043	0.657163	0.832555	0.711558	0.800424	0.778229	0.737038	0.743801	0.791968	0.73573	0.761366	0	0.758541	0.792552	0.757453	0.761538	0.776966	0.756097	0.762531	0.800054	0.756622	0.810353	0.813921	0.794305	0.766654	0.76942	0.757985	0.762177	0.795969	0.779986	0.756341	0.736987	0.765191	0.802803	0.802031	0.766727	0.804408	0.832555	0.730005	0.756475	0.774692	0.789413	0.754584	0.755518	0.776331	0.795578	0.764655	0.745337	0.747795	0.777889	0.767392	0.79802	0.752687	0.763752	0.7635	0.770357	0.832555	0.77878	0.701447	0.822915	0.805446	0.7274	0.724553	0.796474	0.758085	0.785973	0.804605	0.762842	0.798834	0.767818	0.80054	0.744584	0.799281	0.779412	0.78055	0.796944	0.709949	0.736513	0.785447	0.737116	0.788446	0.814129	0.763512	0.761124	0.77085	0.79459	0.739897	0.79085	0.824386	0.813525	0.77989	0.77213	0.776962	0.790403	0.811439	0.801513	0.785346	0.733922
vaginal_15	0.821102	0.740745	0.687212	0.832555	0.832555	0.717593	0.790225	0.761723	0.795	0.796032	0.804539	0.783948	0.808939	0.758541	0	0.72101	0.767893	0.819433	0.738984	0.783905	0.76336	0.792083	0.77712	0.832555	0.762698	0.781301	0.784106	0.746547	0.748868	0.731351	0.722473	0.769828	0.822229	0.801608	0.79033	0.774373	0.79317	0.722564	0.776113	0.800904	0.723799	0.787612	0.784412	0.786111	0.749581	0.733867	0.77728	0.825743	0.768386	0.790356	0.732655	0.745594	0.7425	0.792728	0.777536	0.771464	0.832555	0.792353	0.794145	0.811039	0.785059	0.807548	0.814508	0.792133	0.808751	0.739352	0.786179	0.749955	0.741635	0.75426	0.80759	0.802131	0.74692	0.752413	0.820002	0.784918	0.711985	0.78215	0.772494	0.792684	0.832555	0.774139	0.74514	0.749429	0.767369	0.782919	0.676593	0.778266	0.783691	0.766141	0.785547	0.768418	0.832555	0.760355	0.733135	0.780589	0.832555	0.719465	0.78028	0.76855
vaginal_16	0.79277	0.744085	0.778397	0.818623	0.790773	0.768927	0.765419	0.751655	0.775592	0.78985	0.717493	0.799522	0.764139	0.792552	0.72101	0	0.771984	0.795106	0.803266	0.759937	0.774769	0.817812	0.714954	0.786434	0.738755	0.74782	0.74187	0.711558	0.733771	0.823389	0.759116	0.763611	0.770793	0.790446	0.802253	0.753335	0.770778	0.748585	0.746982	0.720469	0.771352	0.788012	0.634572	0.796506	0.754115	0.735372	0.773275	0.78818	0.764627	0.811166	0.747759	0.759233	0.737503	0.709528	0.741792	0.78841	0.781385	0.740275	0.80167	0.759878	0.737393	0.799284	0.770441	0.780142	0.772991	0.63188	0.741136	0.711921	0.763018	0.753043	0.723747	0.743787	0.760259	0.702348	0.683106	0.75508	0.745679	0.756473	0.682466	0.751319	0.807712	0.712661	0.774453	0.65032	0.767101	0.731653	0.758593	0.724525	0.757854	0.765102	0.810514	0.800011	0.766949	0.788122	0.75085	0.77913	0.786889	0.738791	0.692243	0.739206
vaginal_17	0.814166	0.732841	0.763782	0.764728	0.805331	0.800807	0.808501	0.786109	0.802853	0.761019	0.747652	0.820617	0.808836	0.757453	0.767893	0.771984	0	0.791542	0.752821	0.750166	0.744412	0.797287	0.782828	0.827621	0.772757	0.775771	0.754083	0.803407	0.773109	0.832555	0.776708	0.758593	0.807866	0.728665	0.802319	0.796475	0.782916	0.798972	0.758568	0.828026	0.750915	0.785308	0.788828	0.783439	0.765091	0.719051	0.780058	0.781436	0.816982	0.802078	0.763213	0.791666	0.772656	0.784986	0.810698	0.780192	0.795203	0.663469	0.832555	0.78582	0.790634	0.817614	0.79319	0.812435	0.79725	0.772285	0.797953	0.780176	0.786534	0.754359	0.731525	0.764084	0.794667	0.80518	0.788627	0.787376	0.749318	0.747002	0.784227	0.811632	0.804221	0.739566	0.675585	0.764717	0.79032	0.797208	0.768229	0.810136	0.759962	0.767394	0.785279	0.776936	0.815618	0.743002	0.761524	0.807798	0.791619	0.751478	0.767423	0.817162
vaginal_18	0.704088	0.807761	0.787655	0.827344	0.794529	0.759352	0.78995	0.78475	0.756069	0.813157	0.818571	0.825802	0.795915	0.761538	0.819433	0.795106	0.791542	0	0.804133	0.806449	0.793538	0.832555	0.765291	0.808086	0.791502	0.814715	0.796004	0.756188	0.762829	0.815429	0.816433	0.805072	0.803061	0.754963	0.819962	0.799108	0.68487	0.781502	0.794856	0.832555	0.776945	0.789922	0.815701	0.794229	0.792811	0.716486	0.753701	0.744739	0.795491	0.724915	0.781588	0.784443	0.771651	0.804811	0.812652	0.793755	0.771124	0.824023	0.832555	0.757663	0.762985	0.724966	0.712382	0.784987	0.772922	0.817846	0.766485	0.801159	0.815883	0.804591	0.804189	0.758766	0.682976	0.809106	0.781602	0.78613	0.790693	0.785928	0.780361	0.77661	0.767378	0.766937	0.774317	0.824835	0.763103	0.798626	0.802016	0.813554	0.722345	0.765392	0.767498	0.807381	0.821201	0.808561	0.820465	0.832555	0.828924	0.826026	0.759139	0.813439
vaginal_19	0.782838	0.758742	0.783113	0.775464	0.804973	0.78555	0.784562	0.75563	0.781964	0.782276	0.766416	0.692813	0.779971	0.776966	0.738984	0.803266	0.752821	0.804133	0	0.698269	0.788447	0.814752	0.752119	0.764514	0.746844	0.766283	0.698339	0.764557	0.711569	0.738827	0.817852	0.720318	0.785942	0.760875	0.721468	0.792754	0.802308	0.748538	0.764335	0.826336	0.734037	0.806428	0.799886	0.783297	0.716487	0.650496	0.709666	0.769741	0.769595	0.776267	0.714979	0.708509	0.704973	0.757335	0.818738	0.793435	0.744839	0.755705	0.813916	0.776861	0.744716	0.804462	0.763733	0.731336	0.788436	0.756455	0.779588	0.814711	0.73653	0.760645	0.755629	0.782599	0.769283	0.774352	0.787631	0.677106	0.702726	0.747365	0.74427	0.728617	0.791597	0.784013	0.732315	0.756841	0.731496	0.803049	0.745328	0.755856	0.710818	0.77582	0.819078	0.804812	0.784246	0.687562	0.723183	0.76792	0.801337	0.779394	0.756308	0.806806
vaginal_20	0.798281	0.780585	0.796497	0.748685	0.786388	0.762745	0.827507	0.796517	0.789172	0.766732	0.781331	0.775216	0.785944	0.756097	0.783905	0.759937	0.750166	0.806449	0.698269	0	0.778909	0.727654	0.769568	0.703994	0.750763	0.78541	0.745803	0.748811	0.768593	0.760316	0.780371	0.753176	0.762577	0.811062	0.743711	0.80072	0.773236	0.781243	0.775691	0.770381	0.767446	0.741899	0.755539	0.789415	0.769311	0.786934	0.750572	0.773917	0.784917	0.738742	0.767739	0.742138	0.757678	0.779347	0.767273	0.75612	0.785074	0.790731	0.810749	0.709097	0.743369	0.824217	0.790887	0.720104	0.753744	0.721417	0.704079	0.749788	0.778591	0.812269	0.751434	0.789851	0.782489	0.759063	0.756338	0.725456	0.792256	0.763957	0.726582	0.767293	0.820093	0.728872	0.777186	0.754663	0.78711	0.762186	0.744609	0.801114	0.740955	0.767447	0.81623	0.828134	0.79783	0.685281	0.752294	0.75357	0.794006	0.739052	0.762935	0.774475
vaginal_21	0.775359	0.739241	0.759388	0.794431	0.779756	0.784958	0.740776	0.807153	0.78274	0.747182	0.769589	0.809103	0.798168	0.762531	0.76336	0.774769	0.744412	0.793538	0.788447	0.778909	0	0.76345	0.754549	0.813432	0.803449	0.815834	0.71244	0.742984	0.725493	0.825457	0.797705	0.776786	0.813838	0.726332	0.778481	0.805833	0.819828	0.767829	0.735984	0.789713	0.751432	0.791645	0.776874	0.7917	0.76592	0.739059	0.763771	0.80914	0.799498	0.801347	0.74495	0.775842	0.765425	0.681182	0.721254	0.784962	0.739043	0.784643	0.762581	0.772374	0.798153	0.825227	0.800373	0.795893	0.781738	0.779816	0.736719	0.783711	0.719953	0.799758	0.699379	0.753649	0.825163	0.790368	0.81671	0.786163	0.763224	0.706922	0.730616	0.755205	0.78939	0.707616	0.725297	0.786111	0.721692	0.707676	0.713078	0.819036	0.719235	0.722356	0.810276	0.754154	0.711917	0.766088	0.784714	0.785773	0.801556	0.765256	0.746065	0.771966
vaginal_22	0.832555	0.753352	0.819807	0.832555	0.832555	0.808236	0.782905	0.781599	0.80952	0.832555	0.832555	0.733527	0.832555	0.800054	0.792083	0.817812	0.797287	0.832555	0.814752	0.727654	0.76345	0	0.815333	0.832555	0.77261	0.733517	0.797392	0.82354	0.799542	0.732096	0.793387	0.816036	0.77767	0.817748	0.797032	0.811279	0.832555	0.752112	0.787658	0.832555	0.801077	0.807108	0.826295	0.786314	0.766589	0.80658	0.798179	0.798934	0.813615	0.783019	0.815126	0.782494	0.832555	0.787776	0.791455	0.739922	0.803608	0.832555	0.832555	0.786679	0.785631	0.832555	0.785259	0.819599	0.775091	0.82636	0.824954	0.800743	0.802624	0.818349	0.79073	0.783355	0.809527	0.814808	0.80425	0.824998	0.743789	0.790918	0.792767	0.773458	0.775809	0.807535	0.799274	0.804783	0.832555	0.75813	0.818244	0.819057	0.815018	0.812976	0.777161	0.832555	0.832555	0.741675	0.754562	0.805363	0.763581	0.759127	0.794643	0.77517
vaginal_23	0.727573	0.776846	0.772624	0.801703	0.812144	0.756213	0.806619	0.718705	0.766396	0.754647	0.754456	0.791262	0.709127	0.756622	0.77712	0.714954	0.782828	0.765291	0.752119	0.769568	0.754549	0.815333	0	0.782296	0.743041	0.751951	0.737382	0.687798	0.738073	0.804582	0.772404	0.709011	0.792832	0.760622	0.683363	0.760421	0.78461	0.739256	0.774744	0.774625	0.773981	0.70696	0.715856	0.788418	0.725686	0.753933	0.706179	0.812444	0.771293	0.790377	0.770428	0.724806	0.737191	0.787814	0.743175	0.812804	0.807989	0.742071	0.800932	0.805968	0.759357	0.764144	0.723028	0.717581	0.802549	0.697218	0.768404	0.746557	0.741131	0.764098	0.725667	0.717634	0.814123	0.694328	0.71244	0.761385	0.729976	0.70371	0.695339	0.728089	0.799108	0.729044	0.739525	0.750986	0.756127	0.741154	0.729642	0.773143	0.754862	0.735003	0.801931	0.795695	0.780473	0.77198	0.776136	0.791092	0.782103	0.795036	0.700874	0.810421
vaginal_24	0.786118	0.828055	0.810754	0.812488	0.737644	0.777177	0.793658	0.761796	0.811176	0.801437	0.750031	0.802874	0.787966	0.810353	0.832555	0.786434	0.827621	0.808086	0.764514	0.703994	0.813432	0.832555	0.782296	0	0.764562	0.79379	0.750629	0.7671	0.787397	0.832555	0.828906	0.777203	0.804622	0.799869	0.766734	0.736024	0.804923	0.807818	0.800073	0.819792	0.775019	0.832555	0.783976	0.816446	0.751007	0.825436	0.821836	0.731337	0.709673	0.800176	0.819336	0.765896	0.766891	0.794776	0.796147	0.829231	0.699447	0.801594	0.830606	0.716308	0.795386	0.77209	0.820695	0.796758	0.752703	0.777265	0.79089	0.738341	0.770745	0.807733	0.816534	0.805514	0.815884	0.742251	0.797084	0.732323	0.762697	0.776422	0.76938	0.71474	0.809672	0.803326	0.794219	0.761307	0.821328	0.796834	0.796985	0.731049	0.720571	0.806015	0.76472	0.815575	0.77967	0.769446	0.738387	0.832555	0.732355	0.783356	0.791167	0.787554
vaginal_25	0.775148	0.81675	0.797846	0.812204	0.810975	0.796259	0.81461	0.735845	0.744345	0.773407	0.816039	0.757533	0.765098	0.813921	0.762698	0.738755	0.772757	0.791502	0.746844	0.750763	0.803449	0.77261	0.743041	0.764562	0	0.766963	0.747664	0.782797	0.712609	0.805431	0.8078	0.776321	0.759603	0.748417	0.786689	0.801658	0.763104	0.765577	0.764075	0.76034	0.758741	0.764132	0.795787	0.81616	0.757662	0.751436	0.760337	0.76506	0.773723	0.779226	0.770457	0.79801	0.796004	0.781433	0.781683	0.805199	0.79057	0.718705	0.82325	0.763238	0.77063	0.826932	0.71977	0.768996	0.805869	0.73505	0.80491	0.759796	0.756742	0.779319	0.779921	0.806963	0.734478	0.740213	0.750545	0.774327	0.749474	0.732187	0.756197	0.766279	0.807696	0.775248	0.786371	0.772826	0.71264	0.774687	0.775128	0.69153	0.746525	0.753963	0.739734	0.773912	0.792184	0.782813	0.7704	0.793663	0.818619	0.721689	0.698975	0.753447
vaginal_26	0.783148	0.795713	0.79569	0.765322	0.798315	0.805069	0.815225	0.686432	0.728048	0.755014	0.774509	0.731969	0.762064	0.794305	0.781301	0.74782	0.775771	0.814715	0.766283	0.78541	0.815834	0.733517	0.751951	0.79379	0.766963	0	0.768296	0.779504	0.741541	0.806053	0.806306	0.744655	0.740644	0.774186	0.708396	0.787501	0.803207	0.730036	0.753566	0.798071	0.72978	0.791311	0.770501	0.696328	0.761981	0.746722	0.79265	0.776721	0.751866	0.775985	0.690798	0.694819	0.783954	0.803925	0.761543	0.787347	0.757737	0.779517	0.805639	0.756799	0.762291	0.823823	0.729351	0.779051	0.79674	0.728917	0.754114	0.727704	0.75938	0.772648	0.755384	0.772036	0.786031	0.710636	0.80306	0.755863	0.774309	0.782458	0.753711	0.76686	0.816549	0.778209	0.778893	0.742286	0.783795	0.750692	0.75401	0.832555	0.791028	0.766306	0.787299	0.801424	0.823378	0.701716	0.769641	0.733076	0.786607	0.758895	0.749428	0.717738
vaginal_27	0.72348	0.741857	0.764201	0.752897	0.788147	0.712223	0.781735	0.746879	0.777476	0.712304	0.759582	0.761004	0.697004	0.766654	0.784106	0.74187	0.754083	0.796004	0.698339	0.745803	0.71244	0.797392	0.737382	0.750629	0.747664	0.768296	0	0.759477	0.71836	0.812665	0.801832	0.742686	0.769974	0.684904	0.774305	0.694961	0.815103	0.745601	0.782543	0.786129	0.736509	0.802952	0.748233	0.791046	0.751348	0.702438	0.740756	0.769924	0.756499	0.791634	0.755067	0.743695	0.769142	0.654787	0.793943	0.790861	0.765149	0.721292	0.791875	0.787662	0.669696	0.806078	0.752823	0.72969	0.720971	0.716762	0.792193	0.760424	0.707219	0.741195	0.71112	0.748376	0.803732	0.766989	0.777622	0.698678	0.733253	0.741368	0.756508	0.692101	0.756701	0.717218	0.776701	0.746935	0.735222	0.753871	0.778086	0.784397	0.763109	0.77348	0.795006	0.768615	0.778355	0.710574	0.752881	0.807365	0.754013	0.745895	0.764201	0.752454
vaginal_28	0.727998	0.779151	0.78883	0.772445	0.777128	0.761944	0.759615	0.766811	0.747779	0.801004	0.760577	0.802262	0.74339	0.76942	0.746547	0.711558	0.803407	0.756188	0.764557	0.748811	0.742984	0.82354	0.687798	0.7671	0.782797	0.779504	0.759477	0	0.777758	0.812882	0.803378	0.74996	0.781305	0.763222	0.767759	0.76208	0.757513	0.767184	0.728103	0.781905	0.739325	0.771812	0.683199	0.728366	0.742888	0.737478	0.747306	0.783542	0.781645	0.758474	0.778779	0.750017	0.742586	0.778991	0.824891	0.760289	0.773141	0.742507	0.778836	0.777072	0.748109	0.742184	0.804278	0.751968	0.750424	0.660977	0.724359	0.737498	0.743378	0.771825	0.713079	0.748531	0.809435	0.670463	0.804936	0.747947	0.736462	0.664614	0.722387	0.735131	0.819028	0.753585	0.7187	0.714001	0.773997	0.731803	0.808213	0.737101	0.69994	0.739768	0.767159	0.764111	0.786865	0.739066	0.786802	0.766838	0.733897	0.76943	0.702172	0.802697
vaginal_29	0.720978	0.689333	0.752157	0.774408	0.797762	0.748152	0.779663	0.747911	0.735654	0.692764	0.713609	0.706141	0.77845	0.757985	0.748868	0.733771	0.773109	0.762829	0.711569	0.768593	0.725493	0.799542	0.738073	0.787397	0.712609	0.741541	0.71836	0.777758	0	0.794435	0.792262	0.687687	0.79385	0.762334	0.772538	0.796737	0.773829	0.761451	0.715063	0.791993	0.736338	0.733088	0.776701	0.695832	0.757459	0.693722	0.708733	0.776491	0.746644	0.776378	0.768878	0.785043	0.791614	0.718377	0.781385	0.785868	0.782412	0.754369	0.790546	0.773494	0.741212	0.776084	0.750717	0.764851	0.805671	0.689396	0.752811	0.754563	0.742836	0.730079	0.741421	0.756409	0.762746	0.755134	0.78679	0.724392	0.759577	0.7801	0.72283	0.734968	0.746947	0.759741	0.79564	0.733962	0.622843	0.71671	0.800975	0.737933	0.777146	0.742362	0.756881	0.782153	0.786331	0.735117	0.752068	0.780847	0.790945	0.76992	0.752069	0.706248
vaginal_30	0.832555	0.832555	0.691696	0.802436	0.808691	0.800301	0.767269	0.795674	0.807379	0.767884	0.825056	0.770027	0.795162	0.762177	0.731351	0.823389	0.832555	0.815429	0.738827	0.760316	0.825457	0.732096	0.804582	0.832555	0.805431	0.806053	0.812665	0.812882	0.794435	0	0.832555	0.817649	0.752471	0.832555	0.760371	0.821577	0.77072	0.769704	0.793793	0.832555	0.741638	0.775284	0.777756	0.809173	0.753839	0.80737	0.810009	0.832555	0.771647	0.740099	0.819283	0.743341	0.762573	0.79699	0.792771	0.784728	0.802194	0.784572	0.825238	0.786752	0.774836	0.823401	0.814414	0.761124	0.779077	0.815157	0.782741	0.820393	0.738727	0.814703	0.832555	0.803009	0.768868	0.799665	0.832555	0.802273	0.779413	0.80897	0.813392	0.790971	0.827025	0.823852	0.805711	0.786996	0.771299	0.770226	0.832555	0.832555	0.737548	0.826623	0.832555	0.832555	0.832555	0.771505	0.784427	0.746435	0.782468	0.778619	0.801571	0.832555
vaginal_31	0.810027	0.75587	0.803325	0.832555	0.832555	0.771579	0.788866	0.806969	0.81638	0.832555	0.821146	0.82002	0.810113	0.795969	0.722473	0.759116	0.776708	0.816433	0.817852	0.780371	0.797705	0.793387	0.772404	0.828906	0.8078	0.806306	0.801832	0.803378	0.792262	0.832555	0	0.799749	0.822517	0.799856	0.766527	0.799011	0.806029	0.742641	0.805006	0.824054	0.784957	0.832555	0.807118	0.808007	0.753745	0.800095	0.773605	0.783686	0.744153	0.825359	0.832555	0.82172	0.719342	0.765205	0.677534	0.783086	0.826967	0.779098	0.832555	0.832555	0.814227	0.832555	0.793513	0.781355	0.751034	0.790621	0.789183	0.832555	0.77127	0.75659	0.772148	0.789949	0.832555	0.744673	0.809877	0.771394	0.762048	0.769244	0.818471	0.783994	0.823882	0.759587	0.739062	0.724513	0.81876	0.772831	0.775038	0.832555	0.790464	0.827324	0.789288	0.771394	0.832555	0.762345	0.751705	0.832555	0.823365	0.751979	0.764743	0.806069
vaginal_32	0.765433	0.695464	0.736035	0.799967	0.80748	0.740376	0.816516	0.725326	0.751693	0.755617	0.688298	0.740272	0.762333	0.779986	0.769828	0.763611	0.758593	0.805072	0.720318	0.753176	0.776786	0.816036	0.709011	0.777203	0.776321	0.744655	0.742686	0.74996	0.687687	0.817649	0.799749	0	0.794189	0.76649	0.762616	0.775263	0.813843	0.76882	0.741045	0.784773	0.71672	0.768433	0.717174	0.744457	0.69723	0.763517	0.718307	0.762152	0.741738	0.779957	0.744785	0.752744	0.726391	0.770381	0.783517	0.74984	0.793296	0.72891	0.793483	0.745884	0.770876	0.749421	0.792938	0.79685	0.729561	0.737837	0.757979	0.746633	0.769814	0.723239	0.746696	0.752463	0.768248	0.756563	0.736856	0.721975	0.75485	0.752009	0.713111	0.752135	0.795788	0.747933	0.727702	0.763354	0.73068	0.757889	0.768052	0.775781	0.779644	0.729781	0.757511	0.792794	0.795169	0.761407	0.742969	0.728325	0.804578	0.724314	0.75422	0.757314
vaginal_33	0.805257	0.809212	0.818889	0.788935	0.832555	0.76734	0.744919	0.715253	0.800183	0.781331	0.822279	0.723238	0.804681	0.756341	0.822229	0.770793	0.807866	0.803061	0.785942	0.762577	0.813838	0.77767	0.792832	0.804622	0.759603	0.740644	0.769974	0.781305	0.79385	0.752471	0.822517	0.794189	0	0.779472	0.803884	0.786594	0.76932	0.727182	0.763113	0.797659	0.769611	0.745489	0.745007	0.809521	0.772637	0.738167	0.788734	0.798142	0.806309	0.709859	0.738941	0.804265	0.806913	0.771912	0.803536	0.816355	0.820295	0.77423	0.814023	0.745069	0.708779	0.832555	0.789071	0.752947	0.791333	0.753758	0.780049	0.762456	0.816404	0.792969	0.764669	0.809536	0.803073	0.778499	0.796127	0.810276	0.771914	0.762313	0.756178	0.754639	0.778409	0.783022	0.754024	0.743727	0.782225	0.797502	0.832555	0.832555	0.78712	0.734517	0.807873	0.815521	0.805034	0.77733	0.749192	0.821376	0.810497	0.774467	0.766669	0.80123
vaginal_34	0.764359	0.775322	0.796838	0.803875	0.792919	0.73775	0.832555	0.669525	0.780592	0.772508	0.748131	0.787276	0.76097	0.736987	0.801608	0.790446	0.728665	0.754963	0.760875	0.811062	0.726332	0.817748	0.760622	0.799869	0.748417	0.774186	0.684904	0.763222	0.762334	0.832555	0.799856	0.76649	0.779472	0	0.802863	0.740327	0.795675	0.786375	0.729971	0.807112	0.698827	0.758777	0.735243	0.732604	0.750031	0.760377	0.7524	0.804657	0.760247	0.761375	0.728404	0.757714	0.755706	0.681	0.768794	0.773727	0.74729	0.770782	0.817913	0.760361	0.7365	0.813314	0.77784	0.756667	0.763938	0.750042	0.821425	0.760475	0.77735	0.710491	0.716006	0.751813	0.796526	0.797117	0.780718	0.742225	0.76644	0.721398	0.783938	0.798907	0.690045	0.781273	0.74687	0.777826	0.745128	0.754656	0.802155	0.832555	0.769478	0.745115	0.813567	0.743335	0.767274	0.793148	0.789488	0.74391	0.722351	0.77452	0.759218	0.825564
vaginal_35	0.776104	0.784653	0.77596	0.785061	0.801874	0.767582	0.780085	0.74013	0.743299	0.701965	0.775085	0.818245	0.745072	0.765191	0.79033	0.802253	0.802319	0.819962	0.721468	0.743711	0.778481	0.797032	0.683363	0.766734	0.786689	0.708396	0.774305	0.767759	0.772538	0.760371	0.766527	0.762616	0.803884	0.802863	0	0.803828	0.814061	0.738578	0.766703	0.759002	0.754621	0.785221	0.800177	0.753845	0.726806	0.777268	0.743881	0.745412	0.741189	0.762578	0.797423	0.730913	0.774104	0.796942	0.72697	0.800397	0.807397	0.816299	0.762496	0.795352	0.752857	0.823401	0.764371	0.694553	0.806586	0.783631	0.744828	0.764709	0.713833	0.793446	0.73578	0.74791	0.787296	0.655034	0.760248	0.751503	0.741141	0.804382	0.778593	0.76093	0.829972	0.751767	0.736357	0.80113	0.764844	0.769895	0.782138	0.798446	0.731188	0.761553	0.792939	0.811446	0.817187	0.752123	0.752862	0.792774	0.764142	0.789541	0.719985	0.774064
vaginal_36	0.760484	0.790344	0.799173	0.768469	0.748807	0.76346	0.78602	0.74037	0.779593	0.739618	0.764137	0.778819	0.74642	0.802803	0.774373	0.753335	0.796475	0.799108	0.792754	0.80072	0.805833	0.811279	0.760421	0.736024	0.801658	0.787501	0.694961	0.76208	0.796737	0.821577	0.799011	0.775263	0.786594	0.740327	0.803828	0	0.821578	0.69327	0.744952	0.814934	0.753251	0.735597	0.705131	0.80956	0.750506	0.745236	0.76131	0.806609	0.733323	0.789727	0.790631	0.759181	0.815226	0.771323	0.802193	0.821212	0.780045	0.799782	0.783436	0.753819	0.743224	0.806642	0.738154	0.760604	0.74833	0.768126	0.787159	0.768764	0.765078	0.753466	0.697353	0.715591	0.808221	0.752474	0.755578	0.735203	0.753513	0.757435	0.775816	0.789681	0.754032	0.738631	0.763719	0.705966	0.756404	0.742255	0.79042	0.786226	0.796207	0.76374	0.807833	0.801927	0.787279	0.758512	0.747623	0.794366	0.743934	0.75433	0.734089	0.764966
vaginal_37	0.789645	0.780604	0.697607	0.816634	0.819669	0.792348	0.818761	0.792843	0.79423	0.822637	0.785079	0.822273	0.806944	0.802031	0.79317	0.770778	0.782916	0.68487	0.802308	0.773236	0.819828	0.832555	0.78461	0.804923	0.763104	0.803207	0.815103	0.757513	0.773829	0.77072	0.806029	0.813843	0.76932	0.795675	0.814061	0.821578	0	0.790694	0.771936	0.812975	0.782155	0.735248	0.78251	0.800283	0.79062	0.780743	0.792472	0.752141	0.807308	0.778333	0.753562	0.780397	0.81769	0.808946	0.798949	0.832555	0.80166	0.816163	0.82363	0.690188	0.79311	0.700927	0.824803	0.781067	0.832555	0.787293	0.725107	0.818302	0.819277	0.810566	0.808958	0.770761	0.737912	0.754517	0.812965	0.795721	0.799725	0.805035	0.818278	0.79206	0.808429	0.741537	0.773316	0.821348	0.802249	0.800108	0.824684	0.832555	0.743893	0.798879	0.735447	0.814854	0.832555	0.815763	0.808514	0.817042	0.780403	0.819668	0.793869	0.781898
vaginal_38	0.793037	0.796993	0.788477	0.815634	0.807641	0.759069	0.741129	0.682063	0.757089	0.74235	0.794448	0.705811	0.711518	0.766727	0.722564	0.748585	0.798972	0.781502	0.748538	0.781243	0.767829	0.752112	0.739256	0.807818	0.765577	0.730036	0.745601	0.767184	0.761451	0.769704	0.742641	0.76882	0.727182	0.786375	0.738578	0.69327	0.790694	0	0.71785	0.807388	0.729078	0.76469	0.784339	0.788019	0.714445	0.721286	0.778364	0.811763	0.687931	0.728692	0.804506	0.737294	0.798269	0.74652	0.776995	0.754503	0.786324	0.798924	0.722634	0.775822	0.753668	0.830055	0.7754	0.71039	0.738709	0.739326	0.760948	0.762756	0.745116	0.756375	0.790165	0.764254	0.801103	0.740658	0.741909	0.77772	0.740549	0.754278	0.7515	0.782978	0.820681	0.744286	0.739795	0.72705	0.73003	0.751986	0.768521	0.806872	0.712236	0.756942	0.795195	0.749925	0.788608	0.748009	0.731398	0.773096	0.746433	0.750198	0.768776	0.795006
vaginal_39	0.797688	0.736562	0.789764	0.817638	0.806056	0.742577	0.781258	0.730704	0.719312	0.763642	0.760036	0.758303	0.786083	0.804408	0.776113	0.746982	0.758568	0.794856	0.764335	0.775691	0.735984	0.787658	0.774744	0.800073	0.764075	0.753566	0.782543	0.728103	0.715063	0.793793	0.805006	0.741045	0.763113	0.729971	0.766703	0.744952	0.771936	0.71785	0	0.754465	0.747159	0.776161	0.73819	0.75676	0.739091	0.7613	0.758429	0.739386	0.73287	0.758758	0.773315	0.7364	0.800424	0.753409	0.830871	0.749427	0.778302	0.774585	0.79662	0.728392	0.756537	0.826098	0.782907	0.803143	0.780427	0.728052	0.728423	0.760672	0.745975	0.729884	0.725482	0.775181	0.779835	0.752438	0.718776	0.765806	0.76123	0.722797	0.748147	0.75462	0.761048	0.740418	0.723428	0.731521	0.752031	0.633165	0.79092	0.816422	0.76236	0.691489	0.793759	0.826843	0.78225	0.766021	0.739042	0.817977	0.770164	0.771238	0.735779	0.819352
vaginal_40	0.832555	0.817004	0.811931	0.801921	0.793152	0.801934	0.794546	0.799621	0.7103	0.80404	0.756369	0.823228	0.796882	0.832555	0.800904	0.720469	0.828026	0.832555	0.826336	0.770381	0.789713	0.832555	0.774625	0.819792	0.76034	0.798071	0.786129	0.781905	0.791993	0.832555	0.824054	0.784773	0.797659	0.807112	0.759002	0.814934	0.812975	0.807388	0.754465	0	0.792014	0.80955	0.70468	0.816692	0.814375	0.820593	0.793891	0.776925	0.784828	0.794593	0.803129	0.769371	0.795396	0.804866	0.802819	0.832555	0.817008	0.743986	0.813542	0.795826	0.76858	0.815189	0.795094	0.759335	0.832555	0.756286	0.770182	0.771852	0.774449	0.787892	0.793637	0.798425	0.828527	0.760503	0.746552	0.804752	0.788194	0.809485	0.791451	0.74742	0.815353	0.674595	0.805245	0.785172	0.790245	0.745755	0.782811	0.817592	0.801146	0.728124	0.823958	0.819343	0.779891	0.799106	0.801784	0.791989	0.80948	0.768068	0.797635	0.782822
vaginal_41	0.792521	0.792213	0.750364	0.766557	0.767935	0.731375	0.768531	0.726229	0.737911	0.792744	0.792633	0.77513	0.797258	0.730005	0.723799	0.771352	0.750915	0.776945	0.734037	0.767446	0.751432	0.801077	0.773981	0.775019	0.758741	0.72978	0.736509	0.739325	0.736338	0.741638	0.784957	0.71672	0.769611	0.698827	0.754621	0.753251	0.782155	0.729078	0.747159	0.792014	0	0.775589	0.731248	0.705543	0.716322	0.74286	0.742314	0.741376	0.692915	0.808524	0.75213	0.692128	0.735379	0.7546	0.759922	0.74147	0.728405	0.729899	0.81917	0.69638	0.772331	0.768467	0.759267	0.73431	0.737121	0.709082	0.751962	0.69884	0.74478	0.737367	0.734412	0.794297	0.79992	0.777078	0.760412	0.71354	0.720664	0.728107	0.716754	0.756713	0.759835	0.747058	0.714187	0.736958	0.77926	0.688722	0.80426	0.758536	0.735396	0.717575	0.766011	0.790042	0.777667	0.771347	0.770781	0.734267	0.739994	0.710438	0.754964	0.757857
vaginal_42	0.827793	0.810239	0.792145	0.698053	0.823296	0.769078	0.808985	0.744824	0.777221	0.735372	0.820176	0.805746	0.75848	0.756475	0.787612	0.788012	0.785308	0.789922	0.806428	0.741899	0.791645	0.807108	0.70696	0.832555	0.764132	0.791311	0.802952	0.771812	0.733088	0.775284	0.832555	0.768433	0.745489	0.758777	0.785221	0.735597	0.735248	0.76469	0.776161	0.80955	0.775589	0	0.743884	0.776047	0.782995	0.786941	0.753742	0.806253	0.790659	0.790206	0.794225	0.787098	0.793724	0.778855	0.798731	0.81624	0.804617	0.77574	0.81692	0.761426	0.775878	0.784537	0.795089	0.774182	0.802503	0.774262	0.764962	0.711949	0.794725	0.734618	0.76895	0.785853	0.794752	0.820066	0.79533	0.808675	0.801564	0.804848	0.810454	0.803098	0.80951	0.763415	0.751795	0.757542	0.747267	0.806921	0.805202	0.788289	0.767095	0.757539	0.807102	0.77107	0.789101	0.770052	0.785068	0.742763	0.767333	0.821415	0.788488	0.801658
vaginal_43	0.787959	0.769447	0.748682	0.789865	0.746457	0.785778	0.805124	0.721487	0.772883	0.749161	0.735373	0.786058	0.756361	0.774692	0.784412	0.634572	0.788828	0.815701	0.799886	0.755539	0.776874	0.826295	0.715856	0.783976	0.795787	0.770501	0.748233	0.683199	0.776701	0.777756	0.807118	0.717174	0.745007	0.735243	0.800177	0.705131	0.78251	0.784339	0.73819	0.70468	0.731248	0.743884	0	0.697995	0.760029	0.74731	0.740129	0.793179	0.720079	0.786907	0.771843	0.723447	0.755913	0.710529	0.767508	0.784204	0.81009	0.744582	0.799289	0.766263	0.740803	0.814736	0.790995	0.747332	0.809646	0.686222	0.780566	0.738548	0.780559	0.751907	0.673651	0.794246	0.797185	0.703788	0.708257	0.731635	0.751033	0.752775	0.686552	0.728992	0.788166	0.700256	0.715836	0.727978	0.774035	0.690522	0.783596	0.798889	0.795487	0.720767	0.82551	0.767673	0.7454	0.732556	0.72877	0.738379	0.725376	0.763323	0.758773	0.741522
