SampleID	building_1	building_2	building_3	building_4	building_5	building_6	building_7	building_8	building_9	building_10	building_11	building_12	building_13	building_14	building_15	building_16	building_17	building_18	building_19	building_20	building_21	building_22	building_23	building_24	building_25	building_26	building_27	building_28	building_29	building_30	building_31	building_32	building_33	building_34	building_35	building_36	building_37	building_38	building_39	building_40	building_41	building_42	building_43	building_44	building_45	building_46	building_47	building_48	building_49	building_50	building_51	building_52	building_53	building_54	building_55	building_56	building_57	building_58	building_59	building_60	building_61	building_62	building_63	building_64	building_65	building_66	building_67	building_68	building_69	building_70	building_71	building_72	building_73	building_74	building_75	building_76	building_77	building_78	building_79	building_80	building_81	building_82	building_83	building_84	building_85	building_86	building_87	building_88	building_89	building_90	building_91	building_92	building_93	building_94	building_95	building_96	building_97	building_98	building_99	building_100
building_1	0	0.622995	0.619698	0.665152	0.655782	0.619792	0.609206	0.594579	0.637848	0.639955	0.695755	0.602016	0.644337	0.689655	0.635346	0.644104	0.674634	0.653054	0.654802	0.595241	0.641547	0.631342	0.666542	0.674974	0.59406	0.607871	0.630312	0.675799	0.64845	0.6078	0.663788	0.632444	0.712201	0.682316	0.59564	0.6867	0.684094	0.662777	0.717047	0.637931	0.606613	0.642333	0.661643	0.677735	0.661122	0.64995	0.619698	0.672151	0.649109	0.656189	0.658245	0.63572	0.633631	0.681313	0.696518	0.63106	0.639635	0.697032	0.639486	0.640891	0.636171	0.668449	0.654124	0.631009	0.652262	0.695006	0.624244	0.620203	0.678111	0.607579	0.648349	0.639831	0.703315	0.656337	0.677502	0.677873	0.582032	0.617921	0.638687	0.68631	0.61181	0.607793	0.635611	0.664215	0.655335	0.618964	0.646129	0.631484	0.627094	0.603802	0.651804	0.638232	0.617343	0.679486	0.587956	0.632571	0.629687	0.63821	0.651088	0.662093
building_2	0.622995	0	0.635309	0.693025	0.640775	0.626776	0.647385	0.603372	0.652399	0.621527	0.686001	0.667062	0.633857	0.689864	0.606062	0.610909	0.683984	0.648487	0.626574	0.608728	0.623094	0.602937	0.65102	0.649296	0.618275	0.605995	0.653203	0.642092	0.677211	0.63892	0.630139	0.63576	0.66097	0.678113	0.623858	0.707255	0.687658	0.701364	0.677305	0.622025	0.604466	0.660521	0.659041	0.661971	0.639106	0.66828	0.59962	0.680168	0.594758	0.654269	0.612294	0.620302	0.60349	0.680503	0.72385	0.614682	0.647772	0.66559	0.592121	0.672555	0.613672	0.647608	0.660275	0.601726	0.651566	0.711202	0.605903	0.63584	0.655635	0.624248	0.630011	0.639011	0.65875	0.627194	0.663936	0.686109	0.610803	0.6872	0.660887	0.659353	0.585116	0.603672	0.663503	0.617645	0.655716	0.591829	0.643726	0.619259	0.620945	0.594213	0.668437	0.687469	0.575182	0.673069	0.639034	0.655998	0.631522	0.620501	0.612955	0.609173
building_3	0.619698	0.635309	0	0.693536	0.681824	0.638684	0.684272	0.628551	0.670135	0.691714	0.702679	0.62797	0.665198	0.715833	0.628889	0.60415	0.729468	0.727109	0.649206	0.611826	0.682051	0.663623	0.664017	0.698997	0.653221	0.643958	0.696671	0.68771	0.700104	0.631117	0.669802	0.629736	0.67544	0.700484	0.606247	0.699448	0.699667	0.696005	0.716621	0.651133	0.655915	0.678829	0.671596	0.658998	0.624359	0.691842	0.650565	0.702839	0.642984	0.664244	0.654352	0.688769	0.624127	0.696821	0.705531	0.62506	0.63631	0.656557	0.667657	0.686452	0.658612	0.66524	0.67816	0.680043	0.693412	0.703257	0.67468	0.692149	0.655785	0.676616	0.650621	0.657182	0.693462	0.629246	0.661275	0.69305	0.651376	0.634803	0.653482	0.693981	0.646923	0.62892	0.714525	0.675109	0.671583	0.633825	0.695678	0.634843	0.599361	0.64655	0.669316	0.676884	0.667428	0.728568	0.627066	0.646328	0.655585	0.670633	0.610429	0.667846
building_4	0.665152	0.693025	0.693536	0	0.662637	0.677382	0.670812	0.675923	0.684701	0.654322	0.692258	0.649544	0.670982	0.783582	0.653874	0.665484	0.720662	0.654447	0.635445	0.667318	0.716725	0.64496	0.721708	0.72737	0.680325	0.69034	0.687864	0.696942	0.675738	0.702711	0.657674	0.69725	0.672241	0.684037	0.648462	0.697808	0.691669	0.689174	0.721102	0.706074	0.667735	0.701074	0.652721	0.67519	0.694426	0.715251	0.695994	0.636696	0.670613	0.729563	0.646066	0.653409	0.645485	0.728729	0.735149	0.677646	0.679534	0.7186	0.67671	0.676664	0.666759	0.690405	0.703057	0.642584	0.665302	0.726191	0.647509	0.67548	0.714635	0.694161	0.663092	0.685247	0.767112	0.662332	0.716483	0.725334	0.717623	0.712307	0.673854	0.692381	0.652588	0.666486	0.712963	0.673297	0.741483	0.654101	0.73482	0.703981	0.697339	0.695369	0.688271	0.684747	0.705602	0.739061	0.617906	0.678682	0.672292	0.685811	0.67571	0.659763
building_5	0.655782	0.640775	0.681824	0.662637	0	0.674477	0.642817	0.613042	0.707788	0.677621	0.737853	0.664989	0.663951	0.729399	0.679621	0.66725	0.688239	0.70164	0.691978	0.683554	0.68418	0.671129	0.716429	0.694466	0.660775	0.635884	0.663747	0.695231	0.69432	0.705665	0.704132	0.675779	0.710102	0.668199	0.619984	0.715035	0.677754	0.740412	0.728548	0.672662	0.691357	0.719261	0.654735	0.669421	0.69534	0.735225	0.691642	0.728578	0.670858	0.701793	0.662713	0.67365	0.66583	0.741929	0.734392	0.678343	0.670839	0.718146	0.659769	0.72331	0.646939	0.680096	0.672055	0.660653	0.66072	0.728684	0.671141	0.605022	0.711606	0.677337	0.681201	0.678032	0.741839	0.678036	0.723234	0.668192	0.676206	0.658863	0.68613	0.725083	0.663941	0.647727	0.664538	0.660276	0.712916	0.658558	0.665397	0.681919	0.696225	0.63577	0.702539	0.674576	0.705434	0.732983	0.668222	0.652924	0.681353	0.675014	0.631784	0.681895
building_6	0.619792	0.626776	0.638684	0.677382	0.674477	0	0.575106	0.648176	0.641511	0.633164	0.663445	0.624431	0.577172	0.69395	0.613993	0.608007	0.655614	0.637995	0.64599	0.555997	0.665721	0.618061	0.647376	0.682984	0.624584	0.606893	0.605525	0.673763	0.667457	0.607087	0.659889	0.628412	0.638102	0.643921	0.597978	0.667329	0.668625	0.641447	0.646455	0.600654	0.58671	0.648936	0.638252	0.615204	0.655574	0.618338	0.611158	0.681045	0.617393	0.658626	0.638311	0.650135	0.600799	0.661054	0.632326	0.587938	0.62222	0.649228	0.646595	0.645771	0.616243	0.588193	0.626191	0.581966	0.61512	0.659429	0.582344	0.612437	0.645936	0.600292	0.580931	0.627366	0.711911	0.631371	0.625787	0.642562	0.590098	0.621335	0.637929	0.686036	0.644248	0.616297	0.651206	0.655216	0.611526	0.578488	0.61074	0.613407	0.63877	0.590057	0.626054	0.643588	0.630912	0.666492	0.605832	0.662838	0.603628	0.603618	0.606164	0.630615
building_7	0.609206	0.647385	0.684272	0.670812	0.642817	0.575106	0	0.573588	0.643181	0.643684	0.703881	0.623085	0.623104	0.682022	0.609999	0.629665	0.665852	0.670547	0.624594	0.624621	0.685038	0.635533	0.638033	0.689957	0.612395	0.625129	0.604972	0.677359	0.639711	0.588921	0.668857	0.604024	0.675048	0.580059	0.607272	0.648063	0.675282	0.672674	0.696803	0.676221	0.574759	0.669197	0.631382	0.626172	0.665321	0.632623	0.604799	0.668441	0.644425	0.672082	0.643386	0.649287	0.58446	0.678904	0.691681	0.609821	0.651547	0.663365	0.666358	0.68155	0.628853	0.655647	0.643244	0.598761	0.641822	0.656171	0.633565	0.641796	0.682942	0.622072	0.63634	0.6147	0.668397	0.667901	0.625953	0.674564	0.606219	0.612763	0.647494	0.708569	0.635846	0.561478	0.664491	0.640885	0.683502	0.586013	0.612512	0.648431	0.640507	0.630569	0.65796	0.606095	0.616317	0.673409	0.602159	0.641066	0.592824	0.614822	0.645897	0.638926
building_8	0.594579	0.603372	0.628551	0.675923	0.613042	0.648176	0.573588	0	0.638261	0.619233	0.701123	0.595115	0.591443	0.672483	0.622498	0.625901	0.676517	0.653864	0.611383	0.577086	0.652865	0.596739	0.669055	0.648967	0.589638	0.608069	0.601916	0.648497	0.673941	0.624189	0.621112	0.630749	0.682477	0.65007	0.569844	0.667478	0.581249	0.667946	0.635471	0.650827	0.567936	0.616024	0.626418	0.607869	0.633429	0.654897	0.620419	0.676667	0.648799	0.642276	0.641929	0.607637	0.551048	0.695784	0.68999	0.580285	0.688909	0.66257	0.658939	0.678761	0.641395	0.638027	0.579014	0.592205	0.632537	0.629394	0.597605	0.592485	0.615242	0.561906	0.627439	0.615542	0.683439	0.629149	0.659402	0.664108	0.611579	0.629837	0.639297	0.659487	0.612197	0.572636	0.657744	0.642125	0.634231	0.620851	0.619927	0.629538	0.627568	0.594723	0.631908	0.615183	0.631913	0.66632	0.591194	0.62215	0.600138	0.653764	0.609758	0.596014
building_9	0.637848	0.652399	0.670135	0.684701	0.707788	0.641511	0.643181	0.638261	0	0.653273	0.678079	0.616508	0.657439	0.691009	0.621405	0.615649	0.680218	0.690735	0.633153	0.640632	0.700008	0.657906	0.67101	0.664245	0.643593	0.644364	0.625961	0.685568	0.664904	0.609745	0.675803	0.666163	0.699672	0.665873	0.653356	0.702145	0.726305	0.674352	0.687022	0.661811	0.609544	0.693759	0.668799	0.640282	0.673746	0.713321	0.608075	0.660407	0.640862	0.681928	0.644422	0.647736	0.62983	0.716649	0.697288	0.627204	0.649727	0.662442	0.626782	0.663538	0.678159	0.64914	0.618791	0.63187	0.656612	0.692717	0.634664	0.679147	0.678303	0.630419	0.642703	0.643958	0.722135	0.664102	0.635732	0.593582	0.605878	0.639241	0.674694	0.684804	0.640217	0.602457	0.663384	0.697971	0.688366	0.633647	0.687728	0.639605	0.627239	0.656447	0.646802	0.672964	0.673004	0.701053	0.633417	0.653691	0.640899	0.671617	0.624141	0.65724
building_10	0.639955	0.621527	0.691714	0.654322	0.677621	0.633164	0.643684	0.619233	0.653273	0	0.696636	0.63856	0.644078	0.707337	0.622961	0.627663	0.712435	0.640386	0.587099	0.628246	0.668876	0.610422	0.685391	0.64607	0.634012	0.608044	0.647044	0.669402	0.659062	0.639621	0.672951	0.644053	0.686576	0.703986	0.606909	0.681639	0.659158	0.684752	0.693512	0.626766	0.625221	0.705873	0.638088	0.661731	0.647682	0.691117	0.636853	0.67217	0.640854	0.689823	0.671255	0.647592	0.635449	0.697718	0.706463	0.632316	0.659746	0.668628	0.687186	0.65615	0.682806	0.644273	0.637501	0.623582	0.642973	0.69921	0.66922	0.611121	0.70789	0.617834	0.637389	0.667122	0.697677	0.631155	0.673241	0.65423	0.647789	0.685536	0.674734	0.676658	0.661531	0.631898	0.683941	0.650548	0.685261	0.613596	0.682278	0.668077	0.680052	0.613443	0.66362	0.634456	0.663067	0.731632	0.664084	0.665311	0.604841	0.647785	0.656681	0.669356
building_11	0.695755	0.686001	0.702679	0.692258	0.737853	0.663445	0.703881	0.701123	0.678079	0.696636	0	0.661785	0.682842	0.734552	0.644481	0.676566	0.675531	0.696556	0.664233	0.68101	0.687124	0.658227	0.698431	0.66544	0.687741	0.670386	0.71223	0.713471	0.684933	0.669257	0.648961	0.6895	0.701012	0.675053	0.68571	0.751159	0.745198	0.677478	0.712541	0.641346	0.639994	0.706618	0.67659	0.679735	0.665924	0.69915	0.700723	0.675587	0.685437	0.732348	0.648202	0.682653	0.652196	0.739409	0.700286	0.663832	0.717479	0.721547	0.634867	0.697709	0.686979	0.64782	0.707342	0.647143	0.633005	0.712129	0.676593	0.678015	0.703143	0.683799	0.642433	0.694423	0.704896	0.657783	0.678318	0.693082	0.700845	0.664279	0.709425	0.735524	0.696082	0.699015	0.692433	0.71079	0.687883	0.669155	0.704585	0.677899	0.71654	0.666089	0.636163	0.681389	0.682985	0.701918	0.661316	0.693841	0.682792	0.655904	0.676279	0.683755
building_12	0.602016	0.667062	0.62797	0.649544	0.664989	0.624431	0.623085	0.595115	0.616508	0.63856	0.661785	0	0.616326	0.66329	0.60479	0.613321	0.666774	0.657349	0.609753	0.629196	0.66638	0.632822	0.639255	0.653504	0.649883	0.622465	0.654513	0.643765	0.650927	0.595245	0.643173	0.625611	0.678599	0.656809	0.614275	0.694903	0.649818	0.632237	0.713525	0.634213	0.606734	0.617421	0.607068	0.632724	0.651737	0.675001	0.610453	0.671199	0.616288	0.647357	0.635623	0.645229	0.605584	0.722623	0.648738	0.591626	0.640056	0.642395	0.656561	0.63917	0.597151	0.661627	0.637769	0.612302	0.643911	0.624453	0.587129	0.634506	0.68764	0.591702	0.632309	0.618407	0.697165	0.611071	0.596919	0.66072	0.627167	0.650213	0.691773	0.689581	0.637088	0.609395	0.642938	0.639349	0.642171	0.598995	0.637565	0.635224	0.617442	0.641879	0.648791	0.625069	0.647523	0.657867	0.638123	0.636006	0.594802	0.624565	0.606092	0.643302
building_13	0.644337	0.633857	0.665198	0.670982	0.663951	0.577172	0.623104	0.591443	0.657439	0.644078	0.682842	0.616326	0	0.741656	0.605154	0.614349	0.656576	0.667889	0.638152	0.629436	0.649661	0.634815	0.617906	0.622925	0.619098	0.611338	0.628477	0.636642	0.665726	0.682464	0.624841	0.647687	0.663368	0.656406	0.584666	0.680335	0.688811	0.648594	0.644553	0.629681	0.563925	0.663091	0.649014	0.648047	0.632793	0.672519	0.615252	0.631242	0.620769	0.64421	0.672204	0.647281	0.609744	0.705592	0.675238	0.605105	0.668819	0.65397	0.685648	0.638418	0.62571	0.632219	0.6257	0.581697	0.592712	0.639846	0.607865	0.5745	0.621575	0.6212	0.571741	0.5959	0.690731	0.58934	0.64627	0.669167	0.593014	0.641516	0.654016	0.666302	0.618093	0.643417	0.634215	0.702247	0.632547	0.598402	0.658336	0.62624	0.622282	0.615345	0.6238	0.643708	0.62181	0.657088	0.601296	0.649393	0.600223	0.611705	0.615069	0.664376
building_14	0.689655	0.689864	0.715833	0.783582	0.729399	0.69395	0.682022	0.672483	0.691009	0.707337	0.734552	0.66329	0.741656	0	0.671587	0.670755	0.692326	0.741543	0.719971	0.674536	0.717087	0.682329	0.726663	0.738058	0.714435	0.647834	0.702915	0.731164	0.71049	0.652004	0.697386	0.695407	0.719145	0.703136	0.699307	0.725257	0.767312	0.742317	0.736719	0.671129	0.672125	0.709909	0.741875	0.708611	0.736467	0.72385	0.682537	0.736232	0.693755	0.687444	0.710121	0.72893	0.66922	0.713474	0.698629	0.650482	0.716335	0.722432	0.689243	0.737295	0.697543	0.729568	0.688486	0.66361	0.734329	0.705433	0.640917	0.696675	0.729628	0.684834	0.703207	0.704311	0.734643	0.722225	0.688769	0.720939	0.68396	0.669612	0.724761	0.748093	0.704268	0.638295	0.727751	0.716599	0.717027	0.694545	0.706388	0.694758	0.660901	0.710323	0.722279	0.722335	0.683491	0.735811	0.691147	0.691364	0.65109	0.722438	0.718213	0.693544
building_15	0.635346	0.606062	0.628889	0.653874	0.679621	0.613993	0.609999	0.622498	0.621405	0.622961	0.644481	0.60479	0.605154	0.671587	0	0.605425	0.674431	0.62201	0.604711	0.577145	0.651191	0.6154	0.618198	0.636202	0.633884	0.609285	0.588721	0.642906	0.691411	0.625185	0.590014	0.64352	0.659297	0.649087	0.581764	0.646348	0.688006	0.627201	0.632242	0.594211	0.590045	0.647945	0.60693	0.622941	0.631612	0.644584	0.627294	0.664996	0.587626	0.598487	0.614989	0.611752	0.584802	0.691342	0.663339	0.608725	0.653551	0.649649	0.594528	0.657343	0.594401	0.622353	0.65055	0.605498	0.583966	0.652652	0.622741	0.617952	0.614901	0.589759	0.595018	0.623936	0.669738	0.620512	0.607714	0.652211	0.600297	0.635827	0.611535	0.683892	0.60762	0.615518	0.653902	0.654453	0.596117	0.57996	0.691913	0.565994	0.642239	0.600045	0.650739	0.61019	0.617638	0.640163	0.598653	0.606088	0.6111	0.642528	0.62524	0.625819
building_16	0.644104	0.610909	0.60415	0.665484	0.66725	0.608007	0.629665	0.625901	0.615649	0.627663	0.676566	0.613321	0.614349	0.670755	0.605425	0	0.705102	0.63298	0.631131	0.586604	0.642753	0.629633	0.633098	0.641285	0.638683	0.629588	0.62729	0.652725	0.675609	0.593147	0.649939	0.642228	0.695761	0.640276	0.564338	0.664913	0.668033	0.654755	0.654304	0.604896	0.598213	0.644187	0.639309	0.624818	0.64713	0.6406	0.594092	0.636732	0.638062	0.625516	0.564631	0.612091	0.576992	0.694372	0.639705	0.575756	0.655496	0.639136	0.601033	0.646601	0.627569	0.599243	0.670526	0.589685	0.630666	0.713179	0.594002	0.659039	0.651366	0.569879	0.61072	0.623126	0.689197	0.624745	0.595624	0.65744	0.593773	0.626519	0.627333	0.716291	0.618721	0.60077	0.681718	0.621468	0.631649	0.591042	0.623233	0.625109	0.659498	0.62201	0.650925	0.609276	0.624388	0.699582	0.60644	0.622608	0.570743	0.629671	0.606185	0.640301
building_17	0.674634	0.683984	0.729468	0.720662	0.688239	0.655614	0.665852	0.676517	0.680218	0.712435	0.675531	0.666774	0.656576	0.692326	0.674431	0.705102	0	0.723966	0.684117	0.671746	0.688718	0.654581	0.715415	0.725284	0.656915	0.641809	0.664347	0.702632	0.627587	0.670276	0.688202	0.690505	0.753468	0.715832	0.63932	0.72702	0.732548	0.722893	0.740592	0.671441	0.63242	0.732685	0.719147	0.689202	0.682761	0.712063	0.68955	0.733681	0.667748	0.712428	0.665671	0.680216	0.674994	0.749333	0.651097	0.717441	0.696377	0.730916	0.669385	0.679901	0.692707	0.674674	0.68151	0.661139	0.687738	0.733603	0.681866	0.68382	0.720937	0.693787	0.669607	0.694173	0.71304	0.668395	0.706016	0.722207	0.650918	0.723741	0.696381	0.718051	0.697486	0.668148	0.689547	0.710312	0.755651	0.658148	0.653501	0.681312	0.70405	0.687315	0.671357	0.636827	0.692297	0.695068	0.709814	0.664563	0.663572	0.676841	0.653976	0.705332
building_18	0.653054	0.648487	0.727109	0.654447	0.70164	0.637995	0.670547	0.653864	0.690735	0.640386	0.696556	0.657349	0.667889	0.741543	0.62201	0.63298	0.723966	0	0.656059	0.67933	0.708106	0.678982	0.682772	0.69222	0.697218	0.652044	0.671256	0.688107	0.686453	0.634617	0.669664	0.700321	0.71931	0.707885	0.649482	0.692652	0.701195	0.680218	0.685712	0.653384	0.624454	0.685034	0.717553	0.67201	0.692999	0.704692	0.69022	0.612451	0.673686	0.684928	0.66103	0.63909	0.660329	0.706632	0.720651	0.6513	0.701411	0.670728	0.652362	0.709268	0.658149	0.632664	0.7002	0.668324	0.612245	0.728031	0.633591	0.659839	0.697913	0.645995	0.627154	0.677821	0.708432	0.671731	0.643537	0.666747	0.65706	0.677527	0.721573	0.731365	0.668963	0.655718	0.707112	0.690659	0.706853	0.660405	0.728299	0.628686	0.687887	0.65778	0.654954	0.683224	0.66524	0.705237	0.658463	0.683125	0.662247	0.673748	0.675421	0.670083
building_19	0.654802	0.626574	0.649206	0.635445	0.691978	0.64599	0.624594	0.611383	0.633153	0.587099	0.664233	0.609753	0.638152	0.719971	0.604711	0.631131	0.684117	0.656059	0	0.632264	0.638567	0.616208	0.668089	0.648328	0.644286	0.577709	0.634448	0.662387	0.630326	0.644358	0.646732	0.638368	0.643473	0.636244	0.621577	0.670568	0.672879	0.647023	0.659334	0.66885	0.620248	0.654177	0.640247	0.65125	0.638531	0.678957	0.654222	0.637262	0.626045	0.646457	0.58767	0.621858	0.626955	0.681356	0.671169	0.612108	0.710285	0.656804	0.627297	0.63414	0.678492	0.63887	0.65053	0.644288	0.62306	0.685025	0.597084	0.631918	0.690104	0.627862	0.637486	0.627306	0.641904	0.635765	0.691193	0.694341	0.658071	0.641185	0.635628	0.615122	0.65864	0.590866	0.675165	0.640361	0.647512	0.634418	0.638781	0.617273	0.67365	0.601279	0.640407	0.631961	0.676779	0.71026	0.594201	0.673475	0.593788	0.65064	0.612812	0.604415
building_20	0.595241	0.608728	0.611826	0.667318	0.683554	0.555997	0.624621	0.577086	0.640632	0.628246	0.68101	0.629196	0.629436	0.674536	0.577145	0.586604	0.671746	0.67933	0.632264	0	0.633049	0.614171	0.644083	0.658464	0.5889	0.640465	0.618883	0.664569	0.673772	0.606343	0.623068	0.608615	0.646278	0.656686	0.610445	0.633547	0.685941	0.642211	0.663785	0.649341	0.586772	0.623896	0.661799	0.639381	0.649598	0.638634	0.593774	0.665701	0.589066	0.620883	0.621885	0.593587	0.591567	0.685177	0.640563	0.610728	0.625099	0.651165	0.589459	0.66326	0.60572	0.670183	0.638263	0.614967	0.62915	0.62009	0.625206	0.587555	0.653053	0.578494	0.620234	0.614913	0.660034	0.655303	0.636088	0.669567	0.617783	0.601703	0.642025	0.677552	0.632624	0.593979	0.685855	0.631651	0.621272	0.584354	0.639694	0.591455	0.606412	0.62349	0.638849	0.602527	0.626814	0.688211	0.577606	0.651667	0.609883	0.661107	0.635649	0.642222
building_21	0.641547	0.623094	0.682051	0.716725	0.68418	0.665721	0.685038	0.652865	0.700008	0.668876	0.687124	0.66638	0.649661	0.717087	0.651191	0.642753	0.688718	0.708106	0.638567	0.633049	0	0.62855	0.621525	0.667292	0.704389	0.642287	0.685344	0.677589	0.707398	0.6718	0.6666	0.685141	0.704818	0.682285	0.631596	0.740654	0.689158	0.708883	0.720326	0.653168	0.649502	0.679066	0.668546	0.656663	0.643729	0.70095	0.660268	0.735983	0.67059	0.678258	0.667629	0.699072	0.638098	0.699081	0.675552	0.607148	0.696695	0.654841	0.656955	0.673853	0.666353	0.634317	0.660675	0.644365	0.635024	0.688313	0.647728	0.653337	0.644444	0.620803	0.640238	0.650678	0.695895	0.642254	0.673279	0.697942	0.624844	0.671011	0.628124	0.629147	0.650378	0.682776	0.690869	0.690053	0.652517	0.6222	0.672509	0.640306	0.682805	0.61223	0.650983	0.67323	0.618056	0.726104	0.647958	0.66327	0.662412	0.65853	0.614507	0.643452
building_22	0.631342	0.602937	0.663623	0.64496	0.671129	0.618061	0.635533	0.596739	0.657906	0.610422	0.658227	0.632822	0.634815	0.682329	0.6154	0.629633	0.654581	0.678982	0.616208	0.614171	0.62855	0	0.609822	0.672189	0.641002	0.641955	0.628615	0.69077	0.666246	0.631617	0.636267	0.671882	0.638867	0.65632	0.637288	0.693859	0.680342	0.648451	0.658848	0.652363	0.607607	0.659582	0.639146	0.635083	0.62575	0.609414	0.622781	0.668846	0.63373	0.662586	0.64364	0.645672	0.601763	0.696217	0.66568	0.57616	0.647007	0.642838	0.678467	0.633433	0.66456	0.612127	0.639998	0.593052	0.608474	0.685073	0.614602	0.632173	0.684819	0.637632	0.603822	0.609388	0.700355	0.65386	0.65869	0.659316	0.619801	0.658738	0.587337	0.64308	0.617871	0.603509	0.677742	0.684397	0.661292	0.574855	0.642448	0.621915	0.615695	0.594949	0.663165	0.618685	0.661996	0.649062	0.65713	0.629836	0.631032	0.650651	0.613226	0.662096
building_23	0.666542	0.65102	0.664017	0.721708	0.716429	0.647376	0.638033	0.669055	0.67101	0.685391	0.698431	0.639255	0.617906	0.726663	0.618198	0.633098	0.715415	0.682772	0.668089	0.644083	0.621525	0.609822	0	0.655319	0.666137	0.646545	0.698653	0.685451	0.742526	0.634259	0.635266	0.676757	0.684131	0.656949	0.613314	0.686195	0.703463	0.692448	0.701425	0.66935	0.666749	0.646655	0.669284	0.626909	0.691002	0.697274	0.652602	0.663461	0.657896	0.668901	0.704005	0.689066	0.609612	0.706922	0.668711	0.647691	0.636825	0.682113	0.665339	0.686338	0.632113	0.664818	0.673321	0.630353	0.641655	0.663974	0.641069	0.640831	0.691405	0.670098	0.613527	0.638489	0.687898	0.623452	0.632993	0.673805	0.640758	0.671995	0.655448	0.682113	0.639487	0.600703	0.695704	0.67468	0.670759	0.595336	0.711598	0.605334	0.610593	0.655759	0.633485	0.611442	0.623634	0.664954	0.671727	0.686368	0.620585	0.661653	0.665197	0.681549
building_24	0.674974	0.649296	0.698997	0.72737	0.694466	0.682984	0.689957	0.648967	0.664245	0.64607	0.66544	0.653504	0.622925	0.738058	0.636202	0.641285	0.725284	0.69222	0.648328	0.658464	0.667292	0.672189	0.655319	0	0.66848	0.664052	0.703435	0.649546	0.70137	0.690583	0.659818	0.701262	0.686237	0.653336	0.653232	0.747442	0.669403	0.731842	0.659287	0.650875	0.628572	0.682704	0.69722	0.697876	0.657631	0.682971	0.697434	0.682748	0.682653	0.72634	0.672465	0.676194	0.648325	0.708245	0.73035	0.65573	0.68018	0.689327	0.698241	0.657429	0.675708	0.622347	0.693279	0.629102	0.653092	0.697832	0.678585	0.667638	0.636805	0.690519	0.652227	0.6573	0.690662	0.676692	0.651402	0.639754	0.6669	0.684365	0.660728	0.723839	0.675672	0.652062	0.678879	0.667817	0.706917	0.639929	0.678738	0.625003	0.650998	0.67025	0.713842	0.642958	0.658629	0.725296	0.643947	0.673072	0.653544	0.669546	0.666209	0.679244
building_25	0.59406	0.618275	0.653221	0.680325	0.660775	0.624584	0.612395	0.589638	0.643593	0.634012	0.687741	0.649883	0.619098	0.714435	0.633884	0.638683	0.656915	0.697218	0.644286	0.5889	0.704389	0.641002	0.666137	0.66848	0	0.602556	0.634875	0.66126	0.657329	0.64124	0.678244	0.653107	0.681438	0.66295	0.593618	0.676379	0.666653	0.678012	0.650021	0.664521	0.613704	0.683953	0.642838	0.660459	0.671311	0.69053	0.636898	0.670612	0.658544	0.677968	0.600032	0.658388	0.626458	0.704393	0.677742	0.617247	0.681973	0.689596	0.647443	0.651181	0.645262	0.699259	0.634652	0.628054	0.635709	0.636534	0.652606	0.629414	0.684155	0.664351	0.606505	0.655098	0.680922	0.637039	0.675966	0.71726	0.56661	0.649955	0.655373	0.727089	0.603204	0.588133	0.680924	0.659992	0.643446	0.629783	0.647111	0.621717	0.619497	0.613751	0.665839	0.657931	0.603226	0.65541	0.616569	0.662106	0.616617	0.634958	0.634271	0.622951
building_26	0.607871	0.605995	0.643958	0.69034	0.635884	0.606893	0.625129	0.608069	0.644364	0.608044	0.670386	0.622465	0.611338	0.647834	0.609285	0.629588	0.641809	0.652044	0.577709	0.640465	0.642287	0.641955	0.646545	0.664052	0.602556	0	0.64571	0.602807	0.634491	0.650182	0.633469	0.585945	0.657684	0.673046	0.608723	0.639048	0.664129	0.654178	0.683976	0.66081	0.577627	0.667243	0.671794	0.608659	0.680839	0.656142	0.59352	0.667772	0.644771	0.63896	0.650304	0.623346	0.625075	0.680947	0.677025	0.620196	0.685669	0.647615	0.632345	0.67989	0.633151	0.658574	0.65045	0.617688	0.622043	0.66038	0.606505	0.626531	0.658192	0.626081	0.620374	0.609135	0.689712	0.60365	0.626397	0.671372	0.605519	0.66065	0.65078	0.656298	0.620124	0.594665	0.642099	0.647067	0.657757	0.601114	0.650972	0.611352	0.620043	0.610417	0.620829	0.621409	0.618203	0.654118	0.622595	0.63412	0.599673	0.599189	0.627874	0.63684
building_27	0.630312	0.653203	0.696671	0.687864	0.663747	0.605525	0.604972	0.601916	0.625961	0.647044	0.71223	0.654513	0.628477	0.702915	0.588721	0.62729	0.664347	0.671256	0.634448	0.618883	0.685344	0.628615	0.698653	0.703435	0.634875	0.64571	0	0.722905	0.67781	0.623608	0.655346	0.636444	0.693851	0.670929	0.628296	0.677805	0.695731	0.653411	0.682591	0.660598	0.599089	0.666931	0.615412	0.663243	0.664418	0.648364	0.595087	0.703194	0.65635	0.653579	0.623734	0.636692	0.619327	0.717054	0.705079	0.631975	0.656575	0.699158	0.630354	0.691336	0.68551	0.658186	0.637903	0.600161	0.622392	0.711648	0.625791	0.659511	0.671307	0.604617	0.608348	0.615896	0.651107	0.679443	0.674639	0.662	0.571761	0.630451	0.63903	0.713786	0.642525	0.602864	0.662364	0.633875	0.686575	0.618703	0.676738	0.637759	0.636717	0.631635	0.609869	0.684477	0.653635	0.692692	0.613663	0.637912	0.602466	0.641804	0.62304	0.657127
building_28	0.675799	0.642092	0.68771	0.696942	0.695231	0.673763	0.677359	0.648497	0.685568	0.669402	0.713471	0.643765	0.636642	0.731164	0.642906	0.652725	0.702632	0.688107	0.662387	0.664569	0.677589	0.69077	0.685451	0.649546	0.66126	0.602807	0.722905	0	0.653865	0.642343	0.680915	0.671894	0.715989	0.66178	0.66479	0.729163	0.739846	0.704311	0.678584	0.679338	0.667089	0.668531	0.687011	0.667215	0.728313	0.722791	0.649437	0.683854	0.68443	0.705804	0.692117	0.669982	0.630671	0.700169	0.70039	0.645963	0.705211	0.647283	0.664876	0.704888	0.675256	0.712729	0.675676	0.664611	0.667988	0.70838	0.678998	0.691287	0.687539	0.666196	0.630062	0.650827	0.757232	0.659206	0.652768	0.69003	0.697384	0.688249	0.641103	0.685806	0.65843	0.666478	0.701044	0.724884	0.721173	0.67031	0.705422	0.651016	0.685425	0.657994	0.662382	0.669037	0.657227	0.74365	0.687368	0.646523	0.664225	0.651586	0.661951	0.64472
building_29	0.64845	0.677211	0.700104	0.675738	0.69432	0.667457	0.639711	0.673941	0.664904	0.659062	0.684933	0.650927	0.665726	0.71049	0.691411	0.675609	0.627587	0.686453	0.630326	0.673772	0.707398	0.666246	0.742526	0.70137	0.657329	0.634491	0.67781	0.653865	0	0.68416	0.654293	0.664518	0.702319	0.695361	0.637825	0.708424	0.643736	0.701947	0.71173	0.653508	0.634835	0.704005	0.698991	0.682632	0.692755	0.695057	0.696346	0.682707	0.688468	0.726611	0.672377	0.659882	0.682698	0.730834	0.725173	0.676613	0.678521	0.698588	0.684073	0.67604	0.680269	0.681933	0.708712	0.645476	0.671014	0.735999	0.652259	0.705332	0.707341	0.665262	0.680159	0.681437	0.757902	0.640727	0.696508	0.73475	0.678005	0.666485	0.713971	0.701123	0.700678	0.633322	0.676559	0.675115	0.661581	0.662142	0.713147	0.650969	0.717967	0.640395	0.649132	0.666325	0.688153	0.691096	0.639582	0.704397	0.650166	0.653498	0.651382	0.691255
building_30	0.6078	0.63892	0.631117	0.702711	0.705665	0.607087	0.588921	0.624189	0.609745	0.639621	0.669257	0.595245	0.682464	0.652004	0.625185	0.593147	0.670276	0.634617	0.644358	0.606343	0.6718	0.631617	0.634259	0.690583	0.64124	0.650182	0.623608	0.642343	0.68416	0	0.628004	0.609548	0.676091	0.64888	0.630628	0.656117	0.69937	0.676948	0.680066	0.592178	0.59114	0.63197	0.653208	0.629389	0.648813	0.664558	0.621328	0.65118	0.648817	0.662856	0.640424	0.63468	0.575927	0.669253	0.694063	0.624969	0.65914	0.627407	0.625322	0.649019	0.653357	0.670248	0.651691	0.615971	0.594231	0.677401	0.627684	0.659816	0.671709	0.600869	0.631553	0.611431	0.672083	0.633609	0.62002	0.707175	0.624974	0.62584	0.679338	0.679311	0.637932	0.597598	0.683083	0.639554	0.683761	0.592998	0.670214	0.637458	0.613026	0.597182	0.638452	0.659465	0.620537	0.668056	0.615709	0.583418	0.613432	0.653821	0.646689	0.603856
building_31	0.663788	0.630139	0.669802	0.657674	0.704132	0.659889	0.668857	0.621112	0.675803	0.672951	0.648961	0.643173	0.624841	0.697386	0.590014	0.649939	0.688202	0.669664	0.646732	0.623068	0.6666	0.636267	0.635266	0.659818	0.678244	0.633469	0.655346	0.680915	0.654293	0.628004	0	0.689771	0.628695	0.695174	0.656854	0.636321	0.681441	0.643662	0.696398	0.652058	0.60561	0.606882	0.656623	0.59391	0.650601	0.682769	0.667222	0.648161	0.628149	0.67083	0.643393	0.610111	0.617724	0.682947	0.684439	0.624901	0.668556	0.672666	0.653456	0.647079	0.653371	0.658533	0.642346	0.622335	0.62923	0.621799	0.623275	0.642319	0.633124	0.675475	0.619712	0.653519	0.676397	0.615111	0.681565	0.674454	0.646361	0.622906	0.662816	0.696722	0.656692	0.625599	0.688173	0.644395	0.658847	0.647263	0.680743	0.595864	0.645799	0.647959	0.648592	0.629794	0.636496	0.711289	0.659099	0.629558	0.625727	0.665844	0.676985	0.657824
building_32	0.632444	0.63576	0.629736	0.69725	0.675779	0.628412	0.604024	0.630749	0.666163	0.644053	0.6895	0.625611	0.647687	0.695407	0.64352	0.642228	0.690505	0.700321	0.638368	0.608615	0.685141	0.671882	0.676757	0.701262	0.653107	0.585945	0.636444	0.671894	0.664518	0.609548	0.689771	0	0.69265	0.624318	0.6209	0.708395	0.697618	0.705491	0.668815	0.66493	0.612069	0.67969	0.670695	0.633635	0.670434	0.667148	0.585685	0.699868	0.657745	0.709364	0.653107	0.645492	0.6479	0.701371	0.737069	0.622395	0.686771	0.720919	0.657643	0.652877	0.631243	0.693095	0.673477	0.647014	0.686473	0.655038	0.676155	0.649167	0.671539	0.612221	0.618934	0.667529	0.745706	0.646124	0.691007	0.71723	0.635163	0.674023	0.704512	0.6771	0.647231	0.601809	0.690993	0.654372	0.694567	0.641962	0.667302	0.648253	0.649534	0.637179	0.653845	0.691524	0.631371	0.711179	0.642261	0.652894	0.606493	0.656698	0.628824	0.653845
building_33	0.712201	0.66097	0.67544	0.672241	0.710102	0.638102	0.675048	0.682477	0.699672	0.686576	0.701012	0.678599	0.663368	0.719145	0.659297	0.695761	0.753468	0.71931	0.643473	0.646278	0.704818	0.638867	0.684131	0.686237	0.681438	0.657684	0.693851	0.715989	0.702319	0.676091	0.628695	0.69265	0	0.710691	0.647489	0.650713	0.69272	0.695683	0.726514	0.691357	0.665804	0.699889	0.66911	0.669653	0.67054	0.72196	0.701464	0.690439	0.725439	0.722453	0.7195	0.706024	0.628874	0.695151	0.703421	0.677808	0.690329	0.718781	0.701019	0.654646	0.698185	0.696399	0.667423	0.661114	0.6913	0.657242	0.689994	0.704977	0.69677	0.694216	0.667612	0.635592	0.727375	0.675155	0.696545	0.739734	0.701338	0.662741	0.709559	0.714306	0.664455	0.627288	0.675843	0.7018	0.714241	0.647442	0.719238	0.627498	0.660379	0.659083	0.716186	0.688448	0.726575	0.73416	0.679842	0.682665	0.672633	0.624674	0.690902	0.711902
building_34	0.682316	0.678113	0.700484	0.684037	0.668199	0.643921	0.580059	0.65007	0.665873	0.703986	0.675053	0.656809	0.656406	0.703136	0.649087	0.640276	0.715832	0.707885	0.636244	0.656686	0.682285	0.65632	0.656949	0.653336	0.66295	0.673046	0.670929	0.66178	0.695361	0.64888	0.695174	0.624318	0.710691	0	0.654325	0.692053	0.679997	0.692434	0.669498	0.676509	0.647185	0.708725	0.687678	0.61952	0.675085	0.672029	0.644122	0.681959	0.662095	0.706365	0.657385	0.673929	0.62347	0.696564	0.732704	0.63968	0.666791	0.663317	0.661246	0.656845	0.644933	0.677961	0.643915	0.639195	0.676121	0.675512	0.69715	0.665487	0.693287	0.679864	0.633206	0.66215	0.727872	0.647557	0.667085	0.687138	0.67983	0.629818	0.634401	0.705863	0.663844	0.619229	0.715761	0.71056	0.686902	0.670342	0.690818	0.657838	0.642815	0.671321	0.678345	0.697465	0.665675	0.711703	0.63069	0.646125	0.627347	0.685807	0.691248	0.62402
building_35	0.59564	0.623858	0.606247	0.648462	0.619984	0.597978	0.607272	0.569844	0.653356	0.606909	0.68571	0.614275	0.584666	0.699307	0.581764	0.564338	0.63932	0.649482	0.621577	0.610445	0.631596	0.637288	0.613314	0.653232	0.593618	0.608723	0.628296	0.66479	0.637825	0.630628	0.656854	0.6209	0.647489	0.654325	0	0.660221	0.63328	0.653652	0.700434	0.620892	0.578848	0.651181	0.632923	0.607164	0.6158	0.658852	0.637234	0.620766	0.635149	0.645692	0.620896	0.608663	0.575835	0.67454	0.663929	0.554864	0.656092	0.644539	0.649935	0.617135	0.621128	0.613649	0.613208	0.591176	0.596697	0.649089	0.612204	0.641674	0.646388	0.61106	0.599259	0.642104	0.682962	0.622465	0.652716	0.676637	0.613972	0.602655	0.609488	0.66411	0.617157	0.557763	0.626301	0.65853	0.635987	0.58186	0.629853	0.585687	0.623234	0.559674	0.646518	0.624327	0.609733	0.678986	0.58652	0.6628	0.593419	0.581914	0.595131	0.619519
building_36	0.6867	0.707255	0.699448	0.697808	0.715035	0.667329	0.648063	0.667478	0.702145	0.681639	0.751159	0.694903	0.680335	0.725257	0.646348	0.664913	0.72702	0.692652	0.670568	0.633547	0.740654	0.693859	0.686195	0.747442	0.676379	0.639048	0.677805	0.729163	0.708424	0.656117	0.636321	0.708395	0.650713	0.692053	0.660221	0	0.719273	0.699077	0.726279	0.663363	0.647493	0.707776	0.727908	0.664176	0.646142	0.71339	0.695319	0.698411	0.69152	0.68473	0.715458	0.699227	0.668046	0.691685	0.729707	0.685475	0.685838	0.710076	0.706002	0.705172	0.684319	0.692872	0.696477	0.690266	0.683798	0.671308	0.696989	0.681635	0.719094	0.678526	0.654928	0.641691	0.707167	0.704854	0.714025	0.724393	0.701281	0.663941	0.708154	0.73819	0.624632	0.616366	0.703977	0.71404	0.680934	0.646562	0.732361	0.615387	0.689722	0.693857	0.676009	0.702694	0.684485	0.745409	0.64491	0.684823	0.634916	0.706712	0.676966	0.635204
building_37	0.684094	0.687658	0.699667	0.691669	0.677754	0.668625	0.675282	0.581249	0.726305	0.659158	0.745198	0.649818	0.688811	0.767312	0.688006	0.668033	0.732548	0.701195	0.672879	0.685941	0.689158	0.680342	0.703463	0.669403	0.666653	0.664129	0.695731	0.739846	0.643736	0.69937	0.681441	0.697618	0.69272	0.679997	0.63328	0.719273	0	0.717907	0.70483	0.689753	0.638902	0.728396	0.667984	0.641646	0.68543	0.706788	0.69075	0.719056	0.720792	0.759031	0.693866	0.641718	0.657562	0.715893	0.727732	0.692677	0.688549	0.68162	0.707399	0.68452	0.681136	0.695764	0.671473	0.666706	0.64534	0.69147	0.70847	0.639544	0.675782	0.657702	0.666414	0.669469	0.741297	0.636766	0.706337	0.739459	0.674702	0.716066	0.681708	0.698517	0.671595	0.644495	0.769414	0.709255	0.704443	0.648221	0.655934	0.710436	0.721435	0.653916	0.692479	0.684854	0.6683	0.708952	0.682876	0.681211	0.637189	0.700307	0.662257	0.709936
building_38	0.662777	0.701364	0.696005	0.689174	0.740412	0.641447	0.672674	0.667946	0.674352	0.684752	0.677478	0.632237	0.648594	0.742317	0.627201	0.654755	0.722893	0.680218	0.647023	0.642211	0.708883	0.648451	0.692448	0.731842	0.678012	0.654178	0.653411	0.704311	0.701947	0.676948	0.643662	0.705491	0.695683	0.692434	0.653652	0.699077	0.717907	0	0.739458	0.665775	0.662363	0.695343	0.626767	0.664306	0.673578	0.718304	0.636752	0.682567	0.665208	0.67365	0.628983	0.672869	0.657249	0.713184	0.706647	0.648431	0.677444	0.67184	0.670427	0.660705	0.682841	0.664215	0.686169	0.678366	0.636031	0.715533	0.647361	0.646386	0.682964	0.657155	0.637024	0.644656	0.752393	0.672403	0.68794	0.69131	0.638244	0.673617	0.707581	0.678588	0.683959	0.659244	0.696913	0.681771	0.680255	0.662544	0.670117	0.616792	0.656723	0.650074	0.693144	0.656306	0.70187	0.669854	0.657525	0.645007	0.68561	0.658741	0.658947	0.664312
building_39	0.717047	0.677305	0.716621	0.721102	0.728548	0.646455	0.696803	0.635471	0.687022	0.693512	0.712541	0.713525	0.644553	0.736719	0.632242	0.654304	0.740592	0.685712	0.659334	0.663785	0.720326	0.658848	0.701425	0.659287	0.650021	0.683976	0.682591	0.678584	0.71173	0.680066	0.696398	0.668815	0.726514	0.669498	0.700434	0.726279	0.70483	0.739458	0	0.66679	0.661964	0.69838	0.690583	0.70918	0.699179	0.702806	0.716801	0.660224	0.706159	0.708639	0.68188	0.666978	0.638105	0.70399	0.759142	0.683845	0.699885	0.699916	0.673097	0.731027	0.715613	0.642491	0.631695	0.644721	0.684162	0.710556	0.640093	0.658431	0.662817	0.685229	0.668715	0.687166	0.737046	0.692163	0.663633	0.729967	0.692592	0.711163	0.724278	0.722452	0.691699	0.664476	0.738837	0.711268	0.6582	0.689604	0.696434	0.670203	0.691693	0.69331	0.685366	0.696767	0.694816	0.728698	0.630396	0.70741	0.636438	0.709797	0.70039	0.682901
building_40	0.637931	0.622025	0.651133	0.706074	0.672662	0.600654	0.676221	0.650827	0.661811	0.626766	0.641346	0.634213	0.629681	0.671129	0.594211	0.604896	0.671441	0.653384	0.66885	0.649341	0.653168	0.652363	0.66935	0.650875	0.664521	0.66081	0.660598	0.679338	0.653508	0.592178	0.652058	0.66493	0.691357	0.676509	0.620892	0.663363	0.689753	0.665775	0.66679	0	0.614738	0.615517	0.620056	0.624639	0.611031	0.689905	0.67167	0.632824	0.628409	0.679361	0.626305	0.64535	0.632643	0.725321	0.699213	0.616317	0.654649	0.697765	0.64528	0.668935	0.641908	0.651127	0.63487	0.619083	0.608491	0.683318	0.641267	0.579338	0.658985	0.65093	0.597058	0.675145	0.700159	0.581542	0.63953	0.674732	0.659826	0.664538	0.673903	0.689765	0.669683	0.635361	0.68093	0.657724	0.665289	0.589931	0.70806	0.591864	0.644998	0.628494	0.635306	0.635022	0.659419	0.659064	0.624225	0.640004	0.654693	0.655844	0.639613	0.686574
building_41	0.606613	0.604466	0.655915	0.667735	0.691357	0.58671	0.574759	0.567936	0.609544	0.625221	0.639994	0.606734	0.563925	0.672125	0.590045	0.598213	0.63242	0.624454	0.620248	0.586772	0.649502	0.607607	0.666749	0.628572	0.613704	0.577627	0.599089	0.667089	0.634835	0.59114	0.60561	0.612069	0.665804	0.647185	0.578848	0.647493	0.638902	0.662363	0.661964	0.614738	0	0.606639	0.670078	0.582123	0.638375	0.640748	0.58635	0.656723	0.606353	0.662914	0.627301	0.615496	0.602242	0.697242	0.691087	0.60565	0.636171	0.652049	0.595367	0.649937	0.619983	0.606365	0.644185	0.563045	0.601407	0.631517	0.605707	0.628909	0.63609	0.609668	0.592303	0.62663	0.655276	0.584979	0.640937	0.650404	0.595917	0.621579	0.636941	0.65994	0.620709	0.576067	0.667583	0.656881	0.656074	0.572969	0.612282	0.608962	0.670762	0.620653	0.601782	0.591885	0.597745	0.688352	0.600786	0.618577	0.604281	0.611706	0.612875	0.665156
building_42	0.642333	0.660521	0.678829	0.701074	0.719261	0.648936	0.669197	0.616024	0.693759	0.705873	0.706618	0.617421	0.663091	0.709909	0.647945	0.644187	0.732685	0.685034	0.654177	0.623896	0.679066	0.659582	0.646655	0.682704	0.683953	0.667243	0.666931	0.668531	0.704005	0.63197	0.606882	0.67969	0.699889	0.708725	0.651181	0.707776	0.728396	0.695343	0.69838	0.615517	0.606639	0	0.645788	0.590472	0.66424	0.713797	0.622639	0.675809	0.633196	0.656852	0.648189	0.617418	0.598695	0.686466	0.662054	0.6325	0.67629	0.680426	0.650134	0.652479	0.637488	0.679615	0.667922	0.649232	0.628765	0.663803	0.644007	0.642721	0.682367	0.618402	0.613701	0.623612	0.653696	0.665526	0.645796	0.702723	0.659431	0.651606	0.644021	0.681171	0.671194	0.626856	0.677578	0.672333	0.668823	0.606268	0.669056	0.628634	0.640249	0.635617	0.653492	0.650081	0.681743	0.675962	0.62045	0.644451	0.68215	0.693137	0.646542	0.671312
building_43	0.661643	0.659041	0.671596	0.652721	0.654735	0.638252	0.631382	0.626418	0.668799	0.638088	0.67659	0.607068	0.649014	0.741875	0.60693	0.639309	0.719147	0.717553	0.640247	0.661799	0.668546	0.639146	0.669284	0.69722	0.642838	0.671794	0.615412	0.687011	0.698991	0.653208	0.656623	0.670695	0.66911	0.687678	0.632923	0.727908	0.667984	0.626767	0.690583	0.620056	0.670078	0.645788	0	0.660627	0.673551	0.738177	0.679671	0.667124	0.658283	0.723241	0.626467	0.638599	0.619544	0.707789	0.668271	0.652743	0.690448	0.688083	0.645692	0.674213	0.62839	0.653084	0.617508	0.631828	0.65263	0.703312	0.626951	0.63613	0.669396	0.648804	0.643058	0.633533	0.695129	0.680349	0.673423	0.692287	0.628509	0.690827	0.70023	0.669743	0.630221	0.608778	0.696366	0.703393	0.675088	0.610021	0.650182	0.606891	0.652927	0.606137	0.68964	0.596947	0.691538	0.708438	0.631262	0.6312	0.643656	0.664383	0.609169	0.69043
