SampleID	gut_1	gut_2	gut_3	gut_4	gut_5	gut_6	gut_7	gut_8	gut_9	gut_10	gut_11	gut_12	gut_13	gut_14	gut_15	gut_16	gut_17	gut_18	gut_19	gut_20	gut_21	gut_22	gut_23	gut_24	gut_25	gut_26	gut_27	gut_28	gut_29	gut_30	gut_31	gut_32	gut_33	gut_34	gut_35	gut_36	gut_37	gut_38	gut_39	gut_40	gut_41	gut_42	gut_43	gut_44	gut_45	gut_46	gut_47	gut_48	gut_49	gut_50	gut_51	gut_52	gut_53	gut_54	gut_55	gut_56	gut_57	gut_58	gut_59	gut_60	gut_61	gut_62	gut_63	gut_64	gut_65	gut_66	gut_67	gut_68	gut_69	gut_70	gut_71	gut_72	gut_73	gut_74	gut_75	gut_76	gut_77	gut_78	gut_79	gut_80	gut_81	gut_82	gut_83	gut_84	gut_85	gut_86	gut_87	gut_88	gut_89	gut_90	gut_91	gut_92	gut_93	gut_94	gut_95	gut_96	gut_97	gut_98	gut_99	gut_100
gut_1	0	0.858762	0.850083	0.854591	0.867339	0.867659	0.855779	0.857151	0.74339	0.870741	0.90385	0.830868	0.862572	0.868637	0.830504	0.852401	0.892864	0.898438	0.848337	0.881877	0.841147	0.823262	0.899509	0.85457	0.880541	0.84579	0.784024	0.835063	0.883459	0.898548	0.836272	0.841463	0.830153	0.814887	0.857599	0.817504	0.773116	0.902602	0.80756	0.833595	0.859171	0.851465	0.852232	0.906673	0.87158	0.853921	0.814065	0.87705	0.849057	0.811925	0.809991	0.887975	0.907311	0.754346	0.855626	0.86681	0.858924	0.859001	0.858247	0.879063	0.843893	0.881215	0.880761	0.87532	0.809743	0.886257	0.878493	0.843177	0.840466	0.863265	0.865742	0.836393	0.802222	0.864422	0.825105	0.861586	0.865333	0.862181	0.831865	0.863014	0.880391	0.886145	0.876658	0.827583	0.827172	0.865626	0.873559	0.833184	0.843294	0.885402	0.883629	0.862637	0.873061	0.888072	0.847655	0.897293	0.832124	0.81793	0.875947	0.893802
gut_2	0.858762	0	0.870617	0.884064	0.889873	0.905056	0.897274	0.862839	0.858369	0.844905	0.893804	0.808391	0.939498	0.863923	0.881908	0.868971	0.915734	0.876892	0.93573	0.845118	0.883313	0.839484	0.832852	0.840966	0.784984	0.898585	0.831449	0.848516	0.934017	0.90807	0.835081	0.788723	0.863735	0.881365	0.879453	0.851563	0.818187	0.897697	0.811187	0.860386	0.78443	0.862776	0.876626	0.860018	0.88055	0.899096	0.896177	0.855746	0.871949	0.898589	0.822592	0.86449	0.834907	0.844683	0.891561	0.877303	0.849133	0.866425	0.896868	0.848527	0.907219	0.833748	0.828659	0.876439	0.864111	0.855508	0.902331	0.889761	0.871822	0.905212	0.832649	0.855885	0.874139	0.855785	0.85152	0.864018	0.905386	0.90448	0.840587	0.856145	0.827278	0.868783	0.84612	0.845604	0.841214	0.850967	0.900235	0.859589	0.818371	0.888534	0.872584	0.871278	0.90682	0.885965	0.870646	0.880367	0.860392	0.916256	0.844081	0.890144
gut_3	0.850083	0.870617	0	0.89108	0.886341	0.86439	0.892449	0.872648	0.843917	0.891015	0.925125	0.859258	0.897106	0.886837	0.856397	0.888757	0.873526	0.910916	0.897154	0.869682	0.848541	0.897362	0.890836	0.87248	0.878542	0.904259	0.879091	0.860516	0.886657	0.89254	0.863525	0.866506	0.880525	0.926608	0.90111	0.899664	0.908917	0.909466	0.893182	0.884348	0.799128	0.894731	0.897223	0.897537	0.895569	0.892186	0.84369	0.884195	0.918299	0.887085	0.856124	0.879342	0.88922	0.859474	0.904635	0.873127	0.917723	0.835956	0.876193	0.869064	0.872307	0.866428	0.892038	0.851698	0.846025	0.910277	0.913066	0.904178	0.869746	0.844959	0.889688	0.915669	0.893202	0.875796	0.897909	0.903121	0.884926	0.884636	0.881127	0.864679	0.868538	0.918434	0.912199	0.901579	0.884545	0.831385	0.905948	0.919521	0.904778	0.900231	0.924965	0.916294	0.855968	0.920093	0.87928	0.885196	0.873861	0.876713	0.833445	0.824015
gut_4	0.854591	0.884064	0.89108	0	0.895225	0.91031	0.818105	0.823673	0.823981	0.903171	0.891328	0.869385	0.915985	0.851075	0.896518	0.903952	0.907295	0.873574	0.940422	0.820396	0.870688	0.854457	0.852416	0.877631	0.885302	0.865504	0.891767	0.823459	0.910155	0.873613	0.88002	0.870934	0.892107	0.883752	0.914344	0.87258	0.852133	0.851836	0.835352	0.885985	0.857693	0.858897	0.879466	0.889717	0.898066	0.8932	0.868349	0.835262	0.874646	0.834156	0.887543	0.859855	0.884245	0.874527	0.84375	0.793338	0.872646	0.927002	0.843804	0.88673	0.916995	0.885177	0.869381	0.85695	0.924794	0.869949	0.897859	0.908262	0.887467	0.936213	0.861962	0.896951	0.862748	0.879478	0.877039	0.859744	0.896816	0.875021	0.823062	0.845854	0.910663	0.887387	0.870059	0.877598	0.821361	0.887124	0.915591	0.869671	0.835672	0.875561	0.892357	0.891677	0.89767	0.906356	0.897582	0.86458	0.868016	0.815295	0.862236	0.882915
gut_5	0.867339	0.889873	0.886341	0.895225	0	0.897769	0.883713	0.858176	0.874269	0.872268	0.868437	0.877636	0.84968	0.926474	0.792979	0.822361	0.897315	0.91103	0.811874	0.810952	0.859001	0.821565	0.870618	0.832366	0.858811	0.863226	0.852217	0.861599	0.882609	0.8844	0.878395	0.841593	0.881913	0.885942	0.844389	0.872405	0.844506	0.875841	0.871101	0.868934	0.844596	0.8183	0.852982	0.878009	0.903041	0.8575	0.885528	0.872503	0.82978	0.850459	0.805258	0.861367	0.861087	0.888624	0.907327	0.908477	0.816678	0.895423	0.861242	0.826298	0.888857	0.84776	0.85052	0.834809	0.879685	0.879329	0.855153	0.896632	0.856499	0.874982	0.836992	0.912909	0.872096	0.860499	0.870338	0.827048	0.841467	0.883977	0.869744	0.852302	0.903498	0.903777	0.864798	0.835889	0.871386	0.844637	0.863127	0.836009	0.831794	0.902186	0.866355	0.884187	0.843106	0.865031	0.872374	0.825627	0.893158	0.884598	0.880281	0.872539
gut_6	0.867659	0.905056	0.86439	0.91031	0.897769	0	0.875095	0.905623	0.849115	0.919646	0.873998	0.837385	0.848566	0.880616	0.90162	0.875771	0.87139	0.879127	0.887377	0.852884	0.859514	0.861571	0.860079	0.819649	0.840538	0.873991	0.86557	0.88902	0.896825	0.859248	0.8911	0.892759	0.865469	0.842709	0.876454	0.870992	0.865611	0.874048	0.90217	0.847658	0.865178	0.853854	0.875181	0.849327	0.849599	0.867962	0.845862	0.88304	0.836275	0.847673	0.827223	0.863117	0.85776	0.74366	0.869107	0.882081	0.863912	0.898258	0.868875	0.890547	0.862188	0.839939	0.874128	0.876686	0.877907	0.873159	0.925427	0.861116	0.854925	0.862615	0.865308	0.915127	0.843916	0.866226	0.857676	0.826469	0.906457	0.829046	0.873345	0.844512	0.875584	0.897119	0.83674	0.841335	0.851351	0.864	0.876646	0.855018	0.866019	0.842638	0.902617	0.912067	0.839428	0.867592	0.874617	0.803752	0.908036	0.901013	0.811386	0.833445
gut_7	0.855779	0.897274	0.892449	0.818105	0.883713	0.875095	0	0.897473	0.857149	0.857609	0.87036	0.87106	0.860132	0.879143	0.875293	0.880271	0.890401	0.919016	0.867418	0.853992	0.85519	0.87648	0.852416	0.868758	0.865033	0.845843	0.86503	0.864957	0.821486	0.878571	0.883657	0.858584	0.838711	0.817476	0.8518	0.878089	0.857825	0.864048	0.899239	0.82822	0.876997	0.860973	0.825345	0.892134	0.856361	0.841331	0.883423	0.878631	0.874789	0.827808	0.836342	0.860881	0.904377	0.840882	0.806101	0.887991	0.877253	0.908633	0.813764	0.863138	0.824298	0.897935	0.875909	0.831801	0.887543	0.864763	0.82479	0.854375	0.868629	0.801249	0.857268	0.89108	0.844256	0.837431	0.864549	0.889733	0.86014	0.873531	0.806639	0.865865	0.893043	0.888787	0.852386	0.908092	0.84769	0.906114	0.943366	0.893576	0.853762	0.865936	0.876384	0.872021	0.859418	0.835688	0.8618	0.864612	0.861485	0.896723	0.843152	0.82753
gut_8	0.857151	0.862839	0.872648	0.823673	0.858176	0.905623	0.897473	0	0.830258	0.860134	0.852185	0.841489	0.864561	0.840282	0.840733	0.835792	0.878975	0.847879	0.892571	0.888324	0.859247	0.837771	0.883034	0.867714	0.888256	0.889497	0.909092	0.81701	0.872615	0.884891	0.826196	0.883256	0.925938	0.832276	0.870149	0.871485	0.856106	0.901633	0.879115	0.864275	0.799047	0.907083	0.913134	0.911481	0.889726	0.856668	0.855597	0.880821	0.825536	0.892598	0.872148	0.895952	0.916486	0.893175	0.847908	0.858315	0.871853	0.873155	0.832913	0.890001	0.872841	0.860599	0.776075	0.837339	0.784179	0.886923	0.83458	0.87471	0.84398	0.890817	0.891993	0.837487	0.864229	0.844645	0.858765	0.873152	0.877823	0.81049	0.893528	0.896555	0.859072	0.864785	0.844124	0.867474	0.850216	0.899439	0.875943	0.829975	0.866595	0.844982	0.857747	0.870874	0.888706	0.859632	0.896964	0.826559	0.84727	0.876252	0.835785	0.847866
gut_9	0.74339	0.858369	0.843917	0.823981	0.874269	0.849115	0.857149	0.830258	0	0.814524	0.847862	0.80458	0.845634	0.806309	0.850148	0.804017	0.814864	0.807689	0.822447	0.88565	0.833683	0.809071	0.803611	0.837416	0.856735	0.84076	0.885	0.865005	0.822912	0.856955	0.831845	0.829376	0.84324	0.815326	0.881764	0.829674	0.807812	0.884223	0.870453	0.826508	0.880514	0.835699	0.884954	0.827825	0.863865	0.843192	0.77373	0.828799	0.869292	0.79317	0.813331	0.856388	0.899525	0.792021	0.83439	0.834558	0.854068	0.839199	0.882427	0.841546	0.833543	0.825976	0.816455	0.859073	0.864178	0.798216	0.859588	0.833231	0.811174	0.836963	0.853523	0.804821	0.850816	0.839292	0.83807	0.848381	0.853126	0.814707	0.831694	0.81633	0.859408	0.797929	0.791283	0.858729	0.833205	0.853189	0.876454	0.841827	0.827099	0.860116	0.838985	0.849674	0.863682	0.802672	0.811242	0.799832	0.808035	0.785769	0.816704	0.899952
gut_10	0.870741	0.844905	0.891015	0.903171	0.872268	0.919646	0.857609	0.860134	0.814524	0	0.90052	0.850931	0.870829	0.934971	0.813284	0.860454	0.87284	0.905023	0.901388	0.809371	0.856805	0.834667	0.884519	0.870269	0.845714	0.820976	0.907779	0.870898	0.876295	0.921744	0.878529	0.82635	0.86613	0.854481	0.897184	0.853432	0.848189	0.897736	0.931974	0.86498	0.848032	0.867534	0.878759	0.854196	0.918623	0.85618	0.848539	0.839908	0.882252	0.789867	0.844512	0.856625	0.907447	0.893847	0.889358	0.876406	0.919157	0.859963	0.924026	0.876398	0.871855	0.870583	0.803442	0.881985	0.820502	0.889202	0.872275	0.846481	0.857147	0.871365	0.84777	0.906083	0.860031	0.884659	0.891298	0.894234	0.890381	0.907728	0.867968	0.869006	0.839756	0.806648	0.827229	0.903122	0.830144	0.845035	0.901028	0.880055	0.839835	0.90562	0.877071	0.876643	0.873616	0.829723	0.871957	0.858974	0.846875	0.889904	0.835485	0.881294
gut_11	0.90385	0.893804	0.925125	0.891328	0.868437	0.873998	0.87036	0.852185	0.847862	0.90052	0	0.836519	0.88598	0.834024	0.827102	0.875818	0.877009	0.836745	0.86644	0.86292	0.861467	0.891651	0.840652	0.808073	0.885759	0.901409	0.871604	0.839074	0.871715	0.869996	0.884664	0.846153	0.867819	0.875503	0.879405	0.904875	0.809597	0.8899	0.856001	0.822508	0.819031	0.909921	0.878487	0.868433	0.876222	0.890887	0.885295	0.885696	0.873746	0.855267	0.853284	0.919991	0.861398	0.857073	0.853408	0.895842	0.884147	0.923105	0.879354	0.879082	0.871036	0.873	0.862971	0.835565	0.88267	0.83596	0.845718	0.889146	0.849735	0.845988	0.836161	0.856371	0.813396	0.826248	0.881903	0.865426	0.85344	0.889416	0.81646	0.833289	0.814114	0.878652	0.849953	0.917265	0.83089	0.864634	0.888243	0.865475	0.831408	0.831572	0.793286	0.860038	0.889441	0.868283	0.85384	0.853305	0.896823	0.907238	0.833118	0.840964
gut_12	0.830868	0.808391	0.859258	0.869385	0.877636	0.837385	0.87106	0.841489	0.80458	0.850931	0.836519	0	0.890619	0.862737	0.839666	0.862867	0.842693	0.86437	0.864848	0.818744	0.879189	0.854465	0.848552	0.815955	0.84812	0.846497	0.853676	0.804207	0.894755	0.866461	0.817777	0.867975	0.817976	0.841317	0.828878	0.843169	0.859219	0.864848	0.820828	0.812681	0.836089	0.822904	0.79931	0.8041	0.899488	0.867085	0.844323	0.843123	0.806873	0.815733	0.802038	0.824641	0.861482	0.802242	0.874398	0.872217	0.799892	0.878145	0.803471	0.846727	0.895758	0.838938	0.843928	0.849523	0.841005	0.794482	0.870822	0.844324	0.87221	0.824552	0.848615	0.878996	0.847684	0.798751	0.835801	0.865383	0.828525	0.845437	0.812492	0.788231	0.883954	0.824911	0.79913	0.841046	0.835366	0.825458	0.842597	0.804942	0.795912	0.820753	0.822954	0.837991	0.831615	0.827568	0.826842	0.82024	0.814046	0.848821	0.808301	0.856347
gut_13	0.862572	0.939498	0.897106	0.915985	0.84968	0.848566	0.860132	0.864561	0.845634	0.870829	0.88598	0.890619	0	0.8723	0.874053	0.883839	0.921002	0.853846	0.901547	0.880058	0.872666	0.898353	0.862877	0.876369	0.86405	0.847722	0.876315	0.879279	0.851292	0.878221	0.847602	0.848841	0.850388	0.818705	0.897464	0.924789	0.870586	0.856903	0.844739	0.846958	0.835547	0.891313	0.904228	0.918993	0.905632	0.848173	0.861771	0.882748	0.830274	0.841706	0.855011	0.871462	0.902292	0.848848	0.85793	0.903281	0.83426	0.917975	0.892846	0.819764	0.876063	0.859544	0.7781	0.89434	0.900669	0.896966	0.903686	0.889679	0.898017	0.900922	0.829552	0.86062	0.866752	0.926251	0.873657	0.866702	0.819796	0.855293	0.857604	0.83237	0.877498	0.926068	0.859921	0.89669	0.864279	0.883557	0.875533	0.872818	0.847433	0.932607	0.860789	0.852525	0.873126	0.837614	0.877116	0.847727	0.88225	0.886678	0.884223	0.873036
gut_14	0.868637	0.863923	0.886837	0.851075	0.926474	0.880616	0.879143	0.840282	0.806309	0.934971	0.834024	0.862737	0.8723	0	0.860596	0.867437	0.835066	0.886765	0.868565	0.854907	0.838539	0.843157	0.84156	0.895626	0.888013	0.829177	0.853401	0.865161	0.861915	0.789133	0.860274	0.890206	0.842955	0.874076	0.914666	0.901839	0.853084	0.849283	0.840059	0.797353	0.885948	0.856103	0.898852	0.880324	0.878298	0.885858	0.867863	0.891796	0.859158	0.910042	0.855449	0.834626	0.917269	0.830194	0.873111	0.885449	0.828783	0.882257	0.821214	0.870302	0.881368	0.791442	0.933619	0.811299	0.844003	0.808831	0.885965	0.893816	0.877602	0.848509	0.859079	0.86222	0.874715	0.810157	0.845214	0.824277	0.884361	0.907851	0.846756	0.851311	0.883288	0.871444	0.830692	0.856692	0.882537	0.855217	0.913565	0.869547	0.891233	0.883829	0.791683	0.865831	0.85292	0.876821	0.8648	0.824062	0.825542	0.820809	0.798984	0.892674
gut_15	0.830504	0.881908	0.856397	0.896518	0.792979	0.90162	0.875293	0.840733	0.850148	0.813284	0.827102	0.839666	0.874053	0.860596	0	0.843692	0.808751	0.87081	0.815022	0.776521	0.862024	0.868427	0.866203	0.786847	0.877831	0.871951	0.825189	0.777247	0.886843	0.868697	0.885961	0.85494	0.833068	0.860856	0.852014	0.815934	0.747424	0.83925	0.846121	0.866413	0.857814	0.824538	0.854259	0.841063	0.892288	0.882192	0.884847	0.840571	0.823082	0.80283	0.845579	0.841381	0.855965	0.836203	0.87639	0.874671	0.84768	0.903585	0.774603	0.767943	0.869713	0.805586	0.833913	0.822671	0.88184	0.850401	0.814593	0.845661	0.810942	0.825975	0.851218	0.882904	0.902216	0.834719	0.834567	0.818026	0.891954	0.854139	0.856396	0.802131	0.837741	0.881843	0.789389	0.899966	0.887461	0.855859	0.816986	0.839195	0.769915	0.858845	0.789149	0.8492	0.865569	0.802936	0.842216	0.773458	0.866343	0.876224	0.839221	0.864739
gut_16	0.852401	0.868971	0.888757	0.903952	0.822361	0.875771	0.880271	0.835792	0.804017	0.860454	0.875818	0.862867	0.883839	0.867437	0.843692	0	0.875267	0.840127	0.89045	0.826447	0.836417	0.860465	0.891759	0.825728	0.819036	0.864108	0.837655	0.875067	0.826424	0.874347	0.835972	0.820345	0.878081	0.824619	0.875115	0.892073	0.870368	0.864928	0.850335	0.826417	0.844137	0.887219	0.808126	0.845847	0.894136	0.856411	0.79647	0.877876	0.815245	0.866135	0.777481	0.834188	0.904536	0.87139	0.819196	0.868324	0.843825	0.8183	0.859797	0.812943	0.88873	0.834087	0.822799	0.757332	0.844881	0.8853	0.816587	0.87559	0.880798	0.81299	0.864172	0.817591	0.855278	0.856867	0.869502	0.813175	0.859129	0.844699	0.846254	0.836451	0.803002	0.795386	0.885361	0.846094	0.797082	0.880306	0.875338	0.799522	0.876722	0.870734	0.872413	0.787124	0.830584	0.865464	0.849439	0.830263	0.842812	0.820091	0.836753	0.868989
gut_17	0.892864	0.915734	0.873526	0.907295	0.897315	0.87139	0.890401	0.878975	0.814864	0.87284	0.877009	0.842693	0.921002	0.835066	0.808751	0.875267	0	0.81634	0.90895	0.805028	0.916796	0.875162	0.891616	0.848039	0.859367	0.860935	0.877601	0.869594	0.893329	0.9216	0.880709	0.872184	0.885064	0.894154	0.876562	0.900851	0.869924	0.865219	0.875	0.849884	0.839723	0.886418	0.864242	0.857237	0.912722	0.856565	0.857386	0.897078	0.858823	0.847568	0.875046	0.90378	0.873266	0.81047	0.849345	0.878149	0.839261	0.857221	0.845885	0.815509	0.813528	0.818439	0.903366	0.865713	0.883802	0.841753	0.811765	0.859123	0.801116	0.864212	0.889907	0.851175	0.868529	0.839551	0.839087	0.844312	0.881788	0.872224	0.879417	0.8918	0.892634	0.838041	0.818256	0.880951	0.83637	0.876308	0.887113	0.864869	0.855585	0.896911	0.877519	0.851378	0.808734	0.862342	0.837816	0.822773	0.871571	0.870336	0.845669	0.872381
gut_18	0.898438	0.876892	0.910916	0.873574	0.91103	0.879127	0.919016	0.847879	0.807689	0.905023	0.836745	0.86437	0.853846	0.886765	0.87081	0.840127	0.81634	0	0.901932	0.836232	0.887007	0.855314	0.903741	0.889637	0.853252	0.885504	0.880535	0.867752	0.89907	0.873697	0.832007	0.863771	0.891405	0.886913	0.888045	0.900946	0.883374	0.905	0.921549	0.907179	0.875326	0.855412	0.911536	0.880926	0.94202	0.865896	0.855278	0.823513	0.904065	0.882988	0.856844	0.880057	0.870975	0.853119	0.785482	0.858639	0.90281	0.891328	0.873032	0.871223	0.851369	0.881117	0.877082	0.852096	0.863158	0.866207	0.843185	0.876942	0.88391	0.848961	0.939971	0.860206	0.863895	0.886512	0.886234	0.860581	0.88746	0.810181	0.86533	0.807867	0.875681	0.849277	0.87328	0.887796	0.82578	0.886467	0.883416	0.869606	0.831539	0.905612	0.876461	0.823724	0.864659	0.868635	0.856307	0.839687	0.898829	0.898052	0.880287	0.880296
gut_19	0.848337	0.93573	0.897154	0.940422	0.811874	0.887377	0.867418	0.892571	0.822447	0.901388	0.86644	0.864848	0.901547	0.868565	0.815022	0.89045	0.90895	0.901932	0	0.88434	0.893228	0.857391	0.885598	0.868172	0.864905	0.803738	0.835693	0.88084	0.898655	0.909242	0.869612	0.83763	0.877808	0.844413	0.864748	0.883791	0.792595	0.820683	0.861502	0.829518	0.859574	0.815955	0.850337	0.88281	0.927022	0.881618	0.905071	0.88108	0.859586	0.868109	0.82793	0.8938	0.907821	0.803184	0.869285	0.915479	0.848921	0.837821	0.888292	0.847568	0.894071	0.870436	0.885799	0.771402	0.905871	0.86089	0.90199	0.732493	0.884868	0.868367	0.927005	0.848097	0.852058	0.838712	0.837626	0.916283	0.840457	0.895798	0.909836	0.854224	0.885315	0.870887	0.823533	0.897551	0.865802	0.85608	0.847931	0.835479	0.814493	0.925662	0.920352	0.878827	0.845594	0.892157	0.847574	0.836385	0.869215	0.818798	0.846702	0.907524
gut_20	0.881877	0.845118	0.869682	0.820396	0.810952	0.852884	0.853992	0.888324	0.88565	0.809371	0.86292	0.818744	0.880058	0.854907	0.776521	0.826447	0.805028	0.836232	0.88434	0	0.820481	0.831712	0.840276	0.803735	0.846474	0.837746	0.876934	0.850898	0.875031	0.871368	0.852169	0.811613	0.890793	0.811546	0.813304	0.854589	0.811948	0.846686	0.89988	0.85448	0.846614	0.838337	0.834228	0.839759	0.868305	0.853346	0.869531	0.881503	0.823624	0.852539	0.843578	0.882401	0.839481	0.826994	0.849279	0.854842	0.812715	0.887475	0.858763	0.816401	0.898322	0.825424	0.814501	0.827207	0.864825	0.812715	0.901843	0.859199	0.80951	0.852021	0.862467	0.896807	0.842982	0.819401	0.834442	0.849933	0.851682	0.882468	0.860996	0.788987	0.837725	0.824051	0.839943	0.88284	0.78366	0.842679	0.823784	0.864778	0.831194	0.839598	0.861322	0.867883	0.823047	0.810237	0.891777	0.886244	0.876609	0.883861	0.766616	0.780811
gut_21	0.841147	0.883313	0.848541	0.870688	0.859001	0.859514	0.85519	0.859247	0.833683	0.856805	0.861467	0.879189	0.872666	0.838539	0.862024	0.836417	0.916796	0.887007	0.893228	0.820481	0	0.820044	0.87299	0.840411	0.861175	0.869392	0.863742	0.838144	0.829653	0.829528	0.833775	0.84493	0.837853	0.807922	0.84861	0.881869	0.7856	0.793313	0.876911	0.803385	0.879321	0.827469	0.8366	0.850309	0.879382	0.863481	0.799273	0.824173	0.830927	0.806817	0.786852	0.843557	0.862443	0.798703	0.823829	0.837933	0.836728	0.845189	0.839294	0.841854	0.862284	0.837434	0.804635	0.822663	0.78135	0.860078	0.828186	0.873852	0.845913	0.873298	0.830497	0.830581	0.887226	0.834421	0.80745	0.877786	0.877247	0.860186	0.864983	0.790814	0.862527	0.837404	0.890603	0.822712	0.816695	0.831077	0.892568	0.824564	0.845543	0.821516	0.854611	0.88835	0.889491	0.86264	0.821889	0.829544	0.87533	0.825474	0.818341	0.882487
gut_22	0.823262	0.839484	0.897362	0.854457	0.821565	0.861571	0.87648	0.837771	0.809071	0.834667	0.891651	0.854465	0.898353	0.843157	0.868427	0.860465	0.875162	0.855314	0.857391	0.831712	0.820044	0	0.837379	0.90188	0.7676	0.827526	0.875422	0.850705	0.88998	0.870767	0.835069	0.852666	0.878463	0.888506	0.868943	0.89761	0.835591	0.894889	0.805972	0.881953	0.89091	0.874104	0.882987	0.900508	0.872323	0.836898	0.831643	0.82904	0.830952	0.844135	0.819259	0.857519	0.848338	0.82587	0.883361	0.793329	0.865357	0.880512	0.904687	0.893537	0.898644	0.847687	0.862617	0.868395	0.877665	0.865882	0.854611	0.85556	0.849266	0.854161	0.862605	0.89684	0.868701	0.828972	0.823336	0.805126	0.897737	0.891529	0.858113	0.764139	0.859451	0.827566	0.86349	0.874061	0.830443	0.848564	0.868186	0.877666	0.822591	0.886469	0.840757	0.857423	0.819206	0.795591	0.8924	0.826972	0.854094	0.878243	0.818653	0.892222
gut_23	0.899509	0.832852	0.890836	0.852416	0.870618	0.860079	0.852416	0.883034	0.803611	0.884519	0.840652	0.848552	0.862877	0.84156	0.866203	0.891759	0.891616	0.903741	0.885598	0.840276	0.87299	0.837379	0	0.850501	0.851095	0.854757	0.868392	0.849088	0.836069	0.859256	0.837659	0.841937	0.846397	0.811356	0.913173	0.825365	0.852092	0.880402	0.857876	0.881032	0.830384	0.854027	0.864632	0.81409	0.830887	0.823431	0.82412	0.813896	0.884105	0.876231	0.825632	0.846523	0.873359	0.842467	0.864794	0.847026	0.856322	0.907939	0.847968	0.836088	0.894029	0.840513	0.890985	0.863689	0.87368	0.85433	0.834547	0.84434	0.88034	0.873714	0.903156	0.838593	0.832337	0.855178	0.845156	0.853194	0.817316	0.83884	0.81351	0.837257	0.891755	0.881507	0.851523	0.835295	0.797272	0.870567	0.920046	0.855885	0.829698	0.844836	0.856632	0.861374	0.837501	0.826595	0.893225	0.8549	0.810988	0.881797	0.834542	0.890036
gut_24	0.85457	0.840966	0.87248	0.877631	0.832366	0.819649	0.868758	0.867714	0.837416	0.870269	0.808073	0.815955	0.876369	0.895626	0.786847	0.825728	0.848039	0.889637	0.868172	0.803735	0.840411	0.90188	0.850501	0	0.870234	0.828343	0.880682	0.860543	0.830618	0.830795	0.849467	0.802956	0.86918	0.882912	0.867062	0.800759	0.753471	0.85422	0.842954	0.845803	0.852862	0.807488	0.832355	0.872561	0.870761	0.850194	0.801923	0.809298	0.864181	0.844902	0.803634	0.875882	0.880343	0.792167	0.857266	0.90687	0.777035	0.917	0.869619	0.886952	0.851523	0.791815	0.814402	0.808512	0.870801	0.836944	0.860644	0.858205	0.852097	0.852497	0.837375	0.867467	0.836369	0.843481	0.803299	0.800988	0.862582	0.803786	0.851633	0.825218	0.827771	0.856202	0.834569	0.846266	0.824206	0.864177	0.802562	0.813445	0.829136	0.852252	0.836572	0.841112	0.865242	0.829934	0.888381	0.793322	0.863411	0.876617	0.846264	0.788664
gut_25	0.880541	0.784984	0.878542	0.885302	0.858811	0.840538	0.865033	0.888256	0.856735	0.845714	0.885759	0.84812	0.86405	0.888013	0.877831	0.819036	0.859367	0.853252	0.864905	0.846474	0.861175	0.7676	0.851095	0.870234	0	0.909721	0.830114	0.86366	0.859344	0.867177	0.834996	0.808858	0.863057	0.806828	0.857629	0.853657	0.82935	0.879904	0.876637	0.875715	0.796285	0.838692	0.86619	0.891671	0.862369	0.84146	0.826465	0.874474	0.798515	0.828968	0.780029	0.833201	0.875249	0.830889	0.893081	0.86631	0.822925	0.872884	0.880401	0.861369	0.883723	0.834309	0.832088	0.790826	0.856722	0.822783	0.824952	0.870908	0.84118	0.88838	0.87243	0.879935	0.845717	0.861132	0.863584	0.840498	0.865101	0.844589	0.818034	0.814473	0.781368	0.805406	0.828187	0.833179	0.807714	0.857939	0.826701	0.835924	0.845206	0.882083	0.852861	0.82489	0.823212	0.825824	0.87116	0.831313	0.893679	0.835716	0.833902	0.894972
gut_26	0.84579	0.898585	0.904259	0.865504	0.863226	0.873991	0.845843	0.889497	0.84076	0.820976	0.901409	0.846497	0.847722	0.829177	0.871951	0.864108	0.860935	0.885504	0.803738	0.837746	0.869392	0.827526	0.854757	0.828343	0.909721	0	0.908353	0.842108	0.895292	0.87031	0.889678	0.813312	0.900288	0.863499	0.823521	0.876926	0.850812	0.857353	0.882121	0.859004	0.8811	0.793217	0.898283	0.878847	0.885341	0.888062	0.854717	0.852717	0.83081	0.876895	0.857811	0.87058	0.90138	0.881333	0.886402	0.861766	0.880673	0.777023	0.88628	0.852463	0.874468	0.846164	0.875421	0.875255	0.877113	0.869732	0.876198	0.863036	0.883189	0.869978	0.886316	0.873975	0.851226	0.839645	0.845897	0.880552	0.863299	0.842098	0.891409	0.904683	0.902121	0.911024	0.835085	0.910633	0.793438	0.841015	0.864883	0.880375	0.866532	0.904045	0.855796	0.881841	0.874621	0.825148	0.867115	0.838191	0.901958	0.825595	0.870766	0.868135
gut_27	0.784024	0.831449	0.879091	0.891767	0.852217	0.86557	0.86503	0.909092	0.885	0.907779	0.871604	0.853676	0.876315	0.853401	0.825189	0.837655	0.877601	0.880535	0.835693	0.876934	0.863742	0.875422	0.868392	0.880682	0.830114	0.908353	0	0.838934	0.859444	0.865266	0.856681	0.839544	0.827556	0.895596	0.855313	0.880085	0.807432	0.818143	0.787266	0.903833	0.853127	0.852701	0.903426	0.860174	0.878759	0.884539	0.860685	0.859429	0.858652	0.842815	0.827014	0.831967	0.892138	0.839343	0.859496	0.849229	0.832791	0.888676	0.846903	0.856645	0.830076	0.871161	0.873925	0.78903	0.836561	0.872816	0.859932	0.892949	0.873678	0.850181	0.853652	0.83256	0.842046	0.867305	0.854451	0.804027	0.876654	0.861588	0.827762	0.839784	0.906372	0.863756	0.826536	0.87732	0.84321	0.866083	0.846168	0.858241	0.843284	0.892012	0.852234	0.831958	0.813053	0.852892	0.848686	0.831884	0.878684	0.9062	0.845872	0.884751
gut_28	0.835063	0.848516	0.860516	0.823459	0.861599	0.88902	0.864957	0.81701	0.865005	0.870898	0.839074	0.804207	0.879279	0.865161	0.777247	0.875067	0.869594	0.867752	0.88084	0.850898	0.838144	0.850705	0.849088	0.860543	0.86366	0.842108	0.838934	0	0.857278	0.85604	0.866023	0.833519	0.868148	0.863253	0.858199	0.873078	0.856493	0.864681	0.814115	0.884067	0.87762	0.851891	0.852297	0.852235	0.830625	0.874123	0.825929	0.833233	0.860667	0.816726	0.844522	0.85514	0.812401	0.823469	0.82101	0.849831	0.8555	0.873436	0.839061	0.841992	0.874006	0.830187	0.838274	0.804225	0.883518	0.830023	0.821128	0.894965	0.85949	0.878884	0.851786	0.857406	0.842376	0.851147	0.850402	0.828775	0.838084	0.832215	0.774314	0.814031	0.88859	0.858487	0.765709	0.886608	0.850201	0.86739	0.861498	0.844836	0.827465	0.844866	0.813624	0.818206	0.855408	0.841289	0.832193	0.871974	0.903287	0.880692	0.851587	0.813869
gut_29	0.883459	0.934017	0.886657	0.910155	0.882609	0.896825	0.821486	0.872615	0.822912	0.876295	0.871715	0.894755	0.851292	0.861915	0.886843	0.826424	0.893329	0.89907	0.898655	0.875031	0.829653	0.88998	0.836069	0.830618	0.859344	0.895292	0.859444	0.857278	0	0.838151	0.832624	0.861673	0.879659	0.879171	0.885367	0.863671	0.849744	0.86569	0.8434	0.873042	0.884756	0.864538	0.871253	0.906934	0.872121	0.839143	0.821171	0.848766	0.883302	0.843326	0.864355	0.879527	0.914761	0.826229	0.852558	0.832484	0.905532	0.865646	0.858119	0.846174	0.862376	0.866982	0.780029	0.880478	0.818661	0.826424	0.832175	0.92052	0.867556	0.879365	0.887476	0.860832	0.848435	0.851385	0.851239	0.84843	0.848936	0.841387	0.870696	0.899608	0.893224	0.89183	0.854407	0.920802	0.830718	0.876514	0.900492	0.878129	0.882483	0.901111	0.852223	0.859031	0.882245	0.84425	0.881356	0.857301	0.894833	0.877668	0.878682	0.894625
gut_30	0.898548	0.90807	0.89254	0.873613	0.8844	0.859248	0.878571	0.884891	0.856955	0.921744	0.869996	0.866461	0.878221	0.789133	0.868697	0.874347	0.9216	0.873697	0.909242	0.871368	0.829528	0.870767	0.859256	0.830795	0.867177	0.87031	0.865266	0.85604	0.838151	0	0.875928	0.876274	0.874554	0.828806	0.857598	0.869563	0.823418	0.880117	0.871038	0.83827	0.897544	0.856526	0.892697	0.845306	0.834088	0.894569	0.794237	0.818626	0.854842	0.849915	0.867344	0.851789	0.861152	0.814914	0.86439	0.859166	0.855331	0.939642	0.893211	0.840936	0.871274	0.851615	0.864006	0.8057	0.856735	0.844249	0.9166	0.907183	0.861887	0.920657	0.860765	0.845487	0.863919	0.881098	0.862836	0.867314	0.887526	0.840014	0.886929	0.857865	0.839097	0.914109	0.874903	0.804218	0.927676	0.871146	0.922388	0.853802	0.876472	0.877665	0.796391	0.864718	0.801179	0.850131	0.887948	0.803604	0.864939	0.79834	0.852997	0.883996
gut_31	0.836272	0.835081	0.863525	0.88002	0.878395	0.8911	0.883657	0.826196	0.831845	0.878529	0.884664	0.817777	0.847602	0.860274	0.885961	0.835972	0.880709	0.832007	0.869612	0.852169	0.833775	0.835069	0.837659	0.849467	0.834996	0.889678	0.856681	0.866023	0.832624	0.875928	0	0.841253	0.888361	0.84754	0.937984	0.865892	0.807303	0.842739	0.792324	0.840938	0.825006	0.846163	0.868322	0.891212	0.887196	0.845552	0.829871	0.8625	0.839673	0.920862	0.854372	0.874774	0.891469	0.81693	0.838583	0.857587	0.872431	0.868227	0.893878	0.929628	0.911037	0.80174	0.829847	0.792809	0.870431	0.866248	0.809327	0.842289	0.880056	0.858143	0.890267	0.808817	0.829028	0.861674	0.822185	0.89518	0.883428	0.841244	0.855569	0.854933	0.820837	0.873468	0.866595	0.871307	0.876582	0.854053	0.864861	0.830584	0.866127	0.917181	0.863986	0.870966	0.85227	0.83666	0.852592	0.855604	0.872473	0.876599	0.846628	0.832714
gut_32	0.841463	0.788723	0.866506	0.870934	0.841593	0.892759	0.858584	0.883256	0.829376	0.82635	0.846153	0.867975	0.848841	0.890206	0.85494	0.820345	0.872184	0.863771	0.83763	0.811613	0.84493	0.852666	0.841937	0.802956	0.808858	0.813312	0.839544	0.833519	0.861673	0.876274	0.841253	0	0.863486	0.867197	0.835184	0.839195	0.813467	0.851211	0.799597	0.845385	0.783931	0.736683	0.87878	0.883606	0.879848	0.819502	0.836748	0.860485	0.817879	0.863576	0.769592	0.853666	0.891667	0.84005	0.845736	0.848144	0.865533	0.855282	0.887889	0.799233	0.867966	0.848407	0.830732	0.829503	0.827273	0.844226	0.809962	0.871155	0.856081	0.880745	0.813966	0.820205	0.819161	0.752888	0.8631	0.826363	0.831258	0.868034	0.808031	0.831591	0.849037	0.876855	0.848252	0.90274	0.807167	0.843467	0.865381	0.824474	0.796461	0.871818	0.822727	0.834149	0.738585	0.882811	0.874067	0.846699	0.841743	0.852855	0.835211	0.867227
gut_33	0.830153	0.863735	0.880525	0.892107	0.881913	0.865469	0.838711	0.925938	0.84324	0.86613	0.867819	0.817976	0.850388	0.842955	0.833068	0.878081	0.885064	0.891405	0.877808	0.890793	0.837853	0.878463	0.846397	0.86918	0.863057	0.900288	0.827556	0.868148	0.879659	0.874554	0.888361	0.863486	0	0.885553	0.836822	0.843062	0.855504	0.885752	0.860863	0.848769	0.884312	0.874636	0.873738	0.872109	0.853672	0.867469	0.869293	0.842904	0.85137	0.79191	0.824796	0.853093	0.816005	0.826138	0.855599	0.903562	0.824942	0.831333	0.89291	0.83736	0.810253	0.874771	0.857813	0.8461	0.857648	0.852678	0.905223	0.842161	0.887643	0.826332	0.854729	0.851843	0.836422	0.858425	0.85855	0.73452	0.890303	0.859749	0.83996	0.828395	0.857729	0.832181	0.854616	0.833601	0.850287	0.77642	0.888913	0.902209	0.83268	0.874951	0.839423	0.855878	0.815709	0.861162	0.859223	0.832505	0.835886	0.875332	0.844475	0.896176
gut_34	0.814887	0.881365	0.926608	0.883752	0.885942	0.842709	0.817476	0.832276	0.815326	0.854481	0.875503	0.841317	0.818705	0.874076	0.860856	0.824619	0.894154	0.886913	0.844413	0.811546	0.807922	0.888506	0.811356	0.882912	0.806828	0.863499	0.895596	0.863253	0.879171	0.828806	0.84754	0.867197	0.885553	0	0.883431	0.847526	0.837515	0.902586	0.864618	0.815888	0.812198	0.895933	0.816462	0.856881	0.875641	0.866521	0.868699	0.870582	0.808425	0.843598	0.88377	0.868721	0.895461	0.830194	0.844902	0.873103	0.890361	0.848951	0.8632	0.798553	0.895615	0.842736	0.798866	0.825999	0.850374	0.827343	0.843476	0.871012	0.850793	0.868022	0.856821	0.871772	0.845367	0.867227	0.837466	0.914263	0.906883	0.85006	0.891727	0.847348	0.837811	0.835284	0.790909	0.798557	0.824672	0.885659	0.920653	0.821956	0.894131	0.9006	0.870267	0.86688	0.868959	0.842281	0.86159	0.838457	0.818481	0.862413	0.842257	0.906372
gut_35	0.857599	0.879453	0.90111	0.914344	0.844389	0.876454	0.8518	0.870149	0.881764	0.897184	0.879405	0.828878	0.897464	0.914666	0.852014	0.875115	0.876562	0.888045	0.864748	0.813304	0.84861	0.868943	0.913173	0.867062	0.857629	0.823521	0.855313	0.858199	0.885367	0.857598	0.937984	0.835184	0.836822	0.883431	0	0.848287	0.888587	0.881538	0.911935	0.870654	0.860518	0.791369	0.868965	0.908752	0.899527	0.925786	0.878185	0.893656	0.846247	0.855022	0.810537	0.8391	0.845849	0.846719	0.862849	0.879099	0.869868	0.837623	0.880687	0.843965	0.862481	0.901446	0.869306	0.877103	0.878861	0.850282	0.916151	0.894513	0.907711	0.893987	0.910717	0.902459	0.853469	0.835426	0.883425	0.8775	0.861169	0.857451	0.892209	0.82881	0.922212	0.891917	0.866894	0.918305	0.862708	0.823883	0.903782	0.835298	0.834742	0.841356	0.822495	0.816811	0.856826	0.878006	0.871977	0.869773	0.884163	0.922625	0.838057	0.89732
gut_36	0.817504	0.851563	0.899664	0.87258	0.872405	0.870992	0.878089	0.871485	0.829674	0.853432	0.904875	0.843169	0.924789	0.901839	0.815934	0.892073	0.900851	0.900946	0.883791	0.854589	0.881869	0.89761	0.825365	0.800759	0.853657	0.876926	0.880085	0.873078	0.863671	0.869563	0.865892	0.839195	0.843062	0.847526	0.848287	0	0.783099	0.925935	0.854446	0.877725	0.810665	0.845147	0.860543	0.876505	0.840391	0.847301	0.848507	0.782403	0.862411	0.847177	0.83707	0.847984	0.897449	0.830489	0.855845	0.851351	0.889463	0.92897	0.753314	0.852894	0.8599	0.901914	0.833889	0.893904	0.853616	0.85974	0.885594	0.839079	0.878387	0.833683	0.903901	0.839656	0.75413	0.875478	0.806889	0.854835	0.811072	0.840163	0.866581	0.813481	0.883469	0.846103	0.847035	0.909151	0.846413	0.829977	0.892061	0.868198	0.858911	0.822036	0.852219	0.884712	0.878742	0.836966	0.807294	0.849988	0.863461	0.852976	0.851615	0.882782
gut_37	0.773116	0.818187	0.908917	0.852133	0.844506	0.865611	0.857825	0.856106	0.807812	0.848189	0.809597	0.859219	0.870586	0.853084	0.747424	0.870368	0.869924	0.883374	0.792595	0.811948	0.7856	0.835591	0.852092	0.753471	0.82935	0.850812	0.807432	0.856493	0.849744	0.823418	0.807303	0.813467	0.855504	0.837515	0.888587	0.783099	0	0.834415	0.827761	0.846229	0.825974	0.830224	0.871451	0.868421	0.839409	0.833144	0.792839	0.839232	0.825045	0.839381	0.827503	0.832891	0.873495	0.783229	0.811618	0.853587	0.838496	0.847654	0.820083	0.828914	0.841293	0.821304	0.71614	0.796093	0.844772	0.872779	0.858018	0.850578	0.836022	0.858349	0.807067	0.851984	0.829881	0.862729	0.805741	0.843404	0.817591	0.807521	0.839976	0.75956	0.803104	0.843415	0.840484	0.819431	0.767905	0.808392	0.817779	0.829723	0.770857	0.903192	0.864881	0.850611	0.846031	0.787934	0.837404	0.758734	0.86195	0.808566	0.858722	0.828733
gut_38	0.902602	0.897697	0.909466	0.851836	0.875841	0.874048	0.864048	0.901633	0.884223	0.897736	0.8899	0.864848	0.856903	0.849283	0.83925	0.864928	0.865219	0.905	0.820683	0.846686	0.793313	0.894889	0.880402	0.85422	0.879904	0.857353	0.818143	0.864681	0.86569	0.880117	0.842739	0.851211	0.885752	0.902586	0.881538	0.925935	0.834415	0	0.854789	0.817365	0.854757	0.830303	0.892205	0.934322	0.924361	0.882362	0.879626	0.906498	0.84629	0.890126	0.833449	0.868626	0.870358	0.846748	0.91647	0.814073	0.845247	0.880597	0.887306	0.868828	0.860527	0.866002	0.810782	0.85751	0.885311	0.864312	0.829714	0.906035	0.900136	0.910434	0.877125	0.92663	0.86635	0.834577	0.875805	0.84854	0.84391	0.899365	0.896002	0.87942	0.885482	0.897381	0.796872	0.92373	0.873132	0.89733	0.860521	0.862527	0.8463	0.844991	0.895862	0.885354	0.85937	0.839951	0.870816	0.841124	0.910223	0.859241	0.838331	0.905266
gut_39	0.80756	0.811187	0.893182	0.835352	0.871101	0.90217	0.899239	0.879115	0.870453	0.931974	0.856001	0.820828	0.844739	0.840059	0.846121	0.850335	0.875	0.921549	0.861502	0.89988	0.876911	0.805972	0.857876	0.842954	0.876637	0.882121	0.787266	0.814115	0.8434	0.871038	0.792324	0.799597	0.860863	0.864618	0.911935	0.854446	0.827761	0.854789	0	0.903533	0.791405	0.84184	0.895208	0.886309	0.882889	0.861845	0.860136	0.869548	0.806329	0.882324	0.830268	0.867369	0.845571	0.854252	0.903015	0.828019	0.880158	0.875029	0.843661	0.898598	0.921782	0.834917	0.823937	0.827485	0.908895	0.843055	0.835337	0.856359	0.881753	0.879522	0.826126	0.779808	0.849624	0.871744	0.797498	0.880755	0.923389	0.896808	0.88293	0.845338	0.874723	0.882302	0.821961	0.85759	0.892559	0.830515	0.866825	0.857668	0.771333	0.857525	0.80147	0.869859	0.890891	0.841925	0.857809	0.861336	0.855141	0.845645	0.847072	0.885296
gut_40	0.833595	0.860386	0.884348	0.885985	0.868934	0.847658	0.82822	0.864275	0.826508	0.86498	0.822508	0.812681	0.846958	0.797353	0.866413	0.826417	0.849884	0.907179	0.829518	0.85448	0.803385	0.881953	0.881032	0.845803	0.875715	0.859004	0.903833	0.884067	0.873042	0.83827	0.840938	0.845385	0.848769	0.815888	0.870654	0.877725	0.846229	0.817365	0.903533	0	0.809906	0.813859	0.850754	0.863043	0.882208	0.899962	0.881975	0.895278	0.844377	0.863053	0.7986	0.846831	0.861764	0.815652	0.858555	0.883857	0.763328	0.850515	0.829825	0.823224	0.889978	0.835751	0.849918	0.793128	0.879781	0.863365	0.877919	0.826751	0.899736	0.845498	0.859272	0.861365	0.783354	0.797256	0.891938	0.857256	0.893123	0.891555	0.864356	0.824276	0.821016	0.838085	0.849274	0.878318	0.803859	0.870469	0.873875	0.836366	0.861042	0.81738	0.88879	0.848003	0.855088	0.854928	0.815854	0.805386	0.878138	0.863173	0.775655	0.846699
gut_41	0.859171	0.78443	0.799128	0.857693	0.844596	0.865178	0.876997	0.799047	0.880514	0.848032	0.819031	0.836089	0.835547	0.885948	0.857814	0.844137	0.839723	0.875326	0.859574	0.846614	0.879321	0.89091	0.830384	0.852862	0.796285	0.8811	0.853127	0.87762	0.884756	0.897544	0.825006	0.783931	0.884312	0.812198	0.860518	0.810665	0.825974	0.854757	0.791405	0.809906	0	0.865998	0.873713	0.851354	0.90224	0.867507	0.878178	0.816968	0.8546	0.85575	0.828282	0.856891	0.832657	0.833957	0.83459	0.872924	0.884346	0.903575	0.838004	0.864023	0.892306	0.820544	0.804376	0.851619	0.818489	0.822941	0.832202	0.82972	0.882198	0.864572	0.847508	0.86836	0.824214	0.86309	0.853877	0.910172	0.762475	0.903791	0.837864	0.811403	0.839355	0.863894	0.869451	0.826915	0.864953	0.82572	0.89811	0.830775	0.816063	0.848046	0.866937	0.848387	0.839968	0.894557	0.860626	0.792719	0.829388	0.827677	0.814552	0.812097
gut_42	0.851465	0.862776	0.894731	0.858897	0.8183	0.853854	0.860973	0.907083	0.835699	0.867534	0.909921	0.822904	0.891313	0.856103	0.824538	0.887219	0.886418	0.855412	0.815955	0.838337	0.827469	0.874104	0.854027	0.807488	0.838692	0.793217	0.852701	0.851891	0.864538	0.856526	0.846163	0.736683	0.874636	0.895933	0.791369	0.845147	0.830224	0.830303	0.84184	0.813859	0.865998	0	0.807023	0.899901	0.897809	0.867177	0.878621	0.861665	0.876465	0.821765	0.784666	0.848776	0.877679	0.858619	0.910588	0.866901	0.802743	0.839088	0.8913	0.833338	0.860286	0.849586	0.88202	0.835968	0.891597	0.821605	0.853601	0.883242	0.844531	0.891286	0.823214	0.816831	0.876287	0.83399	0.837893	0.827899	0.85308	0.846654	0.868298	0.822813	0.869707	0.899806	0.872357	0.898612	0.841079	0.832874	0.854596	0.855981	0.791754	0.861295	0.861524	0.829463	0.838214	0.897045	0.871569	0.839847	0.879027	0.891385	0.8527	0.878271
gut_43	0.852232	0.876626	0.897223	0.879466	0.852982	0.875181	0.825345	0.913134	0.884954	0.878759	0.878487	0.79931	0.904228	0.898852	0.854259	0.808126	0.864242	0.911536	0.850337	0.834228	0.8366	0.882987	0.864632	0.832355	0.86619	0.898283	0.903426	0.852297	0.871253	0.892697	0.868322	0.87878	0.873738	0.816462	0.868965	0.860543	0.871451	0.892205	0.895208	0.850754	0.873713	0.807023	0	0.866652	0.864931	0.905386	0.871993	0.908472	0.911748	0.874114	0.854109	0.879328	0.898708	0.866467	0.888331	0.879076	0.806553	0.887659	0.846811	0.802133	0.87124	0.801496	0.87485	0.828259	0.906507	0.862287	0.926095	0.823584	0.86719	0.853689	0.875403	0.828052	0.823827	0.839754	0.85317	0.870724	0.859495	0.88516	0.875752	0.853222	0.863793	0.852704	0.893686	0.826354	0.876401	0.856066	0.860153	0.821152	0.871485	0.841143	0.866917	0.890589	0.858765	0.871955	0.839046	0.85063	0.857967	0.889626	0.846851	0.881412
gut_44	0.906673	0.860018	0.897537	0.889717	0.878009	0.849327	0.892134	0.911481	0.827825	0.854196	0.868433	0.8041	0.918993	0.880324	0.841063	0.845847	0.857237	0.880926	0.88281	0.839759	0.850309	0.900508	0.81409	0.872561	0.891671	0.878847	0.860174	0.852235	0.906934	0.845306	0.891212	0.883606	0.872109	0.856881	0.908752	0.876505	0.868421	0.934322	0.886309	0.863043	0.851354	0.899901	0.866652	0	0.908949	0.897585	0.898077	0.820736	0.875821	0.816007	0.840185	0.859961	0.864827	0.828888	0.839888	0.888942	0.822812	0.896726	0.863199	0.847245	0.871712	0.871414	0.875514	0.867288	0.856996	0.879272	0.855063	0.863332	0.851352	0.904697	0.899635	0.872871	0.877296	0.891492	0.851686	0.887663	0.882314	0.883748	0.849642	0.854815	0.847047	0.845307	0.843781	0.842553	0.870121	0.810352	0.912949	0.847192	0.834641	0.815391	0.884361	0.905972	0.892506	0.830981	0.866908	0.804325	0.812699	0.898718	0.85293	0.895953
