SampleID	vaginal_1	vaginal_2	vaginal_3	vaginal_4	vaginal_5	vaginal_6	vaginal_7	vaginal_8	vaginal_9	vaginal_10	vaginal_11	vaginal_12	vaginal_13	vaginal_14	vaginal_15	vaginal_16	vaginal_17	vaginal_18	vaginal_19	vaginal_20	vaginal_21	vaginal_22	vaginal_23	vaginal_24	vaginal_25	vaginal_26	vaginal_27	vaginal_28	vaginal_29	vaginal_30	vaginal_31	vaginal_32	vaginal_33	vaginal_34	vaginal_35	vaginal_36	vaginal_37	vaginal_38	vaginal_39	vaginal_40	vaginal_41	vaginal_42	vaginal_43	vaginal_44	vaginal_45	vaginal_46	vaginal_47	vaginal_48	vaginal_49	vaginal_50	vaginal_51	vaginal_52	vaginal_53	vaginal_54	vaginal_55	vaginal_56	vaginal_57	vaginal_58	vaginal_59	vaginal_60	vaginal_61	vaginal_62	vaginal_63	vaginal_64	vaginal_65	vaginal_66	vaginal_67	vaginal_68	vaginal_69	vaginal_70	vaginal_71	vaginal_72	vaginal_73	vaginal_74	vaginal_75	vaginal_76	vaginal_77	vaginal_78	vaginal_79	vaginal_80	vaginal_81	vaginal_82	vaginal_83	vaginal_84	vaginal_85	vaginal_86	vaginal_87	vaginal_88	vaginal_89	vaginal_90	vaginal_91	vaginal_92	vaginal_93	vaginal_94	vaginal_95	vaginal_96	vaginal_97	vaginal_98	vaginal_99	vaginal_100
vaginal_1	0	0.815163	0.909719	1	0.975035	0.882573	0.972463	0.920517	0.947905	0.893475	0.930831	0.895169	0.971381	0.940861	0.977206	0.920961	0.972579	0.769929	0.900922	0.944084	0.877086	1	0.810059	0.92339	0.891022	0.917237	0.81041	0.823823	0.8187	1	0.958344	0.898386	0.949551	0.905185	0.9251	0.891665	0.944219	0.93942	0.961256	1	0.94569	0.989445	0.946052	0.893814	0.955577	0.846477	0.849381	0.964217	0.940339	0.807701	0.88524	0.909841	0.781205	0.86956	0.932782	0.98734	0.96137	0.976683	0.954772	0.893478	0.924094	0.940862	0.848872	0.923603	0.944296	0.973578	0.879791	0.923097	0.927478	0.787679	0.869489	0.871829	0.971441	0.784226	0.929917	0.916001	0.96598	0.932351	0.906352	0.937635	0.989445	0.941829	0.964777	0.959683	0.884041	0.86137	0.951832	0.969435	0.897132	0.960908	0.833667	0.956054	1	0.970355	0.944924	1	0.945071	0.869127	0.956104	0.878121
vaginal_2	0.815163	0	0.920038	0.994718	0.918383	0.909895	0.916828	0.926929	0.980482	0.868092	0.802625	0.868769	0.975974	0.887556	0.841769	0.853987	0.841728	0.974578	0.901749	0.908792	0.831398	0.869675	0.913165	0.99625	0.979367	0.942665	0.83957	0.91149	0.749308	1	0.883019	0.785717	0.965191	0.92106	0.936915	0.922733	0.914164	0.954732	0.849734	0.979915	0.93429	0.965945	0.900972	0.937567	0.814753	0.903835	0.852337	0.961568	0.904941	0.981633	0.935211	0.916065	0.900804	0.860833	0.943126	0.960145	0.911518	0.927316	0.977104	0.825634	0.932163	0.988145	0.930841	0.941753	0.933204	0.906516	0.919529	0.954499	0.981048	0.854933	0.906673	0.871694	0.835744	0.883856	0.937466	0.939164	0.79447	0.921878	0.89467	0.946985	0.891025	0.913157	0.93459	0.913276	0.899186	0.913865	0.936442	1	0.843776	0.805787	0.961499	0.934877	1	0.887257	0.878327	0.965491	0.954391	0.881791	0.921834	0.852114
vaginal_3	0.909719	0.920038	0	1	0.982973	0.871495	0.947158	0.919053	0.861561	0.884375	0.853607	0.897099	0.884389	0.916153	0.7985	0.906372	0.89375	0.946079	0.927936	0.947011	0.900687	0.981183	0.920998	0.959424	0.940371	0.949689	0.894248	0.927281	0.899357	0.781269	0.94307	0.844304	0.979589	0.938776	0.910879	0.946547	0.787834	0.937889	0.945009	0.977046	0.890068	0.951118	0.895492	0.901441	0.910561	0.855333	0.912486	0.917295	0.88624	0.868261	0.905035	0.879373	0.759204	0.910709	0.965341	0.857036	0.960658	0.947179	0.956339	0.929439	0.928594	0.957271	0.918786	0.895961	0.959404	0.918466	0.878885	0.952954	0.880334	0.886424	0.844189	0.895276	0.89275	0.914976	0.915792	0.848957	0.822294	0.92976	0.893274	0.916876	0.967826	0.841556	0.814628	0.937398	0.860395	0.924003	0.983333	1	0.931015	0.933467	0.955616	0.947082	0.935733	0.842879	0.934107	0.868956	0.961817	0.867988	0.969079	0.89848
vaginal_4	1	0.994718	1	0	0.976216	0.97166	0.983089	0.988367	0.973462	0.97068	0.983089	0.949038	0.938666	0.702034	1	0.987392	0.870457	0.995905	0.90364	0.913502	0.936671	1	0.964518	0.971959	0.977181	0.906786	0.872362	0.933789	0.928842	0.959238	1	0.955139	0.926073	0.967697	0.921922	0.897545	0.984226	0.987125	0.986347	0.967265	0.88607	0.745686	0.938704	0.958151	0.951192	0.968973	0.967143	0.917306	0.978072	1	0.944533	0.974728	0.979234	0.997505	0.937739	0.934543	0.968816	0.885758	0.908357	0.973341	0.854412	0.98139	0.961234	0.916818	0.938954	0.914744	0.909607	0.900688	0.963093	0.822032	0.925865	0.987783	0.992642	0.901838	1	0.928363	0.967999	0.953236	0.957719	0.972399	1	0.944093	0.960361	0.908825	0.935839	0.863944	0.971959	0.971959	0.933217	0.943654	1	0.942695	0.920567	0.833718	0.933089	0.809892	1	0.989515	0.974348	0.865325
vaginal_5	0.975035	0.918383	0.982973	0.976216	0	0.928743	1	0.963845	0.949081	0.986574	0.883981	0.97916	0.958705	1	1	0.936608	0.964093	0.948876	0.962521	0.933294	0.941976	1	0.982468	0.82105	0.979882	0.959745	0.948286	0.93347	0.943983	0.973139	1	0.977905	1	0.952656	0.934317	0.874037	0.987501	0.97986	0.971581	0.934317	0.911643	0.987639	0.895481	0.983252	0.990436	0.983252	0.952295	0.994914	0.972634	0.993536	0.955293	0.966703	0.934943	0.898864	0.992922	1	0.910833	1	1	0.901503	0.98066	0.979654	0.980188	0.972992	0.977713	0.902945	0.925297	0.986861	0.862661	0.994092	0.911215	0.979882	0.944933	0.975191	0.901798	0.921117	0.971847	0.756778	0.91897	0.921081	0.884278	0.897391	0.959468	0.93136	0.944384	0.97804	1	0.902952	0.975444	0.867173	1	0.851342	0.976216	0.983252	0.933334	0.888758	0.898524	0.985044	0.95717	0.915686
vaginal_6	0.882573	0.909895	0.871495	0.97166	0.928743	0	0.948754	0.871294	0.927429	0.900274	0.849677	0.891151	0.904726	0.806749	0.797914	0.900659	0.954703	0.907227	0.906962	0.885951	0.927249	0.969048	0.86511	0.920402	0.92687	0.961767	0.809228	0.893321	0.852306	0.954305	0.889897	0.84097	0.891847	0.838299	0.905026	0.88298	0.960323	0.898087	0.864541	0.956806	0.835919	0.896134	0.942908	0.858724	0.824017	0.878989	0.802062	0.935719	0.894471	0.889972	0.95724	0.843118	0.914472	0.945305	0.866536	0.951927	0.89879	0.923709	0.986469	0.875089	0.808407	0.95401	0.933059	0.882613	0.757194	0.89903	0.877565	0.863321	0.790145	0.914293	0.895011	0.94726	0.953268	0.89913	0.889478	0.859599	0.909623	0.891243	0.838576	0.80939	0.838871	0.867163	0.92946	0.911405	0.847284	0.886644	0.944064	0.925896	0.906045	0.914365	0.967647	0.99482	0.895554	0.919647	0.844778	0.972765	0.863156	0.931849	0.931257	0.965814
vaginal_7	0.972463	0.916828	0.947158	0.983089	1	0.948754	0	0.882416	0.920809	0.857624	0.955085	0.919657	0.916825	0.954716	0.943108	0.888508	0.970918	0.939905	0.930839	0.995542	0.852851	0.928157	0.958122	0.938671	0.983386	0.973009	0.927688	0.886646	0.916509	0.885636	0.935012	0.976156	0.866597	1	0.933468	0.929229	0.97749	0.860329	0.93597	0.922871	0.907599	0.956292	0.95032	0.977408	0.780285	0.925664	0.994207	0.965976	0.92796	0.978926	0.914139	0.973861	0.942665	0.872163	0.932871	0.885909	0.90342	0.979101	0.966224	0.847774	0.943676	0.985123	0.973553	0.931624	0.86811	0.942925	0.815011	0.906542	0.706158	0.938325	0.984717	0.952493	0.906829	0.947392	0.932441	0.971904	0.793055	0.928577	0.936583	0.968764	0.87513	0.852439	0.889431	0.916601	0.918754	0.85741	1	0.979139	0.834906	0.943021	0.931834	1	1	0.876977	0.878796	0.915948	0.912212	0.788747	0.907259	0.939499
vaginal_8	0.920517	0.926929	0.919053	0.988367	0.963845	0.871294	0.882416	0	0.882577	0.774886	0.857557	0.799646	0.910611	0.92518	0.872838	0.86592	0.934012	0.938514	0.875644	0.954317	0.956617	0.920437	0.822376	0.903831	0.861732	0.760345	0.872822	0.912607	0.867552	0.92441	0.96415	0.838014	0.847802	0.748181	0.867373	0.849976	0.95395	0.757918	0.83992	0.942775	0.825906	0.863611	0.819891	0.874734	0.901956	0.807629	0.940982	0.871863	0.901265	0.84209	0.94905	0.876323	0.929752	0.861265	0.911772	0.922606	0.854	0.901539	0.899709	0.860665	0.895603	0.911168	0.863554	0.826126	0.883373	0.85567	0.952583	0.845858	0.931264	0.847821	0.897486	0.958697	0.954857	0.81995	0.781795	0.870516	0.822424	0.805406	0.902278	0.796289	0.868251	0.930194	0.828566	0.774904	0.873188	0.919015	0.946533	0.938773	0.845696	0.822475	0.907456	0.944567	0.955905	0.856077	0.887847	0.93491	0.840545	0.865441	0.841052	0.928889
vaginal_9	0.947905	0.980482	0.861561	0.973462	0.949081	0.927429	0.920809	0.882577	0	0.892485	0.978666	0.923288	0.770652	0.851862	0.940054	0.911657	0.948276	0.858454	0.918323	0.931375	0.933755	0.964817	0.901865	0.966995	0.879579	0.845224	0.887311	0.87544	0.847955	0.958102	0.98531	0.872724	0.946505	0.914125	0.889023	0.924622	0.919008	0.885259	0.843007	0.771642	0.837136	0.926317	0.911398	0.86845	0.918654	0.81064	0.892795	0.827745	0.927027	0.867813	0.859669	0.902683	0.907293	0.925357	0.949191	0.822213	0.858884	0.970132	0.908795	0.872426	0.910166	0.904731	0.832437	0.859481	0.856509	0.899718	0.794641	0.925727	0.813694	0.920951	0.875206	0.913165	0.934986	0.878944	0.951039	0.890764	0.84001	0.856659	0.88165	0.834407	0.846711	0.816884	0.91558	0.919983	0.895524	0.871955	0.930255	0.904193	0.931006	0.94173	0.886236	0.986487	0.988151	0.862995	0.912997	0.799822	0.963759	0.920959	0.822888	0.94425
vaginal_10	0.893475	0.868092	0.884375	0.97068	0.986574	0.900274	0.857624	0.774886	0.892485	0	0.896062	0.964244	0.844428	0.890274	0.959283	0.933487	0.910073	0.962601	0.941087	0.894309	0.855604	1	0.877473	0.948463	0.905627	0.877925	0.788404	0.957016	0.754017	0.892391	1	0.86799	0.91609	0.90837	0.810723	0.858889	0.988805	0.861925	0.895098	0.961314	0.938597	0.858175	0.877164	0.911386	0.904832	0.861335	0.924198	0.899661	0.920936	0.869027	0.92053	0.860177	0.959287	0.822697	0.905646	1	0.966609	0.953066	0.935441	0.932349	0.852334	0.981527	0.92766	0.800677	0.88237	0.886694	0.858969	0.857039	0.913508	0.890241	0.902902	0.864717	0.964869	0.861185	0.896	0.81338	0.880461	0.958243	0.866643	0.911495	0.964982	0.829882	0.892417	0.946264	0.756329	0.898611	0.939163	0.990827	0.923624	0.856176	0.914367	0.938131	0.883446	0.874924	0.905204	0.909071	0.82867	0.821422	0.879215	0.832342
vaginal_11	0.930831	0.802625	0.853607	0.983089	0.883981	0.849677	0.955085	0.857557	0.978666	0.896062	0	0.740156	0.982297	0.934379	0.964436	0.822888	0.88509	0.97796	0.892846	0.918723	0.885879	1	0.886957	0.875436	0.971715	0.916635	0.876788	0.869031	0.825665	0.992566	0.990599	0.766457	0.987531	0.860093	0.886346	0.883167	0.926706	0.949303	0.904575	0.867157	0.940432	0.983136	0.841579	0.824318	0.903638	0.838855	0.845231	0.899977	0.892807	0.977847	0.925792	0.913967	0.856251	0.917989	0.929229	0.98923	0.893502	0.887501	1	0.761418	0.850735	0.928455	0.941473	0.918459	0.934456	0.792085	0.920402	0.923408	0.884869	0.883774	0.843352	0.918639	0.88152	0.852471	0.84273	0.909856	0.924358	0.877834	0.835969	0.964238	0.80318	0.901692	0.844824	0.880064	0.885052	0.857111	0.909192	0.979688	0.903478	0.943326	0.916072	0.96115	0.924611	0.975826	0.941749	0.954896	0.876503	0.927807	0.87982	0.902362
vaginal_12	0.895169	0.868769	0.897099	0.949038	0.97916	0.891151	0.919657	0.799646	0.923288	0.964244	0.740156	0	0.947627	0.84129	0.924346	0.960619	0.987618	0.985092	0.803513	0.919682	0.960702	0.887606	0.944364	0.967372	0.87983	0.850349	0.893725	0.956215	0.807579	0.91123	0.982401	0.881084	0.816945	0.940833	0.97701	0.90964	0.991903	0.79952	0.886268	0.986273	0.903978	0.955616	0.928363	0.83075	0.853882	0.697578	0.911671	0.960398	0.924397	0.925608	0.947766	0.932104	0.905833	0.8504	0.972611	0.980365	0.918406	0.838117	0.951081	0.865063	0.873934	0.978337	0.926161	0.840069	0.934761	0.88294	0.932904	0.926053	0.954384	0.865608	0.944873	0.933681	0.895584	0.937501	0.931353	0.898231	0.911793	0.962349	0.862002	0.887213	0.923102	0.945431	0.922102	0.899055	0.852878	0.953777	0.978254	0.923535	0.980692	0.983308	0.933161	0.986811	0.976993	0.866245	0.835277	0.954911	0.95884	0.905838	0.912869	0.895641
vaginal_13	0.971381	0.975974	0.884389	0.938666	0.958705	0.904726	0.916825	0.910611	0.770652	0.844428	0.982297	0.947627	0	0.908263	0.976168	0.890301	0.966431	0.940341	0.922023	0.928146	0.935789	1	0.82085	0.909514	0.872603	0.880698	0.779898	0.847129	0.915068	0.936702	0.952243	0.891088	0.949369	0.902466	0.878345	0.867384	0.96366	0.841231	0.941068	0.943913	0.948256	0.896981	0.880271	0.942296	0.804033	0.91759	0.931598	0.906208	0.778032	0.923023	0.834995	0.878609	0.910812	0.825995	0.891364	0.810947	0.854634	0.883083	0.905486	0.953884	0.880597	0.98556	0.922381	0.777065	0.857242	0.887824	0.84688	0.923067	0.734018	0.958743	0.919043	0.917744	0.917615	0.872047	0.926642	0.868738	0.858456	0.88212	0.840739	0.8458	0.92613	0.827778	0.92461	0.888695	0.89536	0.919296	0.970545	0.944083	0.949194	0.956147	0.915901	0.948335	0.934385	0.906349	0.879914	0.779743	0.950733	0.964785	0.92131	0.988722
vaginal_14	0.940861	0.887556	0.916153	0.702034	1	0.806749	0.954716	0.92518	0.851862	0.890274	0.934379	0.84129	0.908263	0	0.899588	0.933861	0.877329	0.906433	0.908104	0.903652	0.909602	0.957037	0.902551	0.968293	0.966396	0.942553	0.891649	0.931615	0.873567	0.845974	0.929347	0.9231	0.867908	0.832817	0.911439	0.96774	0.940881	0.918195	0.961937	1	0.850164	0.899473	0.925883	0.936521	0.882138	0.894694	0.916364	0.939474	0.898621	0.878483	0.880006	0.913083	0.919999	0.950915	0.906572	0.901132	0.91874	0.89489	1	0.915501	0.816736	0.985667	0.967284	0.876715	0.829113	0.923829	0.923338	0.928699	0.963452	0.896145	0.942108	0.885758	0.944218	0.880959	0.947528	0.916005	0.919977	0.954804	0.83624	0.832173	0.939555	0.869894	0.936339	0.973032	0.880204	0.914247	0.906365	0.93638	0.869796	0.943799	0.98982	0.961505	0.930885	0.925933	0.920535	0.944821	0.969021	0.948167	0.923332	0.849227
vaginal_15	0.977206	0.841769	0.7985	1	1	0.797914	0.943108	0.872838	0.940054	0.959283	0.964436	0.924346	0.976168	0.899588	0	0.828524	0.889831	0.988291	0.850608	0.930665	0.884378	0.933792	0.897192	1	0.907198	0.922921	0.927056	0.858751	0.868599	0.858398	0.815201	0.88947	0.979589	0.954375	0.916759	0.915183	0.95208	0.813962	0.910545	0.934205	0.847993	0.937112	0.924696	0.92586	0.849347	0.82868	0.923495	0.988012	0.898358	0.925282	0.844061	0.833382	0.828991	0.936556	0.923055	0.897124	1	0.932811	0.941406	0.974003	0.937273	0.963904	0.969869	0.956375	0.958619	0.863056	0.931622	0.859543	0.880406	0.85865	0.950599	0.934495	0.873032	0.864908	0.976755	0.925253	0.820046	0.918857	0.910536	0.926189	1	0.908384	0.864102	0.865664	0.914232	0.927211	0.720096	0.925164	0.919345	0.901853	0.925574	0.934929	1	0.877087	0.860815	0.916104	1	0.796339	0.923445	0.900249
vaginal_16	0.920961	0.853987	0.906372	0.987392	0.936608	0.900659	0.888508	0.86592	0.911657	0.933487	0.822888	0.960619	0.890301	0.933861	0.828524	0	0.905123	0.944167	0.959986	0.886046	0.911175	0.979904	0.812054	0.946078	0.842526	0.873203	0.861524	0.809561	0.83607	0.993526	0.910043	0.867504	0.888083	0.936527	0.95285	0.867465	0.911526	0.870271	0.86001	0.8495	0.909332	0.931998	0.642017	0.944755	0.883349	0.851173	0.912179	0.920792	0.887032	0.966492	0.837773	0.873079	0.846507	0.818098	0.861727	0.923167	0.920288	0.849608	0.961931	0.894946	0.874483	0.951267	0.903661	0.930771	0.903002	0.667459	0.879059	0.838894	0.888	0.871343	0.805344	0.880646	0.872559	0.79619	0.805731	0.879576	0.859792	0.867157	0.786088	0.856105	0.965054	0.794535	0.901563	0.72511	0.91135	0.822651	0.90361	0.8558	0.887278	0.880329	0.965205	0.951882	0.924749	0.931951	0.858121	0.922616	0.93164	0.87208	0.797187	0.874785
vaginal_17	0.972579	0.841728	0.89375	0.870457	0.964093	0.954703	0.970918	0.934012	0.948276	0.910073	0.88509	0.987618	0.966431	0.877329	0.889831	0.905123	0	0.948363	0.859311	0.868675	0.876131	0.933204	0.927923	0.994918	0.910656	0.923638	0.884242	0.953863	0.920132	1	0.916066	0.897434	0.961288	0.845697	0.949202	0.938952	0.910032	0.943172	0.887686	0.990908	0.878542	0.93595	0.921241	0.92169	0.899106	0.843889	0.894138	0.942595	0.981448	0.945661	0.885613	0.935582	0.923185	0.921426	0.959067	0.918878	0.950289	0.679372	1	0.933759	0.941871	0.98139	0.935008	0.971842	0.955954	0.915206	0.960486	0.918047	0.953008	0.880448	0.825095	0.901322	0.942966	0.959329	0.940479	0.928024	0.876095	0.856798	0.92367	0.969936	0.96843	0.842328	0.763186	0.895505	0.944586	0.961319	0.919958	0.958609	0.86762	0.891075	0.927159	0.932131	0.964444	0.865305	0.87145	0.967849	0.927518	0.909997	0.90771	0.978582
vaginal_18	0.769929	0.974578	0.946079	0.995905	0.948876	0.907227	0.939905	0.938514	0.858454	0.962601	0.97796	0.985092	0.940341	0.906433	0.988291	0.944167	0.948363	0	0.952236	0.97516	0.927007	1	0.895994	0.965532	0.929839	0.982833	0.934977	0.873478	0.898189	0.97459	0.971004	0.970123	0.952035	0.891685	0.984204	0.949376	0.783001	0.925405	0.937787	1	0.918374	0.936354	0.981817	0.95379	0.950882	0.826211	0.890469	0.866924	0.952249	0.840627	0.939977	0.935352	0.895922	0.956329	0.970764	0.950686	0.914875	0.987913	1	0.896105	0.894909	0.879908	0.829261	0.91297	0.913781	0.979031	0.873992	0.950938	0.975295	0.957168	0.971	0.867783	0.764733	0.956275	0.948898	0.930194	0.935533	0.928201	0.9206	0.897553	0.902061	0.887551	0.93254	0.987447	0.901019	0.961663	0.973597	0.964445	0.822332	0.916741	0.875965	0.963923	0.973649	0.967704	0.981847	1	0.997145	0.988198	0.881433	0.978488
vaginal_19	0.900922	0.901749	0.927936	0.90364	0.962521	0.906962	0.930839	0.875644	0.918323	0.941087	0.892846	0.803513	0.922023	0.908104	0.850608	0.959986	0.859311	0.952236	0	0.832244	0.926793	0.978657	0.87739	0.915507	0.857973	0.896758	0.76347	0.892133	0.830423	0.853084	0.986622	0.817934	0.908116	0.904244	0.850575	0.936807	0.9346	0.868483	0.904529	0.988936	0.854469	0.971056	0.938319	0.928005	0.792187	0.70712	0.797045	0.9165	0.889081	0.917079	0.795521	0.810199	0.818837	0.870483	0.980675	0.947548	0.87982	0.875204	0.965994	0.897122	0.852437	0.954594	0.886259	0.846175	0.946663	0.881647	0.929326	0.966869	0.854737	0.902346	0.872076	0.926916	0.89413	0.905792	0.937115	0.746386	0.802188	0.880051	0.874806	0.816489	0.936869	0.918746	0.839141	0.869531	0.859605	0.958575	0.883	0.882524	0.807685	0.908276	0.982869	0.963229	0.914938	0.792696	0.853912	0.85828	0.956454	0.90192	0.882117	0.957242
vaginal_20	0.944084	0.908792	0.947011	0.913502	0.933294	0.885951	0.995542	0.954317	0.931375	0.894309	0.918723	0.919682	0.928146	0.903652	0.930665	0.886046	0.868675	0.97516	0.832244	0	0.927883	0.84803	0.911597	0.805976	0.866391	0.929587	0.877557	0.863356	0.905054	0.888165	0.918946	0.883038	0.889807	0.967891	0.896286	0.955123	0.911922	0.929759	0.914801	0.90949	0.904106	0.889208	0.882884	0.929325	0.906192	0.917465	0.858554	0.910074	0.921513	0.861945	0.905268	0.867356	0.863516	0.916491	0.882936	0.873004	0.924541	0.947928	0.963983	0.782383	0.882526	0.987206	0.922061	0.847309	0.853133	0.842877	0.812799	0.86705	0.915697	0.969058	0.852365	0.922479	0.931128	0.865483	0.895986	0.827384	0.944104	0.886081	0.817424	0.910352	0.988723	0.829193	0.904769	0.859049	0.921984	0.888194	0.869696	0.962907	0.851925	0.885198	0.980077	0.993813	0.944335	0.786997	0.867356	0.883934	0.911085	0.87044	0.882866	0.903644
vaginal_21	0.877086	0.831398	0.900687	0.936671	0.941976	0.927249	0.852851	0.956617	0.933755	0.855604	0.885879	0.960702	0.935789	0.909602	0.884378	0.911175	0.876131	0.927007	0.926793	0.927883	0	0.907642	0.857075	0.977939	0.948252	0.972241	0.790313	0.838228	0.814334	0.988408	0.957044	0.91671	0.962771	0.837338	0.891169	0.969336	0.982904	0.890641	0.827633	0.926846	0.889486	0.926879	0.902441	0.935257	0.891263	0.84509	0.882563	0.970202	0.953397	0.96009	0.833364	0.917036	0.869411	0.732385	0.843713	0.930251	0.869692	0.917507	0.907117	0.900079	0.940275	0.990511	0.964274	0.959506	0.917803	0.913865	0.838745	0.913822	0.798137	0.951148	0.814745	0.871469	0.982904	0.94633	0.977022	0.94507	0.891066	0.827936	0.865854	0.887725	0.926744	0.806473	0.772743	0.930447	0.830972	0.798158	0.826737	0.979139	0.837605	0.80413	0.969375	0.902137	0.813848	0.898659	0.914323	0.926888	0.949295	0.909374	0.881932	0.884533
vaginal_22	1	0.869675	0.981183	1	1	0.969048	0.928157	0.920437	0.964817	1	1	0.887606	1	0.957037	0.933792	0.979904	0.933204	1	0.978657	0.84803	0.907642	0	0.971914	1	0.867958	0.843376	0.965893	0.993321	0.956668	0.841041	0.941028	0.983296	0.911234	0.973724	0.921594	0.960711	1	0.878146	0.924459	1	0.941396	0.977939	0.989226	0.903194	0.911908	0.958362	0.937434	0.955477	0.964332	0.93628	0.971713	0.943635	1	0.940229	0.94155	0.867352	0.947915	1	1	0.936513	0.950825	1	0.92178	0.989531	0.932041	0.993652	0.989581	0.954485	0.953415	0.981181	0.924159	0.930458	0.980661	0.972317	0.960226	0.99466	0.862943	0.930747	0.951549	0.923123	0.911018	0.956077	0.94237	0.950901	1	0.899266	0.977965	0.979071	0.965126	0.960732	0.873543	1	1	0.894212	0.880981	0.954148	0.911085	0.895857	0.964684	0.917573
vaginal_23	0.810059	0.913165	0.920998	0.964518	0.982468	0.86511	0.958122	0.822376	0.901865	0.877473	0.886957	0.944364	0.82085	0.902551	0.897192	0.812054	0.927923	0.895994	0.87739	0.911597	0.857075	0.971914	0	0.938635	0.845707	0.874703	0.851587	0.751619	0.85348	0.957562	0.916451	0.813735	0.935591	0.894103	0.763236	0.888243	0.914757	0.841664	0.906702	0.909366	0.895127	0.813318	0.826472	0.930495	0.818628	0.883106	0.783843	0.969487	0.889257	0.91333	0.905154	0.810264	0.846788	0.922957	0.884282	0.967267	0.957635	0.846641	0.955394	0.956649	0.882806	0.882334	0.829545	0.850731	0.956876	0.786199	0.885887	0.864173	0.859999	0.902887	0.849061	0.836328	0.968677	0.76539	0.807245	0.88729	0.83231	0.769502	0.798936	0.817894	0.960673	0.834631	0.846853	0.880446	0.899612	0.83517	0.84241	0.932288	0.895006	0.838376	0.94061	0.946053	0.931414	0.914916	0.920557	0.93981	0.916298	0.932799	0.806672	0.972651
vaginal_24	0.92339	0.99625	0.959424	0.971959	0.82105	0.920402	0.938671	0.903831	0.966995	0.948463	0.875436	0.967372	0.909514	0.968293	1	0.946078	0.994918	0.965532	0.915507	0.805976	0.977939	1	0.938635	0	0.874075	0.949704	0.874103	0.889576	0.950811	1	0.995564	0.916052	0.946459	0.946246	0.909767	0.835833	0.963798	0.97403	0.953486	0.988936	0.916403	1	0.937796	0.976257	0.876769	0.983599	0.983984	0.846703	0.791658	0.954632	0.982596	0.882496	0.920609	0.943648	0.936876	0.995564	0.755749	0.949437	0.998411	0.821262	0.960654	0.914211	0.978971	0.933692	0.891824	0.919541	0.936648	0.870462	0.914071	0.964358	0.973301	0.956207	0.984562	0.865598	0.931959	0.812878	0.907959	0.914371	0.925463	0.828195	0.95558	0.967891	0.948178	0.892286	0.987885	0.955573	0.925837	0.853893	0.812334	0.967703	0.893583	0.98229	0.9115	0.878047	0.837985	1	0.851615	0.90823	0.933387	0.925363
vaginal_25	0.891022	0.979367	0.940371	0.977181	0.979882	0.92687	0.983386	0.861732	0.879579	0.905627	0.971715	0.87983	0.872603	0.966396	0.907198	0.842526	0.910656	0.929839	0.857973	0.866391	0.948252	0.867958	0.845707	0.874075	0	0.890886	0.865432	0.904092	0.81068	0.96688	0.962084	0.926296	0.882006	0.845418	0.929956	0.961542	0.897153	0.906014	0.887603	0.917425	0.894205	0.905787	0.932116	0.978134	0.881695	0.861655	0.904752	0.894646	0.905757	0.920095	0.887587	0.937482	0.952585	0.922835	0.906002	0.95906	0.947961	0.788367	0.982217	0.862846	0.905656	0.988837	0.84229	0.906425	0.960033	0.853591	0.958371	0.887297	0.865582	0.92646	0.91465	0.960433	0.876143	0.823056	0.884067	0.914907	0.857476	0.840027	0.884167	0.891834	0.962726	0.897227	0.927389	0.898749	0.835551	0.902801	0.923451	0.795315	0.870571	0.872593	0.817686	0.904056	0.948883	0.928392	0.916949	0.929509	0.972498	0.840346	0.798989	0.894924
vaginal_26	0.917237	0.942665	0.949689	0.906786	0.959745	0.961767	0.973009	0.760345	0.845224	0.877925	0.916635	0.850349	0.880698	0.942553	0.922921	0.873203	0.923638	0.982833	0.896758	0.929587	0.972241	0.843376	0.874703	0.949704	0.890886	0	0.906953	0.922182	0.86252	0.948078	0.973238	0.859033	0.87678	0.888655	0.841734	0.936729	0.954542	0.815293	0.892121	0.94665	0.830876	0.917998	0.894723	0.798348	0.893682	0.853197	0.942838	0.916139	0.876253	0.92196	0.778199	0.820853	0.930098	0.964838	0.895571	0.926515	0.901637	0.908999	0.960967	0.8581	0.8997	0.98139	0.852836	0.918836	0.945436	0.854041	0.880922	0.817508	0.883864	0.901129	0.89112	0.915822	0.935606	0.816217	0.946398	0.884422	0.892765	0.912592	0.870385	0.892933	0.980266	0.897777	0.919319	0.854883	0.928269	0.896055	0.874967	1	0.941179	0.902432	0.935853	0.951518	0.985783	0.810268	0.914904	0.852632	0.931218	0.87666	0.884919	0.775319
vaginal_27	0.81041	0.83957	0.894248	0.872362	0.948286	0.809228	0.927688	0.872822	0.887311	0.788404	0.876788	0.893725	0.779898	0.891649	0.927056	0.861524	0.884242	0.934977	0.76347	0.877557	0.790313	0.965893	0.851587	0.874103	0.865432	0.906953	0	0.899809	0.801266	0.979199	0.950976	0.865651	0.8965	0.798805	0.917052	0.787493	0.961492	0.857734	0.923336	0.940256	0.858295	0.963763	0.860506	0.919787	0.850168	0.790609	0.858109	0.885356	0.885176	0.937594	0.867452	0.857381	0.88417	0.714856	0.952305	0.945127	0.91443	0.832657	0.930629	0.94122	0.754132	0.946062	0.87921	0.837558	0.831246	0.828522	0.936323	0.890642	0.792584	0.843917	0.802711	0.88049	0.956213	0.891366	0.921656	0.77952	0.840345	0.897359	0.865039	0.793009	0.89429	0.793477	0.924802	0.871597	0.848034	0.867982	0.920771	0.915066	0.876922	0.924624	0.95354	0.933087	0.921374	0.797904	0.874431	0.96581	0.897739	0.853732	0.884315	0.848783
vaginal_28	0.823823	0.91149	0.927281	0.933789	0.93347	0.893321	0.886646	0.912607	0.87544	0.957016	0.869031	0.956215	0.847129	0.931615	0.858751	0.809561	0.953863	0.873478	0.892133	0.863356	0.838228	0.993321	0.751619	0.889576	0.904092	0.922182	0.899809	0	0.916877	0.975477	0.95557	0.872253	0.922517	0.885161	0.89295	0.881629	0.890384	0.903825	0.849355	0.913765	0.881502	0.921974	0.736102	0.838997	0.857729	0.83825	0.883816	0.904516	0.925069	0.897415	0.925595	0.880081	0.854989	0.904124	0.99115	0.897037	0.892033	0.86154	0.923043	0.916201	0.879305	0.826685	0.952585	0.886898	0.859927	0.718701	0.818892	0.851066	0.8781	0.926426	0.815617	0.884385	0.968119	0.75111	0.953425	0.869356	0.860903	0.731754	0.815968	0.857776	0.987539	0.873418	0.827294	0.773633	0.916558	0.857669	0.962411	0.857857	0.785907	0.835564	0.897931	0.895671	0.952136	0.876383	0.920839	0.917539	0.834423	0.902544	0.819334	0.952715
vaginal_29	0.8187	0.749308	0.899357	0.928842	0.943983	0.852306	0.916509	0.867552	0.847955	0.754017	0.825665	0.807579	0.915068	0.873567	0.868599	0.83607	0.920132	0.898189	0.830423	0.905054	0.814334	0.956668	0.85348	0.950811	0.81068	0.86252	0.801266	0.916877	0	0.944856	0.951819	0.766977	0.935591	0.895357	0.912397	0.95008	0.923549	0.89121	0.783505	0.951565	0.837688	0.83771	0.919957	0.788578	0.892339	0.795249	0.82742	0.88864	0.868988	0.928816	0.907177	0.912494	0.924441	0.803466	0.930611	0.92177	0.925171	0.876155	0.946151	0.917347	0.859882	0.924872	0.885769	0.906193	0.949718	0.779508	0.86263	0.894719	0.846229	0.843123	0.870613	0.869143	0.855712	0.884418	0.939909	0.842647	0.876368	0.92987	0.831564	0.86126	0.887747	0.882969	0.944548	0.858054	0.685162	0.823281	0.970147	0.905698	0.918389	0.860959	0.886598	0.91282	0.927251	0.857819	0.885759	0.932549	0.943318	0.898567	0.880905	0.803079
vaginal_30	1	1	0.781269	0.959238	0.973139	0.954305	0.885636	0.92441	0.958102	0.892391	0.992566	0.91123	0.936702	0.845974	0.858398	0.993526	1	0.97459	0.853084	0.888165	0.988408	0.841041	0.957562	1	0.96688	0.948078	0.979199	0.975477	0.944856	0	1	0.98261	0.878019	1	0.914886	0.990234	0.908185	0.89008	0.943067	1	0.888784	0.93669	0.930245	0.97468	0.857351	0.965913	0.970748	1	0.924934	0.849284	0.983619	0.874386	0.919099	0.952254	0.936496	0.917828	0.961276	0.912701	0.994813	0.940477	0.938332	0.988837	0.982571	0.915348	0.909753	0.983611	0.930186	0.989246	0.848292	0.983378	1	0.954678	0.88749	0.960222	1	0.945347	0.940467	0.966399	0.97566	0.920298	0.995098	0.992264	0.969687	0.935523	0.93127	0.93453	1	1	0.832237	0.993589	1	1	1	0.91941	0.935015	0.865489	0.911085	0.920297	0.958036	1
vaginal_31	0.958344	0.883019	0.94307	1	1	0.889897	0.935012	0.96415	0.98531	1	0.990599	0.982401	0.952243	0.929347	0.815201	0.910043	0.916066	0.971004	0.986622	0.918946	0.957044	0.941028	0.916451	0.995564	0.962084	0.973238	0.950976	0.95557	0.951819	1	0	0.956405	0.979893	0.956292	0.881891	0.947721	0.971004	0.891344	0.97129	0.990242	0.938344	1	0.970694	0.96415	0.877014	0.962548	0.931934	0.935013	0.87147	0.98665	1	0.990834	0.839171	0.911415	0.797341	0.925903	0.994621	0.914781	1	1	0.980767	1	0.925544	0.931884	0.869163	0.952612	0.958494	1	0.902493	0.894509	0.916225	0.939279	1	0.86092	0.967638	0.911106	0.897805	0.927663	0.982796	0.901402	0.993152	0.867052	0.818264	0.849556	0.988028	0.923368	0.893029	1	0.928603	0.993224	0.911459	0.929489	1	0.883394	0.893595	1	0.992616	0.862538	0.878381	0.969115
vaginal_32	0.898386	0.785717	0.844304	0.955139	0.977905	0.84097	0.976156	0.838014	0.872724	0.86799	0.766457	0.881084	0.891088	0.9231	0.88947	0.867504	0.897434	0.970123	0.817934	0.883038	0.91671	0.983296	0.813735	0.916052	0.926296	0.859033	0.865651	0.872253	0.766977	0.98261	0.956405	0	0.949394	0.89803	0.902955	0.9029	0.976017	0.881391	0.852603	0.919026	0.825054	0.897327	0.802739	0.877646	0.774417	0.877448	0.828773	0.884056	0.850615	0.940078	0.84438	0.857377	0.84458	0.897913	0.918717	0.876297	0.945906	0.847617	0.943475	0.894687	0.916524	0.890629	0.946243	0.959928	0.831028	0.864605	0.895771	0.873717	0.908906	0.815998	0.84635	0.884604	0.91052	0.890691	0.871321	0.817522	0.887459	0.879503	0.804637	0.867184	0.934925	0.863697	0.809322	0.904399	0.860085	0.877852	0.89108	0.929723	0.90382	0.855458	0.894419	0.935425	0.944509	0.894898	0.855218	0.834854	0.958756	0.82131	0.884229	0.886012
vaginal_33	0.949551	0.965191	0.979589	0.926073	1	0.891847	0.866597	0.847802	0.946505	0.91609	0.987531	0.816945	0.949369	0.867908	0.979589	0.888083	0.961288	0.952035	0.908116	0.889807	0.962771	0.911234	0.935591	0.946459	0.882006	0.87678	0.8965	0.922517	0.935591	0.878019	0.979893	0.949394	0	0.901273	0.958323	0.940319	0.911988	0.842073	0.901137	0.948725	0.899288	0.869154	0.869033	0.968214	0.887763	0.827742	0.937829	0.933335	0.96021	0.816035	0.831452	0.964669	0.95138	0.898141	0.946115	0.970347	0.980121	0.920234	0.967639	0.865502	0.837049	1	0.927466	0.878486	0.931687	0.861233	0.923294	0.898161	0.97768	0.93537	0.896928	0.952974	0.959073	0.9053	0.953595	0.954678	0.91075	0.907149	0.901455	0.853752	0.923829	0.920055	0.854334	0.888153	0.914506	0.944576	1	1	0.929623	0.873333	0.968184	0.986374	0.957258	0.919031	0.864119	0.976403	0.96593	0.917313	0.904276	0.947236
vaginal_34	0.905185	0.92106	0.938776	0.967697	0.952656	0.838299	1	0.748181	0.914125	0.90837	0.860093	0.940833	0.902466	0.832817	0.954375	0.936527	0.845697	0.891685	0.904244	0.967891	0.837338	0.973724	0.894103	0.946246	0.845418	0.888655	0.798805	0.885161	0.895357	1	0.956292	0.89803	0.901273	0	0.966036	0.8663	0.942282	0.928177	0.838131	0.956983	0.777759	0.866946	0.867947	0.832328	0.869342	0.897581	0.882581	0.957806	0.885505	0.899246	0.810312	0.896642	0.880782	0.762521	0.893342	0.887772	0.842235	0.90488	0.977104	0.882374	0.865639	0.971441	0.926911	0.892237	0.87509	0.852107	0.982197	0.872012	0.921859	0.826095	0.818919	0.873924	0.954969	0.951351	0.919166	0.854858	0.897879	0.82473	0.917516	0.942702	0.785725	0.919487	0.88432	0.920448	0.866116	0.885584	0.967259	1	0.910194	0.841286	0.962814	0.89361	0.892023	0.940403	0.934404	0.851295	0.791417	0.910258	0.893624	0.993745
vaginal_35	0.9251	0.936915	0.910879	0.921922	0.934317	0.905026	0.933468	0.867373	0.889023	0.810723	0.886346	0.97701	0.878345	0.911439	0.916759	0.95285	0.949202	0.984204	0.850575	0.896286	0.891169	0.921594	0.763236	0.909767	0.929956	0.841734	0.917052	0.89295	0.912397	0.914886	0.881891	0.902955	0.958323	0.966036	0	0.951708	0.980182	0.86884	0.909027	0.886504	0.867363	0.912287	0.950127	0.873882	0.848501	0.930934	0.878033	0.88368	0.839623	0.912728	0.949884	0.854935	0.894125	0.945327	0.864863	0.935023	0.959913	0.977898	0.90865	0.938322	0.858918	0.991301	0.909046	0.803417	0.958664	0.920336	0.885641	0.891576	0.829459	0.948107	0.868225	0.886085	0.931086	0.760573	0.888441	0.877026	0.828087	0.95255	0.923957	0.902888	0.995098	0.880076	0.833206	0.9465	0.888294	0.897149	0.926797	0.947316	0.863274	0.912829	0.962	0.967028	0.965461	0.874182	0.893988	0.950994	0.889708	0.929555	0.837327	0.920287
vaginal_36	0.891665	0.922733	0.946547	0.897545	0.874037	0.88298	0.929229	0.849976	0.924622	0.858889	0.883167	0.90964	0.867384	0.96774	0.915183	0.867465	0.938952	0.949376	0.936807	0.955123	0.969336	0.960711	0.888243	0.835833	0.961542	0.936729	0.787493	0.881629	0.95008	0.990234	0.947721	0.9029	0.940319	0.8663	0.951708	0	0.987801	0.760519	0.875298	0.974163	0.882949	0.800866	0.814794	0.974013	0.861582	0.851196	0.878264	0.963812	0.842297	0.943043	0.94058	0.877572	0.976928	0.914081	0.95677	0.982489	0.933219	0.944956	0.925762	0.860056	0.877938	0.961021	0.857341	0.904151	0.868872	0.890036	0.9233	0.885318	0.907995	0.90603	0.790147	0.822375	0.972229	0.88641	0.882246	0.824761	0.874203	0.873649	0.910228	0.911226	0.891156	0.84297	0.891073	0.81273	0.891698	0.881531	0.940512	0.917569	0.939735	0.897318	0.955896	0.956303	0.931863	0.880966	0.843297	0.939067	0.846753	0.879899	0.844986	0.898462
vaginal_37	0.944219	0.914164	0.787834	0.984226	0.987501	0.960323	0.97749	0.95395	0.919008	0.988805	0.926706	0.991903	0.96366	0.940881	0.95208	0.911526	0.910032	0.783001	0.9346	0.911922	0.982904	1	0.914757	0.963798	0.897153	0.954542	0.961492	0.890384	0.923549	0.908185	0.971004	0.976017	0.911988	0.942282	0.980182	0.987801	0	0.951612	0.926129	0.961717	0.941789	0.885075	0.941381	0.97201	0.958026	0.928246	0.949549	0.865639	0.975529	0.883243	0.895862	0.947601	0.973987	0.966343	0.958492	1	0.956332	0.973294	0.993874	0.784789	0.929647	0.814211	0.990784	0.92094	1	0.94013	0.840926	0.973764	0.989518	0.9738	0.97136	0.908811	0.852455	0.897197	0.976874	0.943775	0.943393	0.958038	0.976914	0.925132	0.949463	0.843459	0.916174	0.979493	0.959622	0.958554	0.985148	1	0.866139	0.955413	0.845697	0.9781	1	0.975353	0.967379	0.973298	0.916566	0.975038	0.957076	0.918857
vaginal_38	0.93942	0.954732	0.937889	0.987125	0.97986	0.898087	0.860329	0.757918	0.885259	0.861925	0.949303	0.79952	0.841231	0.918195	0.813962	0.870271	0.943172	0.925405	0.868483	0.929759	0.890641	0.878146	0.841664	0.97403	0.906014	0.815293	0.857734	0.903825	0.89121	0.89008	0.891344	0.881391	0.842073	0.928177	0.86884	0.760519	0.951612	0	0.82269	0.948212	0.833462	0.910866	0.903938	0.935986	0.795688	0.805986	0.906379	0.971442	0.765966	0.842054	0.951165	0.849443	0.940814	0.860464	0.935837	0.895764	0.954149	0.944964	0.847231	0.918191	0.880235	0.994645	0.914191	0.831106	0.867249	0.855295	0.889319	0.879808	0.867099	0.895369	0.930401	0.902905	0.951124	0.866095	0.878814	0.924823	0.844051	0.883363	0.853714	0.915054	0.988344	0.846129	0.853956	0.853251	0.839314	0.862364	0.909358	0.965372	0.804236	0.872914	0.941941	0.886289	0.929754	0.871725	0.838383	0.915948	0.874858	0.86085	0.896311	0.949848
vaginal_39	0.961256	0.849734	0.945009	0.986347	0.971581	0.864541	0.93597	0.83992	0.843007	0.895098	0.904575	0.886268	0.941068	0.961937	0.910545	0.86001	0.887686	0.937787	0.904529	0.914801	0.827633	0.924459	0.906702	0.953486	0.887603	0.892121	0.923336	0.849355	0.783505	0.943067	0.97129	0.852603	0.901137	0.838131	0.909027	0.875298	0.926129	0.82269	0	0.912057	0.87833	0.914909	0.84855	0.881948	0.856061	0.876156	0.888483	0.873089	0.865266	0.915147	0.918109	0.864238	0.959564	0.881556	0.997492	0.899476	0.92981	0.902958	0.948364	0.843199	0.899737	0.994158	0.912118	0.961729	0.914564	0.840724	0.834169	0.897923	0.843113	0.868026	0.827805	0.905417	0.891155	0.881474	0.841899	0.909334	0.892079	0.83926	0.871218	0.884884	0.908907	0.840967	0.821506	0.812644	0.866637	0.668406	0.91627	0.971745	0.881818	0.77092	0.939325	0.986374	0.937517	0.906128	0.853022	0.983465	0.897461	0.913512	0.883057	0.975623
vaginal_40	1	0.979915	0.977046	0.967265	0.934317	0.956806	0.922871	0.942775	0.771642	0.961314	0.867157	0.986273	0.943913	1	0.934205	0.8495	0.990908	1	0.988936	0.90949	0.926846	1	0.909366	0.988936	0.917425	0.94665	0.940256	0.913765	0.951565	1	0.990242	0.919026	0.948725	0.956983	0.886504	0.974163	0.961717	0.948212	0.912057	0	0.916883	0.973738	0.815836	0.979097	0.97119	0.984689	0.95944	0.938804	0.922772	0.955703	0.94845	0.890953	0.917822	0.947422	0.958471	1	0.983557	0.897409	0.962714	0.944289	0.903989	0.978207	0.947102	0.91364	1	0.893509	0.924855	0.881196	0.92071	0.942221	0.939447	0.937996	0.992642	0.916778	0.879285	0.953499	0.93392	0.969045	0.953411	0.901361	0.966172	0.792803	0.957979	0.934178	0.954746	0.87717	0.924065	0.978207	0.95303	0.840692	0.990242	0.980403	0.932735	0.955583	0.962855	0.924956	0.961593	0.869968	0.952711	0.919019
vaginal_41	0.94569	0.93429	0.890068	0.88607	0.911643	0.835919	0.907599	0.825906	0.837136	0.938597	0.940432	0.903978	0.948256	0.850164	0.847993	0.909332	0.878542	0.918374	0.854469	0.904106	0.889486	0.941396	0.895127	0.916403	0.894205	0.830876	0.858295	0.881502	0.837688	0.888784	0.938344	0.825054	0.899288	0.777759	0.867363	0.882949	0.941789	0.833462	0.87833	0.916883	0	0.888143	0.833022	0.79656	0.809902	0.869721	0.852159	0.8434	0.78136	0.950412	0.886876	0.807897	0.842155	0.888608	0.880241	0.848299	0.864874	0.852756	0.982527	0.80402	0.903955	0.913634	0.889087	0.868309	0.852204	0.825435	0.889979	0.794181	0.870014	0.850717	0.826352	0.942774	0.947111	0.911599	0.875488	0.822836	0.820013	0.833938	0.832704	0.869803	0.914886	0.871771	0.80931	0.852236	0.903983	0.766678	0.969901	0.910418	0.862692	0.797248	0.919953	0.94296	0.893876	0.908409	0.894742	0.849221	0.877216	0.806461	0.883031	0.886213
vaginal_42	0.989445	0.965945	0.951118	0.745686	0.987639	0.896134	0.956292	0.863611	0.926317	0.858175	0.983136	0.955616	0.896981	0.899473	0.937112	0.931998	0.93595	0.936354	0.971056	0.889208	0.926879	0.977939	0.813318	1	0.905787	0.917998	0.963763	0.921974	0.83771	0.93669	1	0.897327	0.869154	0.866946	0.912287	0.800866	0.885075	0.910866	0.914909	0.973738	0.888143	0	0.876635	0.911468	0.905552	0.936309	0.887378	0.974694	0.932014	0.942988	0.934902	0.917514	0.924542	0.912963	0.941562	0.97794	0.961346	0.922121	0.980587	0.906415	0.91127	0.941853	0.943088	0.907226	0.950663	0.916727	0.87897	0.821115	0.940627	0.850841	0.909563	0.932091	0.924277	0.984357	0.928352	0.963261	0.949747	0.946658	0.962348	0.95531	0.97112	0.895186	0.881088	0.912907	0.850436	0.951666	0.9683	0.95126	0.903899	0.897855	0.960343	0.90671	0.934238	0.91559	0.92834	0.835772	0.890697	0.986114	0.933209	0.964778
vaginal_43	0.946052	0.900972	0.895492	0.938704	0.895481	0.942908	0.95032	0.819891	0.911398	0.877164	0.841579	0.928363	0.880271	0.925883	0.924696	0.642017	0.921241	0.981817	0.938319	0.882884	0.902441	0.989226	0.826472	0.937796	0.932116	0.894723	0.860506	0.736102	0.919957	0.930245	0.970694	0.802739	0.869033	0.867947	0.950127	0.814794	0.941381	0.903938	0.84855	0.815836	0.833022	0.876635	0	0.773099	0.876647	0.873747	0.858809	0.938301	0.846299	0.942693	0.902652	0.818639	0.875419	0.811061	0.916764	0.921338	0.959186	0.872003	0.939868	0.896544	0.865252	0.971013	0.930887	0.883658	0.969651	0.78607	0.93424	0.869867	0.916484	0.896173	0.736784	0.941488	0.946333	0.826639	0.816806	0.826962	0.871426	0.875102	0.770658	0.835005	0.94865	0.78635	0.814719	0.826191	0.914024	0.774538	0.921103	0.934147	0.941232	0.824744	0.992609	0.915887	0.885673	0.874113	0.816264	0.842381	0.827847	0.888792	0.88222	0.860373
vaginal_44	0.893814	0.937567	0.901441	0.958151	0.983252	0.858724	0.977408	0.874734	0.86845	0.911386	0.824318	0.83075	0.942296	0.936521	0.92586	0.944755	0.92169	0.95379	0.928005	0.929325	0.935257	0.903194	0.930495	0.976257	0.978134	0.798348	0.919787	0.838997	0.788578	0.97468	0.96415	0.877646	0.968214	0.832328	0.873882	0.974013	0.97201	0.935986	0.881948	0.979097	0.79656	0.911468	0.773099	0	0.948286	0.84217	0.869558	0.91109	0.850429	0.940095	0.956851	0.897017	0.925084	0.946573	0.934488	0.846556	0.965503	0.987311	0.986907	0.967744	0.9651	0.996086	0.935244	0.952751	0.954099	0.853413	0.912534	0.827504	0.94381	0.829128	0.870733	0.966657	0.876668	0.877215	0.971219	0.867584	0.933676	0.917657	0.898725	0.913656	0.982714	0.906354	0.913999	0.982579	0.894652	0.842156	0.982881	0.960617	0.976742	0.933051	0.956307	0.882189	0.987306	0.931287	0.878034	0.835837	0.793053	0.946085	0.949224	0.92551
