SampleID	gut_1	gut_2	gut_3	gut_4	gut_5	gut_6	gut_7	gut_8	gut_9	gut_10	gut_11	gut_12	gut_13	gut_14	gut_15	gut_16	gut_17	gut_18	gut_19	gut_20	gut_21	gut_22	gut_23	gut_24	gut_25	gut_26	gut_27	gut_28	gut_29	gut_30	gut_31	gut_32	gut_33	gut_34	gut_35	gut_36	gut_37	gut_38	gut_39	gut_40	gut_41	gut_42	gut_43	gut_44	gut_45	gut_46	gut_47	gut_48	gut_49	gut_50	gut_51	gut_52	gut_53	gut_54	gut_55	gut_56	gut_57	gut_58	gut_59	gut_60	gut_61	gut_62	gut_63	gut_64	gut_65	gut_66	gut_67	gut_68	gut_69	gut_70	gut_71	gut_72	gut_73	gut_74	gut_75	gut_76	gut_77	gut_78	gut_79	gut_80	gut_81	gut_82	gut_83	gut_84	gut_85	gut_86	gut_87	gut_88	gut_89	gut_90	gut_91	gut_92	gut_93	gut_94	gut_95	gut_96	gut_97	gut_98	gut_99	gut_100
gut_1	0	0.74656	0.727766	0.735811	0.743896	0.749321	0.733804	0.743089	0.678838	0.743877	0.771183	0.733531	0.746699	0.747522	0.721495	0.734436	0.761624	0.766575	0.728346	0.763657	0.729404	0.715745	0.764399	0.743074	0.762181	0.733514	0.691877	0.71845	0.757823	0.768365	0.738166	0.723788	0.715387	0.709843	0.732141	0.722479	0.695584	0.771266	0.711908	0.718837	0.741261	0.724787	0.736997	0.767826	0.758335	0.735134	0.722257	0.749458	0.741358	0.718931	0.71124	0.75879	0.774894	0.673978	0.736335	0.756541	0.742075	0.743985	0.745097	0.756905	0.733353	0.752692	0.75109	0.750092	0.713618	0.760134	0.761841	0.733414	0.732242	0.750878	0.74326	0.735284	0.712519	0.742017	0.726223	0.740297	0.751167	0.742604	0.716536	0.744532	0.760701	0.763121	0.743923	0.726035	0.718701	0.751875	0.750618	0.728089	0.72957	0.75895	0.761207	0.744515	0.742819	0.760401	0.725085	0.768772	0.726205	0.718423	0.744658	0.767402
gut_2	0.74656	0	0.735269	0.752427	0.759005	0.774317	0.767282	0.74481	0.745814	0.728717	0.763472	0.708853	0.78343	0.747845	0.756159	0.750349	0.779845	0.755046	0.787567	0.729271	0.756584	0.730826	0.722336	0.72893	0.705693	0.761717	0.724739	0.730786	0.787922	0.768729	0.715214	0.693916	0.744247	0.756948	0.758653	0.736963	0.727507	0.764566	0.716087	0.749125	0.705968	0.740072	0.753467	0.730736	0.757206	0.757661	0.770065	0.734922	0.742998	0.7671	0.713831	0.73988	0.71193	0.731814	0.769087	0.751289	0.725759	0.747903	0.76694	0.73808	0.77693	0.720556	0.713757	0.751028	0.751244	0.739255	0.770215	0.756524	0.750197	0.767118	0.707673	0.738169	0.742784	0.731867	0.738093	0.748899	0.766443	0.772417	0.728868	0.738435	0.719361	0.752201	0.723342	0.728644	0.731787	0.731048	0.768128	0.748217	0.714934	0.763775	0.74442	0.74559	0.770404	0.765383	0.750423	0.750582	0.741894	0.775748	0.733761	0.766681
gut_3	0.727766	0.735269	0	0.762805	0.757037	0.745321	0.757264	0.748423	0.738	0.760829	0.788387	0.737762	0.763266	0.751448	0.743017	0.753435	0.75086	0.775818	0.764816	0.75457	0.734242	0.754162	0.751588	0.743092	0.745894	0.772974	0.746697	0.749625	0.75538	0.76473	0.736687	0.746214	0.754279	0.773271	0.767473	0.772351	0.762615	0.776108	0.765878	0.760581	0.710904	0.764481	0.764514	0.765708	0.767001	0.752717	0.73446	0.756188	0.775637	0.753295	0.734988	0.75054	0.764357	0.733864	0.768754	0.747843	0.779428	0.715983	0.749701	0.741355	0.747035	0.744464	0.7568	0.728723	0.730743	0.773268	0.763781	0.764362	0.735561	0.733278	0.756877	0.778374	0.760004	0.74943	0.767742	0.756122	0.76154	0.751301	0.753725	0.74461	0.732747	0.780479	0.768476	0.760122	0.742763	0.707359	0.762519	0.77777	0.770405	0.770473	0.779208	0.783482	0.738123	0.778005	0.747858	0.748503	0.736084	0.753251	0.72356	0.711131
gut_4	0.735811	0.752427	0.762805	0	0.766032	0.770342	0.711336	0.724066	0.717748	0.766212	0.76328	0.746493	0.782585	0.73979	0.760965	0.767897	0.762957	0.751078	0.795304	0.719675	0.742168	0.730251	0.73362	0.749163	0.757795	0.748618	0.759781	0.70963	0.770078	0.745782	0.754335	0.749617	0.761576	0.749846	0.773682	0.748041	0.734911	0.739728	0.73015	0.75748	0.747026	0.728444	0.761166	0.751065	0.757502	0.768676	0.748599	0.732846	0.751982	0.730749	0.749835	0.73725	0.764506	0.747092	0.732926	0.69802	0.744551	0.786016	0.726558	0.75623	0.770509	0.746761	0.750698	0.735464	0.788882	0.738357	0.765627	0.775255	0.752621	0.793651	0.744954	0.764968	0.740609	0.75355	0.751245	0.743335	0.770399	0.754151	0.730133	0.732806	0.771755	0.758333	0.750919	0.755286	0.717495	0.764963	0.776846	0.748291	0.729021	0.755503	0.757423	0.76492	0.763187	0.766692	0.754544	0.741577	0.754809	0.709939	0.745168	0.76268
gut_5	0.743896	0.759005	0.757037	0.766032	0	0.768342	0.750553	0.745984	0.756989	0.746161	0.746587	0.745034	0.731138	0.783048	0.695795	0.725812	0.773101	0.770435	0.708281	0.709932	0.735212	0.723015	0.745613	0.729994	0.750261	0.731271	0.729615	0.735419	0.760239	0.758828	0.753215	0.726787	0.754501	0.755927	0.719404	0.751505	0.733903	0.750893	0.757977	0.741359	0.733455	0.70982	0.73162	0.752664	0.773178	0.740157	0.765162	0.744715	0.724539	0.735258	0.706418	0.739322	0.737764	0.756916	0.769071	0.772328	0.716011	0.755873	0.746363	0.721544	0.756503	0.729789	0.74267	0.732034	0.750178	0.760174	0.747785	0.756129	0.733975	0.746636	0.727532	0.769011	0.752617	0.733677	0.750528	0.721423	0.729697	0.749075	0.744655	0.732054	0.770504	0.768911	0.745416	0.718627	0.752322	0.742188	0.749546	0.722076	0.719187	0.766863	0.745703	0.757252	0.721858	0.747628	0.734445	0.730074	0.754016	0.75631	0.75975	0.745527
gut_6	0.749321	0.774317	0.745321	0.770342	0.768342	0	0.746828	0.76967	0.743366	0.774584	0.754588	0.735608	0.733528	0.751085	0.771887	0.746515	0.755158	0.757106	0.7552	0.743928	0.735487	0.753974	0.742279	0.707434	0.729126	0.739352	0.735446	0.755344	0.770852	0.748764	0.753831	0.752676	0.735861	0.726869	0.749702	0.745182	0.73687	0.749819	0.770362	0.73051	0.743257	0.742245	0.745416	0.738814	0.738904	0.74768	0.731603	0.756729	0.726795	0.732384	0.714726	0.736299	0.740981	0.66895	0.753167	0.748956	0.755446	0.766472	0.738666	0.756902	0.743175	0.715722	0.744427	0.739208	0.757546	0.750576	0.784879	0.742146	0.73155	0.741872	0.741226	0.774236	0.731793	0.743196	0.731149	0.71934	0.777504	0.719929	0.745752	0.740784	0.750209	0.76168	0.72579	0.726344	0.734642	0.746931	0.741243	0.730457	0.752195	0.734754	0.771084	0.775576	0.724393	0.745218	0.75279	0.704751	0.772038	0.758934	0.707379	0.715828
gut_7	0.733804	0.767282	0.757264	0.711336	0.750553	0.746828	0	0.762849	0.742442	0.741103	0.744658	0.745273	0.740554	0.750963	0.750856	0.755742	0.751985	0.773247	0.748516	0.736162	0.730632	0.748291	0.744058	0.747868	0.744579	0.731885	0.749667	0.738329	0.716082	0.748663	0.761377	0.734442	0.720414	0.724252	0.739759	0.752783	0.736493	0.739344	0.765604	0.72769	0.752197	0.739023	0.714808	0.76135	0.736772	0.725687	0.754135	0.757559	0.754909	0.716911	0.720928	0.739627	0.765664	0.729893	0.712705	0.763434	0.747381	0.7711	0.718884	0.743809	0.719495	0.767705	0.75216	0.733232	0.755304	0.748709	0.723496	0.741127	0.751631	0.703293	0.727509	0.764506	0.735213	0.731429	0.751082	0.755672	0.74395	0.75182	0.701729	0.748347	0.764876	0.760221	0.734855	0.767279	0.737399	0.770733	0.791702	0.760113	0.73761	0.738049	0.752974	0.750546	0.737852	0.731839	0.740382	0.739532	0.731665	0.756851	0.727847	0.717333
gut_8	0.743089	0.74481	0.748423	0.724066	0.745984	0.76967	0.762849	0	0.724055	0.741551	0.728186	0.719675	0.75331	0.729228	0.720618	0.718013	0.753909	0.731238	0.758302	0.757869	0.73556	0.727173	0.757555	0.741467	0.756725	0.751453	0.772307	0.703394	0.75502	0.748569	0.717385	0.756597	0.774003	0.719982	0.750787	0.7542	0.738304	0.770398	0.75477	0.751501	0.70757	0.77112	0.768032	0.76964	0.757555	0.741842	0.747206	0.754921	0.727513	0.757869	0.750691	0.767645	0.776627	0.762765	0.731719	0.74503	0.753702	0.742727	0.720257	0.754972	0.751985	0.738801	0.683009	0.724515	0.706522	0.754404	0.720766	0.752572	0.737505	0.762427	0.754232	0.724862	0.751646	0.73612	0.733756	0.753411	0.760282	0.723754	0.762586	0.766345	0.743361	0.744752	0.727372	0.74504	0.735433	0.760783	0.757948	0.726831	0.74423	0.736427	0.739046	0.747957	0.762309	0.738578	0.76241	0.717997	0.73233	0.747427	0.73261	0.735636
gut_9	0.678838	0.745814	0.738	0.717748	0.756989	0.743366	0.742442	0.724055	0	0.710421	0.721902	0.705955	0.739874	0.707928	0.74113	0.708114	0.725305	0.70048	0.720918	0.752926	0.722501	0.703732	0.708947	0.730799	0.736779	0.73172	0.759593	0.746726	0.715745	0.740064	0.723411	0.7129	0.731795	0.706838	0.762275	0.719743	0.713393	0.752832	0.7436	0.710846	0.751548	0.730078	0.756306	0.723885	0.750517	0.73028	0.689169	0.724681	0.746822	0.699519	0.714818	0.742819	0.76785	0.693701	0.720827	0.726044	0.737782	0.724825	0.763724	0.738046	0.730811	0.716449	0.707587	0.74115	0.742857	0.702244	0.739873	0.728586	0.710528	0.736337	0.733667	0.714609	0.733896	0.725608	0.72958	0.733056	0.749245	0.709148	0.726061	0.707224	0.742875	0.697128	0.695408	0.737324	0.726329	0.734627	0.74832	0.727404	0.720305	0.734492	0.728748	0.739018	0.749907	0.70976	0.707227	0.703327	0.712908	0.697245	0.712036	0.759405
gut_10	0.743877	0.728717	0.760829	0.766212	0.746161	0.774584	0.741103	0.741551	0.710421	0	0.767259	0.730728	0.748157	0.785048	0.716105	0.747723	0.749286	0.776351	0.769691	0.70122	0.734891	0.728534	0.763199	0.740581	0.733555	0.727488	0.769411	0.751856	0.756058	0.784287	0.752759	0.716964	0.7442	0.737306	0.767925	0.740917	0.732072	0.759351	0.794079	0.748186	0.725834	0.747256	0.754195	0.728464	0.772504	0.731004	0.734579	0.729917	0.754477	0.690232	0.735899	0.748347	0.775607	0.758947	0.756057	0.759913	0.771659	0.742606	0.780213	0.745652	0.742043	0.745769	0.715693	0.769925	0.716155	0.760467	0.749953	0.731825	0.739011	0.74424	0.739142	0.769119	0.743754	0.761377	0.766675	0.766118	0.760842	0.775604	0.745996	0.747348	0.730481	0.702054	0.719154	0.769396	0.723427	0.731674	0.771353	0.75016	0.73405	0.764105	0.756958	0.746393	0.748945	0.732579	0.752672	0.739447	0.724603	0.763911	0.731968	0.751152
gut_11	0.771183	0.763472	0.788387	0.76328	0.746587	0.754588	0.744658	0.728186	0.721902	0.767259	0	0.715786	0.75418	0.72785	0.720755	0.747126	0.749944	0.73811	0.7429	0.734355	0.741601	0.759921	0.728203	0.713844	0.760586	0.766156	0.747574	0.725098	0.750758	0.752042	0.756057	0.738754	0.738688	0.742673	0.744812	0.76785	0.718158	0.754903	0.737338	0.722178	0.711561	0.772664	0.744422	0.73613	0.749109	0.752311	0.754451	0.752269	0.753197	0.745267	0.732715	0.777385	0.736713	0.736414	0.734259	0.761063	0.753965	0.777223	0.747156	0.748332	0.745768	0.745211	0.742782	0.73034	0.752804	0.709472	0.729729	0.764018	0.736979	0.740333	0.734583	0.74661	0.71063	0.716372	0.750047	0.747782	0.723482	0.754898	0.719471	0.733999	0.710586	0.737999	0.738167	0.779847	0.725022	0.741121	0.756157	0.750729	0.727676	0.720815	0.700546	0.741982	0.763398	0.74029	0.733062	0.746762	0.762146	0.769093	0.718025	0.734402
gut_12	0.733531	0.708853	0.737762	0.746493	0.745034	0.735608	0.745273	0.719675	0.705955	0.730728	0.715786	0	0.766709	0.737837	0.731239	0.74341	0.725274	0.744355	0.742697	0.712167	0.758376	0.74137	0.730582	0.713621	0.736018	0.738816	0.737717	0.686931	0.760518	0.746747	0.710864	0.745368	0.724518	0.731444	0.721402	0.726151	0.740964	0.739423	0.715688	0.708459	0.73014	0.717406	0.695569	0.706133	0.760947	0.741469	0.736187	0.725847	0.703251	0.717596	0.708276	0.727956	0.735015	0.708582	0.754673	0.748164	0.698659	0.747868	0.704976	0.731095	0.762983	0.73181	0.729942	0.725337	0.732216	0.686153	0.74463	0.735533	0.745847	0.718744	0.738744	0.75221	0.734439	0.702815	0.730527	0.744879	0.729947	0.731345	0.713939	0.7	0.753654	0.725436	0.704062	0.735663	0.733468	0.732021	0.724161	0.708558	0.708033	0.712021	0.712131	0.729757	0.725246	0.717697	0.725333	0.715301	0.709679	0.740498	0.715651	0.737999
gut_13	0.746699	0.78343	0.763266	0.782585	0.731138	0.733528	0.740554	0.75331	0.739874	0.748157	0.75418	0.766709	0	0.754145	0.748012	0.747854	0.774867	0.749121	0.759867	0.763959	0.738177	0.767361	0.736414	0.745468	0.741091	0.73735	0.742329	0.749689	0.732172	0.74645	0.732827	0.730589	0.727388	0.721534	0.769138	0.779191	0.733315	0.725939	0.733036	0.726681	0.728097	0.760665	0.767634	0.786073	0.766672	0.734091	0.751472	0.746026	0.725654	0.727978	0.740221	0.75018	0.763266	0.73498	0.751245	0.7711	0.733868	0.774654	0.761974	0.725455	0.744887	0.732632	0.690646	0.754289	0.762348	0.769483	0.774023	0.761549	0.764245	0.763242	0.721634	0.736606	0.752588	0.782683	0.74846	0.745476	0.718343	0.743297	0.737057	0.728497	0.752081	0.780984	0.731444	0.771687	0.745594	0.759368	0.749767	0.741344	0.738752	0.785385	0.741226	0.73995	0.743134	0.728245	0.747574	0.728669	0.75834	0.756763	0.753459	0.753188
gut_14	0.747522	0.747845	0.751448	0.73979	0.783048	0.751085	0.750963	0.729228	0.707928	0.785048	0.72785	0.737837	0.754145	0	0.73646	0.75331	0.721054	0.762239	0.748103	0.740463	0.732093	0.723237	0.728364	0.75912	0.753468	0.704524	0.736878	0.738909	0.745984	0.694153	0.746885	0.749234	0.716529	0.744769	0.778893	0.771147	0.733799	0.7412	0.724627	0.70318	0.754055	0.737965	0.762688	0.749327	0.74998	0.761232	0.749536	0.753515	0.740369	0.774679	0.733674	0.722349	0.778888	0.726771	0.746128	0.761137	0.712244	0.763243	0.733724	0.744297	0.758734	0.706066	0.785829	0.717016	0.736465	0.695777	0.757226	0.769451	0.751677	0.732798	0.729895	0.736367	0.751688	0.704651	0.73454	0.704823	0.755262	0.774512	0.735775	0.737258	0.744435	0.751554	0.729083	0.742583	0.757193	0.739284	0.777768	0.749489	0.751936	0.752726	0.695518	0.756384	0.734442	0.753546	0.751429	0.701164	0.717301	0.705485	0.702272	0.760348
gut_15	0.721495	0.756159	0.743017	0.760965	0.695795	0.771887	0.750856	0.720618	0.74113	0.716105	0.720755	0.731239	0.748012	0.73646	0	0.7402	0.71328	0.746413	0.717912	0.691507	0.736822	0.746922	0.7469	0.685978	0.750084	0.741687	0.70967	0.680346	0.755156	0.739811	0.753919	0.736736	0.714883	0.7412	0.739558	0.715885	0.671219	0.726586	0.735923	0.744669	0.738499	0.725381	0.736488	0.724686	0.761455	0.754311	0.749344	0.71772	0.721275	0.702766	0.73213	0.731574	0.74844	0.736203	0.751278	0.748478	0.729908	0.766666	0.6871	0.677475	0.747778	0.697115	0.721298	0.716945	0.751881	0.732181	0.709709	0.736012	0.711411	0.720667	0.73505	0.755465	0.769788	0.722678	0.72211	0.711895	0.764357	0.733504	0.736539	0.699796	0.724801	0.747963	0.69666	0.76867	0.761481	0.73112	0.716145	0.722893	0.679858	0.733803	0.711293	0.733569	0.739492	0.711169	0.723063	0.692545	0.738505	0.749138	0.727853	0.741528
gut_16	0.734436	0.750349	0.753435	0.767897	0.725812	0.746515	0.755742	0.718013	0.708114	0.747723	0.747126	0.74341	0.747854	0.75331	0.7402	0	0.750728	0.725652	0.754996	0.711885	0.728603	0.739591	0.756805	0.729386	0.700965	0.741494	0.721882	0.744657	0.72377	0.751383	0.715632	0.71582	0.744658	0.718033	0.746263	0.760702	0.737134	0.744281	0.739486	0.715662	0.723508	0.75485	0.706706	0.73519	0.761171	0.744675	0.690355	0.749575	0.713608	0.739975	0.689689	0.718268	0.765614	0.746978	0.714838	0.746547	0.732638	0.717427	0.739219	0.715632	0.760889	0.721827	0.725592	0.674855	0.730404	0.761439	0.716058	0.75297	0.743441	0.718943	0.741171	0.725939	0.73375	0.734135	0.746969	0.724208	0.739842	0.726894	0.727145	0.71923	0.7075	0.700027	0.757829	0.733644	0.695543	0.752854	0.753909	0.697626	0.744871	0.74632	0.751913	0.698542	0.718449	0.732864	0.732201	0.720096	0.731224	0.71866	0.724309	0.743717
gut_17	0.761624	0.779845	0.75086	0.762957	0.773101	0.755158	0.751985	0.753909	0.725305	0.749286	0.749944	0.725274	0.774867	0.721054	0.71328	0.750728	0	0.717035	0.77461	0.703182	0.768202	0.752344	0.759038	0.736951	0.750323	0.745294	0.756564	0.746385	0.758287	0.782233	0.757098	0.7414	0.75202	0.770786	0.757107	0.770643	0.748138	0.753541	0.757738	0.740864	0.736942	0.754977	0.744241	0.742798	0.772811	0.739672	0.743916	0.758633	0.741881	0.741687	0.74968	0.76865	0.754508	0.702532	0.731597	0.751556	0.733824	0.73884	0.725109	0.711729	0.710517	0.714707	0.773357	0.747578	0.757082	0.735357	0.713587	0.743681	0.69004	0.740341	0.761059	0.736694	0.746805	0.7352	0.728312	0.731318	0.753012	0.748344	0.754565	0.761524	0.764511	0.72571	0.715179	0.747823	0.729696	0.753991	0.751642	0.751691	0.743397	0.755258	0.759777	0.740037	0.705118	0.747487	0.727785	0.718351	0.75037	0.748567	0.728249	0.741403
gut_18	0.766575	0.755046	0.775818	0.751078	0.770435	0.757106	0.773247	0.731238	0.70048	0.776351	0.73811	0.744355	0.749121	0.762239	0.746413	0.725652	0.717035	0	0.76325	0.723371	0.755246	0.736939	0.766166	0.757398	0.738389	0.76064	0.747837	0.739946	0.766804	0.751799	0.722707	0.745948	0.751073	0.767524	0.759557	0.762232	0.752523	0.777746	0.779958	0.764051	0.75225	0.73476	0.77473	0.745848	0.787446	0.746208	0.746806	0.726165	0.771597	0.752247	0.737408	0.757214	0.74795	0.734978	0.711536	0.749054	0.76514	0.759796	0.753091	0.744721	0.730357	0.755301	0.75133	0.738105	0.750817	0.74582	0.737854	0.759953	0.753302	0.738956	0.794618	0.746883	0.739704	0.756614	0.754321	0.741518	0.756911	0.709207	0.742262	0.709319	0.748698	0.73118	0.751775	0.746624	0.71933	0.758474	0.750695	0.756008	0.727583	0.770249	0.753546	0.717871	0.746737	0.737398	0.737051	0.731989	0.762318	0.762239	0.754305	0.749747
gut_19	0.728346	0.787567	0.764816	0.795304	0.708281	0.7552	0.748516	0.758302	0.720918	0.769691	0.7429	0.742697	0.759867	0.748103	0.717912	0.754996	0.77461	0.76325	0	0.748075	0.751177	0.741207	0.754322	0.738226	0.752106	0.720514	0.719494	0.757994	0.769434	0.767651	0.742612	0.727429	0.749628	0.726311	0.751507	0.755068	0.698769	0.725524	0.758486	0.720567	0.735508	0.714761	0.73027	0.755869	0.783477	0.7493	0.76761	0.756312	0.740839	0.74672	0.715545	0.761611	0.775598	0.706697	0.74568	0.778235	0.724981	0.724417	0.763884	0.732103	0.768235	0.754523	0.766566	0.677972	0.767868	0.728568	0.770963	0.673558	0.7616	0.746922	0.781362	0.730251	0.738577	0.720733	0.723107	0.770559	0.734105	0.767241	0.770512	0.736626	0.752639	0.751378	0.718085	0.765018	0.744107	0.731575	0.727969	0.722444	0.71313	0.769797	0.780558	0.751314	0.728189	0.759376	0.732141	0.727385	0.743982	0.724272	0.735288	0.765175
gut_20	0.763657	0.729271	0.75457	0.719675	0.709932	0.743928	0.736162	0.757869	0.752926	0.70122	0.734355	0.712167	0.763959	0.740463	0.691507	0.711885	0.703182	0.723371	0.748075	0	0.714844	0.726577	0.725392	0.70059	0.736542	0.730095	0.751892	0.72658	0.755491	0.7548	0.740918	0.707126	0.761933	0.721561	0.706581	0.744671	0.700285	0.731421	0.771879	0.730228	0.728342	0.721808	0.713993	0.711369	0.748196	0.737846	0.746207	0.75247	0.719847	0.733736	0.731461	0.753544	0.726636	0.714107	0.736281	0.743388	0.715542	0.756462	0.738546	0.707331	0.763709	0.708423	0.714175	0.711779	0.746953	0.718283	0.765855	0.734627	0.715328	0.737831	0.737253	0.764	0.735652	0.714712	0.726244	0.728949	0.736784	0.758851	0.74616	0.690284	0.737972	0.713026	0.732911	0.750515	0.689629	0.739875	0.714428	0.737198	0.726963	0.730653	0.749695	0.746059	0.720689	0.720646	0.755596	0.758603	0.757292	0.755495	0.686602	0.696561
gut_21	0.729404	0.756584	0.734242	0.742168	0.735212	0.735487	0.730632	0.73556	0.722501	0.734891	0.741601	0.758376	0.738177	0.732093	0.736822	0.728603	0.768202	0.755246	0.751177	0.714844	0	0.70714	0.750358	0.730235	0.737401	0.736103	0.741889	0.725792	0.729293	0.719354	0.726035	0.73063	0.722966	0.707899	0.729217	0.753025	0.690952	0.711495	0.750698	0.699024	0.751565	0.709558	0.720501	0.737188	0.750559	0.74743	0.704675	0.715736	0.710603	0.706148	0.693169	0.726712	0.734616	0.703959	0.711976	0.729721	0.723785	0.71728	0.73173	0.730483	0.744286	0.724865	0.701054	0.728592	0.688329	0.739215	0.726687	0.747335	0.729033	0.749077	0.709024	0.723808	0.758117	0.71962	0.71093	0.750132	0.750684	0.734984	0.745424	0.691046	0.749428	0.728815	0.755357	0.716725	0.712142	0.725466	0.762547	0.71926	0.733103	0.723522	0.748159	0.755462	0.761142	0.742503	0.712885	0.719264	0.739685	0.711596	0.709548	0.759171
gut_22	0.715745	0.730826	0.754162	0.730251	0.723015	0.753974	0.748291	0.727173	0.703732	0.728534	0.759921	0.74137	0.767361	0.723237	0.746922	0.739591	0.752344	0.736939	0.741207	0.726577	0.70714	0	0.730708	0.768694	0.684996	0.723583	0.751444	0.732425	0.765982	0.747961	0.721068	0.73747	0.744527	0.75204	0.750389	0.76694	0.724837	0.757664	0.710529	0.750226	0.768522	0.747431	0.760442	0.754813	0.742662	0.715181	0.719851	0.72948	0.717669	0.736964	0.721148	0.737153	0.723691	0.714489	0.753378	0.70482	0.737345	0.746584	0.765703	0.763457	0.751853	0.738676	0.740026	0.745138	0.748007	0.742178	0.742087	0.74882	0.733478	0.725856	0.739145	0.764375	0.744087	0.713633	0.719834	0.7007	0.765642	0.762118	0.732913	0.673599	0.743561	0.712352	0.744121	0.744135	0.728693	0.730052	0.741102	0.7518	0.715604	0.750344	0.728059	0.739336	0.725287	0.704159	0.748473	0.71913	0.730886	0.746079	0.707702	0.763072
gut_23	0.764399	0.722336	0.751588	0.73362	0.745613	0.742279	0.744058	0.757555	0.708947	0.763199	0.728203	0.730582	0.736414	0.728364	0.7469	0.756805	0.759038	0.766166	0.754322	0.725392	0.750358	0.730708	0	0.734401	0.738932	0.726461	0.748992	0.727484	0.725605	0.744977	0.717813	0.726323	0.741283	0.718146	0.772395	0.727463	0.734037	0.755695	0.737542	0.758074	0.723066	0.735691	0.748228	0.701826	0.713079	0.716281	0.719821	0.716094	0.752409	0.752805	0.72969	0.733492	0.747508	0.7215	0.741313	0.731508	0.741946	0.76639	0.733545	0.722151	0.757547	0.727111	0.761128	0.744675	0.749955	0.739299	0.728808	0.741629	0.758314	0.748162	0.766461	0.725393	0.725802	0.733408	0.724538	0.737706	0.718964	0.733126	0.709365	0.722585	0.765992	0.753134	0.735214	0.730201	0.708999	0.743873	0.776936	0.734434	0.721864	0.739041	0.74479	0.740471	0.728544	0.716914	0.765977	0.747502	0.710389	0.750489	0.730021	0.753709
gut_24	0.743074	0.72893	0.743092	0.749163	0.729994	0.707434	0.747868	0.741467	0.730799	0.740581	0.713844	0.713621	0.745468	0.75912	0.685978	0.729386	0.736951	0.757398	0.738226	0.70059	0.730235	0.768694	0.734401	0	0.746133	0.719466	0.754793	0.740811	0.722764	0.724991	0.729156	0.704904	0.740755	0.761677	0.745663	0.705956	0.674778	0.739608	0.729772	0.731396	0.734427	0.709909	0.723915	0.742006	0.754493	0.728212	0.699909	0.713656	0.746505	0.734249	0.714092	0.741479	0.760135	0.699319	0.741504	0.776771	0.683037	0.773857	0.745565	0.752288	0.740592	0.693305	0.717085	0.710566	0.740009	0.726096	0.743874	0.728395	0.733096	0.736365	0.727487	0.745782	0.728632	0.729583	0.705555	0.707885	0.747955	0.701636	0.73886	0.72305	0.725764	0.736255	0.733218	0.726387	0.71779	0.732864	0.707689	0.710458	0.720293	0.733936	0.720147	0.730265	0.744947	0.72681	0.761785	0.698974	0.742053	0.749688	0.728105	0.697087
gut_25	0.762181	0.705693	0.745894	0.757795	0.750261	0.729126	0.744579	0.756725	0.736779	0.733555	0.760586	0.736018	0.741091	0.753468	0.750084	0.700965	0.750323	0.738389	0.752106	0.736542	0.737401	0.684996	0.738932	0.746133	0	0.770905	0.719482	0.741025	0.747141	0.735649	0.736552	0.710158	0.740633	0.70599	0.743516	0.749902	0.73046	0.75667	0.763769	0.762085	0.717333	0.737382	0.741082	0.760685	0.740313	0.725843	0.726144	0.744606	0.705403	0.726166	0.690061	0.722668	0.746455	0.714505	0.769634	0.746084	0.721611	0.741568	0.76189	0.735619	0.755505	0.722424	0.727412	0.696783	0.737894	0.716092	0.714921	0.742994	0.731129	0.752618	0.748112	0.763214	0.735588	0.744585	0.740195	0.729418	0.742738	0.736572	0.714138	0.721168	0.701237	0.699872	0.720544	0.722141	0.716094	0.742472	0.722949	0.726446	0.739053	0.756708	0.732335	0.721228	0.71105	0.727463	0.748005	0.726857	0.76555	0.733606	0.730305	0.761906
gut_26	0.733514	0.761717	0.772974	0.748618	0.731271	0.739352	0.731885	0.751453	0.73172	0.727488	0.766156	0.738816	0.73735	0.704524	0.741687	0.741494	0.745294	0.76064	0.720514	0.730095	0.736103	0.723583	0.726461	0.719466	0.770905	0	0.775073	0.725067	0.760008	0.744303	0.758993	0.707256	0.768366	0.738674	0.72513	0.740069	0.736856	0.743917	0.762542	0.736875	0.752049	0.703879	0.764586	0.741189	0.743351	0.75236	0.729288	0.739878	0.71396	0.752739	0.738654	0.74782	0.759913	0.755851	0.760796	0.753306	0.748947	0.697932	0.751645	0.732793	0.751942	0.7301	0.759041	0.74534	0.740468	0.74377	0.754462	0.736098	0.746828	0.748368	0.759648	0.755136	0.732018	0.722074	0.736481	0.751801	0.745893	0.742774	0.757511	0.764805	0.767244	0.774426	0.711421	0.774596	0.69434	0.728171	0.740512	0.755377	0.742907	0.76109	0.731109	0.754494	0.747863	0.718345	0.753055	0.734143	0.764519	0.727659	0.748433	0.747783
gut_27	0.691877	0.724739	0.746697	0.759781	0.729615	0.735446	0.749667	0.772307	0.759593	0.769411	0.747574	0.737717	0.742329	0.736878	0.70967	0.721882	0.756564	0.747837	0.719494	0.751892	0.741889	0.751444	0.748992	0.754793	0.719482	0.775073	0	0.71859	0.741504	0.743754	0.740539	0.727254	0.716174	0.759938	0.736862	0.752628	0.703429	0.718213	0.686963	0.764792	0.732279	0.734608	0.756066	0.738194	0.752196	0.75711	0.73889	0.73401	0.741424	0.732597	0.705116	0.711736	0.755428	0.734282	0.738985	0.736216	0.728	0.751975	0.730938	0.735672	0.723852	0.738248	0.744034	0.692902	0.721316	0.740706	0.744649	0.756599	0.740972	0.73105	0.733816	0.730375	0.730041	0.738511	0.736605	0.703852	0.751799	0.746595	0.715974	0.724771	0.77328	0.739955	0.718134	0.739749	0.724579	0.746783	0.74216	0.738172	0.728012	0.755642	0.735651	0.71708	0.712752	0.734088	0.727451	0.730047	0.749459	0.765823	0.731598	0.751439
gut_28	0.71845	0.730786	0.749625	0.70963	0.735419	0.755344	0.738329	0.703394	0.746726	0.751856	0.725098	0.686931	0.749689	0.738909	0.680346	0.744657	0.746385	0.739946	0.757994	0.72658	0.725792	0.732425	0.727484	0.740811	0.741025	0.725067	0.71859	0	0.741663	0.734199	0.744973	0.722882	0.744793	0.728369	0.738828	0.747315	0.739932	0.740765	0.721968	0.759349	0.759562	0.737081	0.735522	0.737766	0.725656	0.740648	0.712759	0.728789	0.732585	0.712819	0.728655	0.74346	0.710887	0.72106	0.714531	0.725235	0.736197	0.749254	0.731212	0.727939	0.750411	0.722009	0.719127	0.710556	0.750965	0.716294	0.707074	0.764062	0.737586	0.745004	0.739965	0.738068	0.722163	0.728397	0.734054	0.726813	0.734892	0.715249	0.689969	0.720919	0.752277	0.73538	0.669154	0.759732	0.724626	0.745859	0.749003	0.727365	0.719624	0.72451	0.707563	0.721464	0.734635	0.72422	0.720445	0.742871	0.768285	0.749442	0.738011	0.711208
gut_29	0.757823	0.787922	0.75538	0.770078	0.760239	0.770852	0.716082	0.75502	0.715745	0.756058	0.750758	0.760518	0.732172	0.745984	0.755156	0.72377	0.758287	0.766804	0.769434	0.755491	0.729293	0.765982	0.725605	0.722764	0.747141	0.760008	0.741504	0.741663	0	0.734175	0.717765	0.739236	0.760319	0.752275	0.759261	0.746689	0.735408	0.747248	0.737355	0.749807	0.755893	0.750844	0.752014	0.769381	0.742073	0.722176	0.708005	0.742781	0.760507	0.726132	0.745554	0.746465	0.773279	0.712161	0.737611	0.71941	0.761943	0.742327	0.737201	0.729863	0.753404	0.755195	0.697687	0.757314	0.720284	0.721971	0.721244	0.777562	0.731765	0.753493	0.761424	0.740914	0.739746	0.73608	0.744884	0.732888	0.736816	0.723303	0.745021	0.764775	0.762237	0.76401	0.736465	0.783379	0.725801	0.750897	0.769101	0.753697	0.750464	0.764063	0.737208	0.745698	0.752968	0.727497	0.760305	0.736047	0.760146	0.745899	0.756876	0.765205
gut_30	0.768365	0.768729	0.76473	0.745782	0.758828	0.748764	0.748663	0.748569	0.740064	0.784287	0.752042	0.746747	0.74645	0.694153	0.739811	0.751383	0.782233	0.751799	0.767651	0.7548	0.719354	0.747961	0.744977	0.724991	0.735649	0.744303	0.743754	0.734199	0.734175	0	0.747916	0.754827	0.737922	0.729384	0.741421	0.753855	0.720435	0.756989	0.755262	0.734834	0.766608	0.744587	0.754981	0.737369	0.73332	0.769804	0.709295	0.717731	0.738337	0.734265	0.750542	0.730436	0.741374	0.710637	0.748008	0.739861	0.737075	0.783662	0.764419	0.729688	0.751931	0.738206	0.757057	0.708873	0.737643	0.729813	0.786045	0.76745	0.741293	0.78337	0.748987	0.740596	0.747863	0.753534	0.744209	0.734284	0.762475	0.730161	0.757142	0.74193	0.726456	0.769562	0.760566	0.709254	0.77988	0.754166	0.777352	0.737213	0.756607	0.753503	0.707042	0.739167	0.707984	0.734668	0.752609	0.706484	0.744028	0.712557	0.73436	0.751471
gut_31	0.738166	0.715214	0.736687	0.754335	0.753215	0.753831	0.761377	0.717385	0.723411	0.752759	0.756057	0.710864	0.732827	0.746885	0.753919	0.715632	0.757098	0.722707	0.742612	0.740918	0.726035	0.721068	0.717813	0.729156	0.736552	0.758993	0.740539	0.744973	0.717765	0.747916	0	0.727388	0.762177	0.716752	0.791077	0.751928	0.703575	0.734645	0.70124	0.732924	0.727638	0.73281	0.74192	0.758706	0.750583	0.737251	0.728036	0.744296	0.730162	0.77709	0.737313	0.746073	0.76067	0.709965	0.725368	0.736975	0.743666	0.74028	0.769189	0.786699	0.769978	0.697942	0.719033	0.699413	0.752564	0.754412	0.712856	0.725119	0.75787	0.734167	0.74816	0.708688	0.728811	0.740528	0.7252	0.763757	0.75519	0.739421	0.737128	0.74106	0.71733	0.748291	0.73807	0.745651	0.755681	0.744189	0.739656	0.727828	0.745003	0.775753	0.74586	0.743854	0.735786	0.725173	0.741053	0.737824	0.747164	0.746872	0.735802	0.737488
gut_32	0.723788	0.693916	0.746214	0.749617	0.726787	0.752676	0.734442	0.756597	0.7129	0.716964	0.738754	0.745368	0.730589	0.749234	0.736736	0.71582	0.7414	0.745948	0.727429	0.707126	0.73063	0.73747	0.726323	0.704904	0.710158	0.707256	0.727254	0.722882	0.739236	0.754827	0.727388	0	0.74254	0.741773	0.714033	0.713167	0.706272	0.733047	0.710631	0.731129	0.696165	0.663124	0.75531	0.757103	0.743578	0.714987	0.724264	0.740425	0.701998	0.744368	0.688203	0.732174	0.760341	0.731871	0.739173	0.738001	0.736619	0.732833	0.752561	0.703434	0.740927	0.734078	0.726938	0.729073	0.723524	0.723049	0.711264	0.738666	0.736485	0.751724	0.706299	0.716163	0.714646	0.680322	0.737339	0.722593	0.711248	0.741846	0.714817	0.717352	0.739555	0.746361	0.727099	0.761797	0.710396	0.737483	0.739237	0.722205	0.705921	0.742306	0.716395	0.709636	0.661394	0.751977	0.748308	0.728614	0.725944	0.738836	0.717355	0.738317
gut_33	0.715387	0.744247	0.754279	0.761576	0.754501	0.735861	0.720414	0.774003	0.731795	0.7442	0.738688	0.724518	0.727388	0.716529	0.714883	0.744658	0.75202	0.751073	0.749628	0.761933	0.722966	0.744527	0.741283	0.740755	0.740633	0.768366	0.716174	0.744793	0.760319	0.737922	0.762177	0.74254	0	0.7569	0.726811	0.728497	0.734825	0.761333	0.747871	0.730313	0.752647	0.745399	0.74274	0.7487	0.734129	0.74113	0.750108	0.720044	0.740257	0.695485	0.719189	0.730516	0.706026	0.70816	0.738057	0.767657	0.722968	0.729268	0.758665	0.729838	0.708728	0.746948	0.73532	0.719172	0.739421	0.734405	0.771117	0.732394	0.759241	0.715615	0.725497	0.733375	0.7236	0.741439	0.742314	0.666308	0.757122	0.745538	0.713405	0.708022	0.732653	0.725763	0.728894	0.726381	0.738598	0.686931	0.763307	0.767716	0.725576	0.750378	0.719799	0.740535	0.713962	0.744421	0.741024	0.724066	0.71875	0.750777	0.72962	0.761348
gut_34	0.709843	0.756948	0.773271	0.749846	0.755927	0.726869	0.724252	0.719982	0.706838	0.737306	0.742673	0.731444	0.721534	0.744769	0.7412	0.718033	0.770786	0.767524	0.726311	0.721561	0.707899	0.75204	0.718146	0.761677	0.70599	0.738674	0.759938	0.728369	0.752275	0.729384	0.716752	0.741773	0.7569	0	0.751754	0.735148	0.72042	0.771295	0.742871	0.709289	0.713952	0.758356	0.705271	0.734686	0.744945	0.744634	0.755566	0.738225	0.720185	0.736408	0.757079	0.737516	0.765171	0.71866	0.743706	0.745038	0.764854	0.734856	0.745525	0.712034	0.769316	0.739117	0.700513	0.712688	0.728397	0.717808	0.732901	0.750336	0.742784	0.742486	0.741642	0.753804	0.731823	0.746057	0.72663	0.772948	0.774189	0.735507	0.758755	0.736239	0.727001	0.729165	0.703422	0.714242	0.716946	0.759948	0.778449	0.713966	0.760441	0.765985	0.747831	0.748276	0.747616	0.72932	0.741655	0.733893	0.731646	0.736441	0.723321	0.768037
gut_35	0.732141	0.758653	0.767473	0.773682	0.719404	0.749702	0.739759	0.750787	0.762275	0.767925	0.744812	0.721402	0.769138	0.778893	0.739558	0.746263	0.757107	0.759557	0.751507	0.706581	0.729217	0.750389	0.772395	0.745663	0.743516	0.72513	0.736862	0.738828	0.759261	0.741421	0.791077	0.714033	0.726811	0.751754	0	0.731834	0.760128	0.746557	0.780965	0.745861	0.745494	0.700968	0.747348	0.777884	0.763171	0.785649	0.754257	0.763662	0.725149	0.730929	0.702414	0.726891	0.737768	0.738193	0.745046	0.748986	0.749771	0.729343	0.758453	0.725601	0.73895	0.767338	0.758463	0.750293	0.750014	0.740452	0.780902	0.765949	0.768658	0.76649	0.771836	0.768461	0.739788	0.72117	0.759464	0.752624	0.741304	0.744311	0.763289	0.7148	0.78362	0.758126	0.742173	0.779533	0.743193	0.722055	0.772755	0.730697	0.734905	0.734183	0.725454	0.712395	0.739143	0.762777	0.751295	0.752229	0.763313	0.786093	0.724593	0.767596
gut_36	0.722479	0.736963	0.772351	0.748041	0.751505	0.745182	0.752783	0.7542	0.719743	0.740917	0.76785	0.726151	0.779191	0.771147	0.715885	0.760702	0.770643	0.762232	0.755068	0.744671	0.753025	0.76694	0.727463	0.705956	0.749902	0.740069	0.752628	0.747315	0.746689	0.753855	0.751928	0.713167	0.728497	0.735148	0.731834	0	0.692712	0.775665	0.745765	0.752178	0.716105	0.728278	0.738912	0.749398	0.723278	0.730321	0.744616	0.67581	0.747492	0.734041	0.724201	0.734861	0.76919	0.721289	0.746146	0.728315	0.751146	0.782994	0.677085	0.737996	0.744803	0.765622	0.723182	0.764178	0.744097	0.736189	0.75772	0.730419	0.753346	0.715995	0.767804	0.737223	0.668522	0.746586	0.716113	0.73221	0.710469	0.730627	0.747999	0.712197	0.754526	0.733385	0.736116	0.765137	0.73643	0.720429	0.759958	0.744705	0.738442	0.71437	0.738146	0.760916	0.748685	0.735602	0.715465	0.741176	0.739109	0.739821	0.73384	0.751642
gut_37	0.695584	0.727507	0.762615	0.734911	0.733903	0.73687	0.736493	0.738304	0.713393	0.732072	0.718158	0.740964	0.733315	0.733799	0.671219	0.737134	0.748138	0.752523	0.698769	0.700285	0.690952	0.724837	0.734037	0.674778	0.73046	0.736856	0.703429	0.739932	0.735408	0.720435	0.703575	0.706272	0.734825	0.72042	0.760128	0.692712	0	0.728211	0.727695	0.74149	0.725959	0.719075	0.742647	0.741615	0.72832	0.717769	0.704334	0.728766	0.719987	0.726246	0.720127	0.727859	0.748507	0.688689	0.710219	0.737601	0.723709	0.719835	0.723398	0.709652	0.72664	0.712685	0.648509	0.706827	0.731506	0.742469	0.746584	0.733997	0.731043	0.743163	0.703341	0.735388	0.720092	0.731707	0.700186	0.720328	0.724163	0.707551	0.73119	0.684831	0.711808	0.73516	0.725731	0.704429	0.687658	0.700128	0.715028	0.718412	0.682897	0.76387	0.746232	0.736611	0.728384	0.702526	0.727723	0.68976	0.734481	0.708312	0.736506	0.722566
gut_38	0.771266	0.764566	0.776108	0.739728	0.750893	0.749819	0.739344	0.770398	0.752832	0.759351	0.754903	0.739423	0.725939	0.7412	0.726586	0.744281	0.753541	0.777746	0.725524	0.731421	0.711495	0.757664	0.755695	0.739608	0.75667	0.743917	0.718213	0.740765	0.747248	0.756989	0.734645	0.733047	0.761333	0.771295	0.746557	0.775665	0.728211	0	0.746442	0.719341	0.741797	0.712579	0.763091	0.786286	0.781549	0.753412	0.76031	0.76774	0.73795	0.75762	0.720277	0.73649	0.75192	0.728121	0.776538	0.716442	0.726326	0.75265	0.762866	0.744122	0.751883	0.741814	0.709208	0.740864	0.763972	0.7453	0.729027	0.769166	0.763274	0.772828	0.739383	0.774755	0.746636	0.728269	0.752893	0.74571	0.735733	0.77078	0.761545	0.759412	0.757793	0.75814	0.709201	0.779835	0.745991	0.766349	0.732015	0.743613	0.727734	0.737196	0.766614	0.753956	0.742436	0.716065	0.749723	0.74021	0.767599	0.745318	0.724455	0.765234
gut_39	0.711908	0.716087	0.765878	0.73015	0.757977	0.770362	0.765604	0.75477	0.7436	0.794079	0.737338	0.715688	0.733036	0.724627	0.735923	0.739486	0.757738	0.779958	0.758486	0.771879	0.750698	0.710529	0.737542	0.729772	0.763769	0.762542	0.686963	0.721968	0.737355	0.755262	0.70124	0.710631	0.747871	0.742871	0.780965	0.745765	0.727695	0.746442	0	0.775844	0.709321	0.73436	0.761113	0.752658	0.751208	0.746517	0.739262	0.754049	0.713357	0.765113	0.727234	0.743659	0.737973	0.747847	0.775402	0.725657	0.753653	0.749513	0.724195	0.761644	0.782816	0.72881	0.732254	0.731252	0.773773	0.725138	0.732912	0.742464	0.751692	0.760982	0.716988	0.699273	0.726614	0.746361	0.70022	0.764567	0.78267	0.764334	0.751356	0.725054	0.74597	0.762526	0.718563	0.745773	0.760904	0.724166	0.755525	0.749417	0.697344	0.740129	0.700598	0.750085	0.761238	0.73051	0.733732	0.746519	0.73234	0.733891	0.722501	0.760742
gut_40	0.718837	0.749125	0.760581	0.75748	0.741359	0.73051	0.72769	0.751501	0.710846	0.748186	0.722178	0.708459	0.726681	0.70318	0.744669	0.715662	0.740864	0.764051	0.720567	0.730228	0.699024	0.750226	0.758074	0.731396	0.762085	0.736875	0.764792	0.759349	0.749807	0.734834	0.732924	0.731129	0.730313	0.709289	0.745861	0.752178	0.74149	0.719341	0.775844	0	0.717084	0.721029	0.738723	0.741155	0.753084	0.770688	0.754307	0.757912	0.728091	0.741044	0.697533	0.73334	0.740851	0.71855	0.736859	0.756041	0.662805	0.742199	0.727996	0.714149	0.758841	0.729694	0.734226	0.699888	0.750637	0.744622	0.76094	0.718601	0.766981	0.719292	0.738277	0.727615	0.689549	0.704718	0.769132	0.738661	0.763031	0.762908	0.748117	0.720522	0.716973	0.733736	0.737589	0.745966	0.713367	0.74671	0.749759	0.726714	0.740673	0.719122	0.762216	0.737332	0.734523	0.741339	0.721197	0.705851	0.747855	0.743191	0.686778	0.728448
gut_41	0.741261	0.705968	0.710904	0.747026	0.733455	0.743257	0.752197	0.70757	0.751548	0.725834	0.711561	0.73014	0.728097	0.754055	0.738499	0.723508	0.736942	0.75225	0.735508	0.728342	0.751565	0.768522	0.723066	0.734427	0.717333	0.752049	0.732279	0.759562	0.755893	0.766608	0.727638	0.696165	0.752647	0.713952	0.745494	0.716105	0.725959	0.741797	0.709321	0.717084	0	0.74351	0.752014	0.730724	0.765012	0.742564	0.76035	0.703327	0.748462	0.735213	0.718778	0.736273	0.727273	0.732274	0.738819	0.754001	0.756711	0.768503	0.736052	0.740426	0.759576	0.713481	0.713313	0.736448	0.721694	0.720232	0.722532	0.72762	0.753292	0.746404	0.727408	0.74411	0.716668	0.73522	0.734081	0.771707	0.679949	0.769328	0.736038	0.7149	0.72821	0.743282	0.749645	0.721843	0.739353	0.728229	0.76491	0.723094	0.723455	0.732443	0.750928	0.739322	0.731104	0.766345	0.745667	0.704609	0.724621	0.724249	0.705962	0.711575
gut_42	0.724787	0.740072	0.764481	0.728444	0.70982	0.742245	0.739023	0.77112	0.730078	0.747256	0.772664	0.717406	0.760665	0.737965	0.725381	0.75485	0.754977	0.73476	0.714761	0.721808	0.709558	0.747431	0.735691	0.709909	0.737382	0.703879	0.734608	0.737081	0.750844	0.744587	0.73281	0.663124	0.745399	0.758356	0.700968	0.728278	0.719075	0.712579	0.73436	0.721029	0.74351	0	0.709436	0.768885	0.766998	0.752202	0.751047	0.743084	0.753572	0.713972	0.690933	0.726141	0.755202	0.743198	0.77343	0.744699	0.704056	0.723904	0.767942	0.719787	0.747101	0.729937	0.759618	0.730513	0.764641	0.713281	0.743584	0.752565	0.728638	0.749003	0.713182	0.716757	0.74878	0.723548	0.726531	0.721864	0.730034	0.733602	0.755705	0.720583	0.749528	0.758329	0.740131	0.764037	0.723358	0.725394	0.731749	0.738237	0.701717	0.748462	0.739052	0.723713	0.726517	0.759714	0.74504	0.73251	0.751787	0.75555	0.736217	0.751121
gut_43	0.736997	0.753467	0.764514	0.761166	0.73162	0.745416	0.714808	0.768032	0.756306	0.754195	0.744422	0.695569	0.767634	0.762688	0.736488	0.706706	0.744241	0.77473	0.73027	0.713993	0.720501	0.760442	0.748228	0.723915	0.741082	0.764586	0.756066	0.735522	0.752014	0.754981	0.74192	0.75531	0.74274	0.705271	0.747348	0.738912	0.742647	0.763091	0.761113	0.738723	0.752014	0.709436	0	0.736578	0.738114	0.765693	0.738344	0.768905	0.768139	0.748458	0.732515	0.748921	0.769442	0.74397	0.755278	0.752626	0.6914	0.760803	0.733532	0.691926	0.753237	0.709393	0.74813	0.722912	0.767477	0.738834	0.778705	0.725953	0.738596	0.726391	0.753287	0.724401	0.716236	0.72652	0.732415	0.75299	0.744513	0.755573	0.741567	0.744402	0.743305	0.741514	0.758534	0.721944	0.746483	0.742298	0.742224	0.710722	0.748155	0.733834	0.742621	0.763221	0.735443	0.743261	0.727314	0.725273	0.739606	0.754815	0.732121	0.753862
gut_44	0.767826	0.730736	0.765708	0.751065	0.752664	0.738814	0.76135	0.76964	0.723885	0.728464	0.73613	0.706133	0.786073	0.749327	0.724686	0.73519	0.742798	0.745848	0.755869	0.711369	0.737188	0.754813	0.701826	0.742006	0.760685	0.741189	0.738194	0.737766	0.769381	0.737369	0.758706	0.757103	0.7487	0.734686	0.777884	0.749398	0.741615	0.786286	0.752658	0.741155	0.730724	0.768885	0.736578	0	0.77104	0.761262	0.759898	0.693622	0.749816	0.716539	0.725955	0.731412	0.740958	0.721819	0.729683	0.749086	0.710639	0.757892	0.739683	0.733936	0.739153	0.745611	0.752836	0.745394	0.741993	0.756608	0.737563	0.74173	0.734476	0.770464	0.767486	0.748929	0.752907	0.760721	0.739468	0.766895	0.760945	0.751197	0.737736	0.742045	0.732663	0.732163	0.738882	0.733242	0.732009	0.717959	0.768368	0.734092	0.717879	0.699736	0.751691	0.774061	0.76761	0.725119	0.748612	0.70281	0.704492	0.763771	0.725154	0.759892
