SampleID	oral_1	oral_2	oral_3	oral_4	oral_5	oral_6	oral_7	oral_8	oral_9	oral_10	oral_11	oral_12	oral_13	oral_14	oral_15	oral_16	oral_17	oral_18	oral_19	oral_20	oral_21	oral_22	oral_23	oral_24	oral_25	oral_26	oral_27	oral_28	oral_29	oral_30	oral_31	oral_32	oral_33	oral_34	oral_35	oral_36	oral_37	oral_38	oral_39	oral_40	oral_41	oral_42	oral_43	oral_44	oral_45	oral_46	oral_47	oral_48	oral_49	oral_50	oral_51	oral_52	oral_53	oral_54	oral_55	oral_56	oral_57	oral_58	oral_59	oral_60	oral_61	oral_62	oral_63	oral_64	oral_65	oral_66	oral_67	oral_68	oral_69	oral_70	oral_71	oral_72	oral_73	oral_74	oral_75	oral_76	oral_77	oral_78	oral_79	oral_80	oral_81	oral_82	oral_83	oral_84	oral_85	oral_86	oral_87	oral_88	oral_89	oral_90	oral_91	oral_92	oral_93	oral_94	oral_95	oral_96	oral_97	oral_98	oral_99	oral_100
oral_1	0	0.700763	0.696935	0.7267	0.729756	0.704768	0.723181	0.699652	0.722279	0.704412	0.704722	0.723975	0.701598	0.723642	0.706852	0.70911	0.711804	0.697851	0.718923	0.737785	0.701727	0.693222	0.700584	0.709175	0.713092	0.696736	0.712423	0.71302	0.697539	0.711339	0.729233	0.698229	0.711741	0.722452	0.698168	0.682519	0.724763	0.70803	0.72061	0.736758	0.695813	0.73727	0.731737	0.70234	0.71724	0.677413	0.725491	0.697834	0.699909	0.71854	0.675226	0.706043	0.674547	0.718621	0.703491	0.706554	0.728804	0.737611	0.705971	0.700382	0.701626	0.718083	0.694721	0.69073	0.707359	0.697986	0.719714	0.729632	0.740939	0.718785	0.705535	0.717519	0.721869	0.698565	0.682415	0.727961	0.72542	0.717292	0.737386	0.728322	0.724885	0.723853	0.698849	0.70621	0.714987	0.717841	0.703063	0.699306	0.728834	0.716957	0.724598	0.718365	0.742361	0.681577	0.693633	0.700003	0.744643	0.7069	0.740295	0.702029
oral_2	0.700763	0	0.680556	0.678593	0.712038	0.720483	0.701712	0.697355	0.700546	0.674415	0.678276	0.694257	0.700338	0.680509	0.693418	0.689496	0.718506	0.695327	0.683424	0.700152	0.710503	0.697457	0.701947	0.68467	0.706056	0.720907	0.700479	0.692502	0.677742	0.695785	0.710535	0.703994	0.690437	0.684237	0.690043	0.672791	0.695457	0.683603	0.685371	0.710814	0.692756	0.687711	0.704328	0.682587	0.676913	0.726512	0.698149	0.686262	0.709265	0.719052	0.696086	0.675493	0.692078	0.684199	0.72393	0.70391	0.675436	0.677094	0.696508	0.693701	0.690218	0.690352	0.7084	0.658819	0.686637	0.685441	0.701134	0.692802	0.717685	0.711201	0.672809	0.721215	0.698168	0.700413	0.6763	0.728599	0.693752	0.685693	0.715133	0.709197	0.688343	0.71666	0.677186	0.682016	0.740164	0.727094	0.705133	0.690279	0.706652	0.716294	0.697806	0.676234	0.714143	0.682017	0.683492	0.662159	0.719275	0.714145	0.690394	0.670496
oral_3	0.696935	0.680556	0	0.733855	0.712358	0.698099	0.69872	0.720947	0.700932	0.705652	0.697511	0.722838	0.705711	0.710456	0.703501	0.682221	0.726246	0.748076	0.70896	0.727551	0.697878	0.737524	0.720185	0.71852	0.707564	0.711129	0.713057	0.727091	0.712318	0.690573	0.713329	0.728667	0.703421	0.720945	0.735115	0.711341	0.721566	0.718932	0.709782	0.714234	0.700728	0.720625	0.717063	0.715844	0.730929	0.697453	0.724615	0.720473	0.688299	0.707556	0.733168	0.696706	0.729646	0.70438	0.707012	0.730629	0.733959	0.715435	0.691998	0.729114	0.699945	0.718846	0.69748	0.695336	0.699224	0.697352	0.71798	0.704705	0.6973	0.724417	0.685483	0.687093	0.714238	0.719923	0.712622	0.73184	0.714654	0.70503	0.703996	0.685372	0.697707	0.697768	0.705272	0.723053	0.741896	0.713432	0.738589	0.716763	0.705884	0.717676	0.748038	0.69277	0.713113	0.732491	0.720011	0.687623	0.737765	0.718569	0.72258	0.712864
oral_4	0.7267	0.678593	0.733855	0	0.741524	0.753003	0.733032	0.734753	0.716578	0.728728	0.716308	0.724138	0.69147	0.715365	0.714525	0.702441	0.721082	0.732909	0.698219	0.735722	0.720296	0.718346	0.722551	0.720263	0.714143	0.686671	0.702792	0.711575	0.689062	0.751257	0.70092	0.738612	0.709976	0.727987	0.706464	0.702944	0.73328	0.728135	0.713393	0.735704	0.711454	0.704544	0.70949	0.743436	0.710357	0.728319	0.703595	0.673966	0.70472	0.723563	0.72014	0.716375	0.70671	0.711488	0.740153	0.734532	0.723209	0.736642	0.715351	0.7278	0.711571	0.729401	0.704412	0.66757	0.736144	0.720872	0.705358	0.700444	0.717988	0.730759	0.722724	0.735592	0.710369	0.71709	0.716412	0.7564	0.716323	0.739609	0.730226	0.715307	0.72331	0.75045	0.712664	0.717935	0.730781	0.71963	0.722208	0.719108	0.709742	0.730686	0.735267	0.740343	0.750557	0.696548	0.718004	0.713632	0.734751	0.737442	0.706827	0.704663
oral_5	0.729756	0.712038	0.712358	0.741524	0	0.706427	0.712428	0.714272	0.70278	0.680011	0.691369	0.736467	0.697043	0.689614	0.709364	0.701252	0.695907	0.704653	0.745539	0.727213	0.741123	0.735634	0.716976	0.674543	0.688547	0.70452	0.708966	0.731239	0.685168	0.713979	0.710732	0.70863	0.696249	0.73269	0.695264	0.741057	0.714319	0.708711	0.706274	0.73067	0.726303	0.708199	0.722113	0.702626	0.715594	0.741669	0.683677	0.698539	0.691482	0.71526	0.732468	0.72137	0.713044	0.73894	0.725245	0.725097	0.730086	0.736163	0.687114	0.706173	0.715543	0.717668	0.709015	0.696116	0.710486	0.707044	0.728403	0.714205	0.724519	0.696596	0.687156	0.749143	0.733642	0.722687	0.706493	0.716441	0.694444	0.735645	0.701132	0.724887	0.734848	0.75241	0.750025	0.700112	0.706163	0.669382	0.731644	0.684544	0.717188	0.739763	0.719997	0.723017	0.721954	0.704696	0.733136	0.715302	0.726442	0.728531	0.726446	0.688432
oral_6	0.704768	0.720483	0.698099	0.753003	0.706427	0	0.689953	0.697338	0.701264	0.688146	0.731945	0.684389	0.67241	0.684298	0.722924	0.715213	0.699647	0.729703	0.7133	0.717452	0.703508	0.722593	0.693104	0.704462	0.690181	0.72576	0.703264	0.712703	0.723197	0.692072	0.709506	0.693048	0.647555	0.702795	0.681482	0.703717	0.728651	0.713807	0.697455	0.682314	0.685429	0.694969	0.707171	0.719687	0.687336	0.702437	0.707468	0.742938	0.713998	0.687388	0.704379	0.687825	0.669639	0.746155	0.701649	0.706158	0.694973	0.702623	0.675813	0.707597	0.699691	0.704407	0.687254	0.693474	0.708551	0.734056	0.715648	0.697627	0.720076	0.699165	0.667064	0.718383	0.700245	0.712329	0.687692	0.721261	0.69717	0.696711	0.720389	0.717576	0.700375	0.735245	0.685276	0.701688	0.707496	0.640275	0.716999	0.692652	0.707925	0.680826	0.716247	0.709844	0.690206	0.719035	0.700628	0.708508	0.720068	0.691547	0.706049	0.684408
oral_7	0.723181	0.701712	0.69872	0.733032	0.712428	0.689953	0	0.683848	0.705883	0.689368	0.665914	0.69321	0.689644	0.682002	0.712157	0.679993	0.701607	0.721525	0.710997	0.70225	0.707441	0.699603	0.692865	0.69473	0.700742	0.678199	0.697413	0.684237	0.699649	0.711021	0.70503	0.711406	0.707945	0.719133	0.664135	0.673027	0.725645	0.687024	0.693476	0.687465	0.705437	0.706938	0.733634	0.703831	0.697533	0.718315	0.723395	0.721042	0.701315	0.717759	0.711572	0.691066	0.706272	0.715926	0.718837	0.701892	0.714213	0.680641	0.695151	0.700754	0.674564	0.681719	0.724742	0.694148	0.67965	0.703276	0.678306	0.701538	0.698622	0.703047	0.676788	0.678842	0.727175	0.727915	0.688724	0.723353	0.685292	0.700501	0.692099	0.693723	0.727507	0.700113	0.721389	0.699969	0.728621	0.706667	0.708542	0.655289	0.702695	0.680578	0.683088	0.711942	0.736022	0.659543	0.719319	0.71017	0.707509	0.73804	0.708299	0.694317
oral_8	0.699652	0.697355	0.720947	0.734753	0.714272	0.697338	0.683848	0	0.724504	0.702559	0.717834	0.713927	0.708315	0.693907	0.689863	0.677987	0.711976	0.701281	0.698299	0.698672	0.706576	0.702943	0.725546	0.696656	0.699226	0.711683	0.68707	0.707771	0.68735	0.691692	0.691944	0.710493	0.698109	0.703602	0.693843	0.711351	0.720397	0.686768	0.688299	0.723608	0.737048	0.692952	0.710338	0.687259	0.702442	0.705034	0.679673	0.668053	0.673203	0.726474	0.699424	0.689507	0.6728	0.724228	0.712019	0.711587	0.71149	0.708533	0.688511	0.70523	0.68714	0.700989	0.714157	0.690439	0.715879	0.685883	0.717793	0.728732	0.677244	0.707061	0.697736	0.697303	0.709901	0.69531	0.703092	0.703789	0.689924	0.705794	0.722941	0.703688	0.715149	0.703537	0.705101	0.684711	0.682696	0.684319	0.730047	0.703137	0.729932	0.692526	0.699152	0.706454	0.728672	0.670705	0.709378	0.680557	0.746642	0.687705	0.703963	0.704126
oral_9	0.722279	0.700546	0.700932	0.716578	0.70278	0.701264	0.705883	0.724504	0	0.699615	0.705269	0.707486	0.721812	0.685644	0.672655	0.687049	0.697064	0.71025	0.669943	0.709769	0.709187	0.722794	0.669954	0.712459	0.722181	0.707585	0.694652	0.742301	0.663599	0.715921	0.701744	0.698036	0.714469	0.729355	0.68692	0.69453	0.715438	0.695678	0.718741	0.719225	0.688304	0.699785	0.737773	0.689721	0.721016	0.73028	0.695265	0.688003	0.67992	0.682176	0.707992	0.691124	0.703476	0.71481	0.725604	0.73443	0.69342	0.692269	0.683664	0.693978	0.688987	0.680412	0.685254	0.699491	0.716566	0.703851	0.708127	0.691441	0.699355	0.719506	0.687926	0.703147	0.70086	0.715891	0.68017	0.718015	0.696576	0.72534	0.685849	0.682122	0.695165	0.737575	0.699621	0.681947	0.713011	0.717699	0.728	0.698066	0.700729	0.705378	0.7206	0.689487	0.728964	0.714313	0.722157	0.679802	0.722565	0.707524	0.685379	0.686561
oral_10	0.704412	0.674415	0.705652	0.728728	0.680011	0.688146	0.689368	0.702559	0.699615	0	0.683251	0.660516	0.685889	0.685441	0.704702	0.694761	0.70072	0.722627	0.682615	0.706215	0.713459	0.699445	0.680062	0.711279	0.716297	0.687898	0.682236	0.697084	0.701919	0.712551	0.688932	0.677188	0.699012	0.686991	0.669993	0.697109	0.720053	0.684442	0.691849	0.698555	0.713333	0.697824	0.704849	0.693515	0.693002	0.701414	0.703943	0.719401	0.690042	0.695715	0.690383	0.662553	0.679588	0.709422	0.706154	0.703135	0.716644	0.702913	0.674912	0.709515	0.704805	0.71808	0.712796	0.680166	0.681766	0.701649	0.72874	0.700139	0.688559	0.704457	0.68929	0.717603	0.680141	0.72071	0.694808	0.721941	0.681412	0.68191	0.69936	0.70934	0.734854	0.725257	0.706609	0.696231	0.704924	0.683172	0.706521	0.692281	0.707294	0.719685	0.71126	0.70698	0.695049	0.696763	0.726075	0.681203	0.722173	0.718869	0.723238	0.692698
oral_11	0.704722	0.678276	0.697511	0.716308	0.691369	0.731945	0.665914	0.717834	0.705269	0.683251	0	0.714442	0.679216	0.693728	0.683005	0.680734	0.691463	0.711222	0.688903	0.70697	0.718441	0.721125	0.715985	0.666946	0.681699	0.688128	0.678219	0.714647	0.697627	0.712396	0.724585	0.702462	0.682376	0.715717	0.676972	0.710544	0.69521	0.705852	0.684457	0.679966	0.724161	0.698768	0.721649	0.660907	0.711405	0.692027	0.695215	0.707424	0.708637	0.704756	0.700146	0.682345	0.709143	0.697462	0.692433	0.688654	0.711442	0.710359	0.67354	0.688482	0.689169	0.690054	0.711494	0.681999	0.719361	0.693511	0.720793	0.730483	0.685927	0.684501	0.695947	0.675117	0.689618	0.713838	0.699194	0.695971	0.72451	0.689792	0.721566	0.720216	0.697668	0.709602	0.717681	0.685567	0.714915	0.718836	0.70411	0.695983	0.697624	0.718661	0.71569	0.690124	0.6967	0.699063	0.699152	0.698213	0.682866	0.712778	0.702267	0.713538
oral_12	0.723975	0.694257	0.722838	0.724138	0.736467	0.684389	0.69321	0.713927	0.707486	0.660516	0.714442	0	0.691149	0.702474	0.706625	0.716963	0.694413	0.709176	0.679344	0.699722	0.738742	0.690414	0.657075	0.712619	0.704075	0.686189	0.687021	0.704503	0.697827	0.68921	0.694929	0.71266	0.681468	0.705341	0.70038	0.709622	0.702321	0.686312	0.696927	0.707537	0.713302	0.706138	0.694558	0.708327	0.701522	0.692075	0.695774	0.712273	0.701584	0.700445	0.693382	0.672514	0.701161	0.714169	0.703857	0.714693	0.70446	0.712632	0.689953	0.677285	0.721926	0.708585	0.713035	0.701235	0.692728	0.730846	0.710364	0.720012	0.730512	0.725417	0.71496	0.708703	0.705649	0.693643	0.69226	0.729351	0.708902	0.684176	0.699063	0.690893	0.722566	0.72346	0.66801	0.712395	0.737351	0.689289	0.714093	0.700244	0.718528	0.713894	0.702006	0.712561	0.693774	0.697858	0.694254	0.691282	0.718243	0.723486	0.692896	0.677301
oral_13	0.701598	0.700338	0.705711	0.69147	0.697043	0.67241	0.689644	0.708315	0.721812	0.685889	0.679216	0.691149	0	0.672893	0.702232	0.710337	0.679748	0.723925	0.706367	0.721932	0.705903	0.744981	0.717387	0.686283	0.712927	0.691874	0.67535	0.711546	0.697439	0.686958	0.691928	0.710058	0.691015	0.690183	0.640675	0.686768	0.712624	0.706129	0.686786	0.699942	0.686724	0.709869	0.688407	0.699618	0.715411	0.699342	0.702164	0.697299	0.708697	0.696884	0.729926	0.704631	0.701513	0.717998	0.725027	0.709655	0.722117	0.715994	0.697164	0.690531	0.713046	0.697915	0.669769	0.681481	0.712599	0.708795	0.714493	0.719225	0.672883	0.690198	0.693052	0.718864	0.726704	0.712624	0.688508	0.717896	0.688158	0.702425	0.721052	0.728655	0.71504	0.725555	0.700276	0.710115	0.690336	0.646965	0.736406	0.67981	0.713445	0.708863	0.708797	0.698547	0.705064	0.68769	0.722818	0.701392	0.701143	0.72527	0.692658	0.696258
oral_14	0.723642	0.680509	0.710456	0.715365	0.689614	0.684298	0.682002	0.693907	0.685644	0.685441	0.693728	0.702474	0.672893	0	0.699697	0.685321	0.699674	0.741613	0.708368	0.705341	0.713567	0.696933	0.724624	0.677212	0.686501	0.692502	0.666636	0.699363	0.69698	0.705454	0.688036	0.704431	0.682202	0.715179	0.677943	0.688027	0.719697	0.714939	0.668507	0.717093	0.705414	0.717208	0.712789	0.681684	0.700971	0.712132	0.683746	0.693285	0.705816	0.687258	0.722399	0.688914	0.706039	0.706088	0.704957	0.724899	0.703831	0.689681	0.694093	0.700687	0.694305	0.670548	0.69881	0.700153	0.708196	0.690496	0.708365	0.689295	0.701062	0.69906	0.700917	0.694225	0.700723	0.714014	0.695526	0.737259	0.697694	0.709059	0.688272	0.703784	0.727513	0.687147	0.688142	0.682575	0.731252	0.697385	0.703523	0.681163	0.698482	0.687843	0.706776	0.685466	0.686838	0.714423	0.686834	0.702979	0.694919	0.693262	0.722188	0.706356
oral_15	0.706852	0.693418	0.703501	0.714525	0.709364	0.722924	0.712157	0.689863	0.672655	0.704702	0.683005	0.706625	0.702232	0.699697	0	0.691421	0.697503	0.702911	0.694396	0.686979	0.707449	0.699305	0.668324	0.700127	0.734548	0.688998	0.695932	0.711468	0.669519	0.691039	0.707248	0.707281	0.698318	0.710405	0.692885	0.73222	0.705991	0.700432	0.710902	0.730577	0.722918	0.683328	0.743695	0.690578	0.714762	0.669005	0.724695	0.706573	0.683728	0.684213	0.697687	0.678406	0.707323	0.7043	0.717506	0.695496	0.707244	0.709034	0.669723	0.668282	0.69557	0.707353	0.674119	0.674302	0.719064	0.712316	0.693472	0.734916	0.679103	0.732966	0.681631	0.698777	0.669651	0.689817	0.663969	0.697862	0.722264	0.709173	0.734741	0.703838	0.693666	0.731993	0.69667	0.706769	0.682712	0.716631	0.715413	0.678743	0.701795	0.704649	0.729238	0.687764	0.69675	0.711177	0.699447	0.707255	0.714191	0.694568	0.685956	0.695775
oral_16	0.70911	0.689496	0.682221	0.702441	0.701252	0.715213	0.679993	0.677987	0.687049	0.694761	0.680734	0.716963	0.710337	0.685321	0.691421	0	0.700677	0.721144	0.713866	0.691752	0.68609	0.728448	0.70596	0.658064	0.696077	0.687838	0.688746	0.715388	0.636172	0.690491	0.672884	0.719652	0.666234	0.67968	0.704234	0.711462	0.684131	0.713189	0.68586	0.718137	0.710107	0.688026	0.73499	0.690988	0.685812	0.698926	0.678955	0.68357	0.687068	0.699811	0.678132	0.715095	0.714925	0.702447	0.718548	0.724466	0.705068	0.702162	0.70738	0.684911	0.692827	0.710555	0.688629	0.702576	0.693817	0.695867	0.68501	0.679494	0.70761	0.723782	0.702804	0.673236	0.704508	0.708587	0.658051	0.74364	0.686169	0.70983	0.70256	0.694266	0.703998	0.722705	0.687482	0.688306	0.718388	0.674086	0.704285	0.701919	0.694847	0.71196	0.712097	0.685812	0.705588	0.681907	0.707029	0.69654	0.728765	0.71718	0.71131	0.683232
oral_17	0.711804	0.718506	0.726246	0.721082	0.695907	0.699647	0.701607	0.711976	0.697064	0.70072	0.691463	0.694413	0.679748	0.699674	0.697503	0.700677	0	0.7151	0.709161	0.713917	0.722506	0.705687	0.67103	0.689635	0.698105	0.686161	0.712849	0.662026	0.702958	0.709208	0.67721	0.704211	0.686045	0.695189	0.690817	0.718481	0.68555	0.706776	0.680602	0.709562	0.692622	0.714937	0.708136	0.693779	0.726072	0.719949	0.710293	0.688407	0.676057	0.694146	0.726304	0.691926	0.679215	0.730382	0.724455	0.704634	0.70615	0.722967	0.676354	0.698098	0.711381	0.707103	0.681558	0.690186	0.705368	0.686955	0.689577	0.724013	0.687119	0.717762	0.699444	0.688798	0.709495	0.701603	0.673629	0.695398	0.721431	0.715352	0.731328	0.707323	0.702015	0.715305	0.70765	0.688637	0.692304	0.679742	0.731645	0.685219	0.700806	0.712353	0.719297	0.696073	0.723849	0.713047	0.736414	0.688732	0.697186	0.70857	0.702638	0.681241
oral_18	0.697851	0.695327	0.748076	0.732909	0.704653	0.729703	0.721525	0.701281	0.71025	0.722627	0.711222	0.709176	0.723925	0.741613	0.702911	0.721144	0.7151	0	0.71073	0.732519	0.739688	0.720453	0.704968	0.703673	0.733267	0.669447	0.729415	0.73898	0.709817	0.732097	0.71487	0.716279	0.705786	0.703622	0.705369	0.694325	0.703495	0.703007	0.699157	0.716491	0.705847	0.714233	0.740642	0.710795	0.725333	0.699936	0.69685	0.697902	0.68641	0.731996	0.734079	0.725559	0.684258	0.714722	0.737783	0.745281	0.722708	0.730224	0.699258	0.732383	0.723348	0.723623	0.716258	0.711059	0.749859	0.710073	0.724573	0.728569	0.70469	0.681724	0.720844	0.718981	0.716885	0.705067	0.716778	0.713731	0.717536	0.71764	0.736789	0.718169	0.72713	0.727674	0.730665	0.710275	0.715315	0.714535	0.74159	0.718229	0.716399	0.721766	0.720949	0.723732	0.72924	0.694694	0.713428	0.696223	0.732732	0.737632	0.721448	0.712629
oral_19	0.718923	0.683424	0.70896	0.698219	0.745539	0.7133	0.710997	0.698299	0.669943	0.682615	0.688903	0.679344	0.706367	0.708368	0.694396	0.713866	0.709161	0.71073	0	0.715891	0.753928	0.721148	0.709822	0.710688	0.692363	0.69494	0.693921	0.678907	0.696698	0.700165	0.700268	0.710735	0.694878	0.710856	0.69079	0.707081	0.710097	0.709952	0.700315	0.717727	0.712086	0.711109	0.724941	0.700096	0.722241	0.702693	0.691145	0.687951	0.706455	0.706989	0.694146	0.664897	0.688475	0.722672	0.704901	0.699841	0.727672	0.719505	0.661741	0.695542	0.699914	0.694112	0.717083	0.700169	0.706374	0.724828	0.700985	0.691841	0.717381	0.735234	0.679064	0.727253	0.695135	0.697384	0.707084	0.756323	0.666597	0.720425	0.728981	0.718374	0.709779	0.724382	0.688593	0.725108	0.735469	0.723703	0.70585	0.703317	0.67488	0.70737	0.717068	0.679213	0.736325	0.705054	0.722181	0.711867	0.741762	0.690264	0.703076	0.719074
oral_20	0.737785	0.700152	0.727551	0.735722	0.727213	0.717452	0.70225	0.698672	0.709769	0.706215	0.70697	0.699722	0.721932	0.705341	0.686979	0.691752	0.713917	0.732519	0.715891	0	0.741539	0.7393	0.713538	0.705522	0.717426	0.709826	0.700109	0.70305	0.694495	0.725842	0.716541	0.704247	0.706235	0.739442	0.712933	0.719494	0.720832	0.717202	0.706601	0.714181	0.709359	0.705371	0.737633	0.713558	0.722906	0.720836	0.7331	0.699896	0.674031	0.73852	0.720264	0.676949	0.695112	0.738385	0.741186	0.724697	0.744492	0.700045	0.706324	0.690441	0.680104	0.705619	0.705419	0.704029	0.717546	0.747409	0.705972	0.730208	0.706623	0.731086	0.700906	0.678162	0.724123	0.708572	0.710961	0.726977	0.675902	0.693178	0.710695	0.715228	0.707413	0.70564	0.716924	0.69004	0.720259	0.73026	0.716201	0.718027	0.725964	0.684799	0.739426	0.688679	0.718716	0.705646	0.688295	0.707977	0.721705	0.753766	0.729177	0.692735
oral_21	0.701727	0.710503	0.697878	0.720296	0.741123	0.703508	0.707441	0.706576	0.709187	0.713459	0.718441	0.738742	0.705903	0.713567	0.707449	0.68609	0.722506	0.739688	0.753928	0.741539	0	0.716989	0.736078	0.719537	0.740747	0.695801	0.683782	0.708397	0.714672	0.722798	0.708781	0.728367	0.723649	0.711554	0.728471	0.707976	0.696385	0.712632	0.705441	0.737081	0.722808	0.724075	0.699651	0.700256	0.714195	0.719314	0.69386	0.716538	0.71835	0.683657	0.724718	0.719358	0.710911	0.724531	0.74621	0.721853	0.730097	0.699486	0.7178	0.694618	0.699292	0.717383	0.71695	0.670509	0.729129	0.717308	0.715766	0.723109	0.707926	0.707981	0.7033	0.709536	0.704626	0.679001	0.68149	0.719834	0.734285	0.71668	0.715329	0.707507	0.726682	0.702394	0.738897	0.723728	0.735197	0.716376	0.70205	0.705838	0.726656	0.704371	0.703499	0.725724	0.709443	0.708856	0.694627	0.675594	0.72792	0.701357	0.705012	0.698314
oral_22	0.693222	0.697457	0.737524	0.718346	0.735634	0.722593	0.699603	0.702943	0.722794	0.699445	0.721125	0.690414	0.744981	0.696933	0.699305	0.728448	0.705687	0.720453	0.721148	0.7393	0.716989	0	0.682688	0.718785	0.720139	0.697811	0.711343	0.724657	0.705856	0.703762	0.695475	0.741964	0.718987	0.694929	0.685422	0.703567	0.683314	0.71089	0.719534	0.714496	0.715838	0.712591	0.706307	0.691021	0.708785	0.738882	0.70705	0.715026	0.720145	0.723005	0.683747	0.691264	0.688258	0.72012	0.702416	0.746153	0.717252	0.716734	0.722587	0.698302	0.71763	0.679679	0.716917	0.699657	0.703259	0.683637	0.719913	0.692796	0.707183	0.724688	0.722774	0.725325	0.706203	0.702976	0.719051	0.707716	0.717247	0.723532	0.717359	0.725246	0.730935	0.716721	0.682322	0.710506	0.726873	0.745436	0.740563	0.689545	0.719737	0.70569	0.715825	0.716039	0.726751	0.7129	0.698126	0.702563	0.747462	0.714309	0.709102	0.730401
oral_23	0.700584	0.701947	0.720185	0.722551	0.716976	0.693104	0.692865	0.725546	0.669954	0.680062	0.715985	0.657075	0.717387	0.724624	0.668324	0.70596	0.67103	0.704968	0.709822	0.713538	0.736078	0.682688	0	0.695899	0.716022	0.707998	0.714696	0.679054	0.685861	0.712714	0.703221	0.703392	0.66056	0.682906	0.6991	0.723124	0.719105	0.698905	0.702022	0.716662	0.70099	0.686061	0.736256	0.700512	0.718309	0.715907	0.710913	0.695426	0.712113	0.689997	0.690043	0.654002	0.691119	0.708859	0.701552	0.714214	0.712496	0.71433	0.700974	0.659997	0.697622	0.722581	0.702209	0.674585	0.699071	0.725524	0.704749	0.705322	0.708578	0.699878	0.675898	0.698948	0.707014	0.701847	0.656998	0.742416	0.689095	0.677091	0.702688	0.717841	0.69511	0.727423	0.67171	0.693101	0.714247	0.698512	0.716269	0.653692	0.695777	0.701099	0.691063	0.711855	0.693444	0.696375	0.716789	0.670134	0.713175	0.70699	0.673861	0.670478
oral_24	0.709175	0.68467	0.71852	0.720263	0.674543	0.704462	0.69473	0.696656	0.712459	0.711279	0.666946	0.712619	0.686283	0.677212	0.700127	0.658064	0.689635	0.703673	0.710688	0.705522	0.719537	0.718785	0.695899	0	0.703112	0.703563	0.675393	0.709837	0.685077	0.707125	0.703234	0.703039	0.680607	0.718916	0.70209	0.728928	0.679648	0.707952	0.698587	0.709103	0.720438	0.71663	0.725539	0.678472	0.684418	0.684714	0.699202	0.680973	0.684568	0.712206	0.71919	0.69351	0.698026	0.706516	0.724774	0.722369	0.719737	0.693411	0.682801	0.708608	0.705744	0.690641	0.690386	0.683758	0.697741	0.721705	0.701972	0.711756	0.704545	0.693115	0.700254	0.715244	0.70019	0.689747	0.691503	0.729032	0.715903	0.686577	0.729748	0.694967	0.704599	0.733221	0.695693	0.730321	0.7207	0.70119	0.736853	0.681385	0.693981	0.703855	0.720879	0.718197	0.690473	0.681733	0.704214	0.68229	0.712714	0.723248	0.683223	0.712137
oral_25	0.713092	0.706056	0.707564	0.714143	0.688547	0.690181	0.700742	0.699226	0.722181	0.716297	0.681699	0.704075	0.712927	0.686501	0.734548	0.696077	0.698105	0.733267	0.692363	0.717426	0.740747	0.720139	0.716022	0.703112	0	0.728671	0.712964	0.6935	0.713847	0.683527	0.703835	0.681013	0.685132	0.739344	0.697938	0.731076	0.704995	0.708131	0.699778	0.68208	0.741093	0.696417	0.704816	0.692939	0.708254	0.725916	0.673675	0.73326	0.690723	0.723176	0.705121	0.706667	0.700874	0.714818	0.712785	0.712919	0.690975	0.717145	0.708123	0.693221	0.676614	0.714339	0.711317	0.705181	0.721928	0.721948	0.683829	0.730533	0.731328	0.716949	0.693217	0.718297	0.726255	0.714873	0.713761	0.726064	0.701897	0.713872	0.712	0.718282	0.714418	0.718678	0.706627	0.710666	0.692318	0.696525	0.714287	0.675237	0.713378	0.714663	0.726361	0.702205	0.715645	0.699181	0.693714	0.717774	0.731549	0.730259	0.733478	0.702582
oral_26	0.696736	0.720907	0.711129	0.686671	0.70452	0.72576	0.678199	0.711683	0.707585	0.687898	0.688128	0.686189	0.691874	0.692502	0.688998	0.687838	0.686161	0.669447	0.69494	0.709826	0.695801	0.697811	0.707998	0.703563	0.728671	0	0.710103	0.726649	0.662586	0.697333	0.672417	0.706876	0.692546	0.711229	0.675309	0.684064	0.708968	0.691096	0.703337	0.68384	0.691238	0.71392	0.69464	0.705662	0.695639	0.70907	0.680303	0.709496	0.681078	0.689964	0.702374	0.691382	0.703562	0.694964	0.689805	0.719347	0.686277	0.724198	0.69198	0.678282	0.675843	0.711386	0.690458	0.679898	0.673911	0.704066	0.686574	0.671141	0.714714	0.687288	0.688136	0.685067	0.711953	0.685861	0.694454	0.731025	0.699643	0.678929	0.723989	0.701732	0.688188	0.710341	0.694368	0.703986	0.712729	0.720812	0.707912	0.684988	0.707255	0.69617	0.73845	0.685998	0.740719	0.664887	0.701886	0.683547	0.700571	0.719003	0.699147	0.692195
oral_27	0.712423	0.700479	0.713057	0.702792	0.708966	0.703264	0.697413	0.68707	0.694652	0.682236	0.678219	0.687021	0.67535	0.666636	0.695932	0.688746	0.712849	0.729415	0.693921	0.700109	0.683782	0.711343	0.714696	0.675393	0.712964	0.710103	0	0.694276	0.681669	0.712212	0.696641	0.695102	0.662687	0.682489	0.702793	0.669666	0.70333	0.712231	0.69474	0.700803	0.708058	0.70364	0.728851	0.684114	0.720641	0.699871	0.679201	0.695689	0.71001	0.688906	0.693333	0.709719	0.66646	0.720828	0.708355	0.716524	0.711405	0.705443	0.684961	0.687626	0.699828	0.717062	0.689659	0.650349	0.707824	0.685459	0.706628	0.719814	0.696398	0.710246	0.696681	0.684471	0.687402	0.720891	0.697865	0.72605	0.69191	0.680523	0.709441	0.714603	0.709509	0.7527	0.681996	0.689996	0.72634	0.690016	0.681695	0.690177	0.72827	0.709738	0.713448	0.7305	0.7176	0.718274	0.678501	0.689261	0.684909	0.671863	0.713297	0.709639
oral_28	0.71302	0.692502	0.727091	0.711575	0.731239	0.712703	0.684237	0.707771	0.742301	0.697084	0.714647	0.704503	0.711546	0.699363	0.711468	0.715388	0.662026	0.73898	0.678907	0.70305	0.708397	0.724657	0.679054	0.709837	0.6935	0.726649	0.694276	0	0.701767	0.704646	0.731712	0.715601	0.671718	0.737222	0.692346	0.704998	0.703386	0.691064	0.663959	0.720496	0.692912	0.715933	0.70657	0.712627	0.715823	0.706805	0.731009	0.715741	0.697629	0.720608	0.700197	0.670911	0.710569	0.722001	0.691865	0.687852	0.709906	0.711274	0.691768	0.697568	0.696778	0.71305	0.712558	0.709727	0.694199	0.740046	0.686292	0.724275	0.701043	0.71806	0.70003	0.708087	0.722124	0.695178	0.708625	0.731064	0.729243	0.690473	0.721582	0.703698	0.7242	0.717614	0.727587	0.702716	0.73297	0.710687	0.703868	0.702114	0.680472	0.712368	0.710563	0.703647	0.707625	0.711768	0.725554	0.704535	0.687149	0.704599	0.683165	0.696505
oral_29	0.697539	0.677742	0.712318	0.689062	0.685168	0.723197	0.699649	0.68735	0.663599	0.701919	0.697627	0.697827	0.697439	0.69698	0.669519	0.636172	0.702958	0.709817	0.696698	0.694495	0.714672	0.705856	0.685861	0.685077	0.713847	0.662586	0.681669	0.701767	0	0.718551	0.696648	0.713819	0.692728	0.702206	0.706282	0.713274	0.696254	0.701962	0.675624	0.712025	0.718043	0.682919	0.718615	0.704558	0.716279	0.698665	0.667731	0.653654	0.719495	0.705309	0.677123	0.682647	0.687031	0.732552	0.691104	0.711612	0.674259	0.704495	0.690143	0.628482	0.706869	0.678918	0.696474	0.682737	0.719006	0.692575	0.701121	0.71735	0.680878	0.703983	0.728737	0.678937	0.708219	0.675508	0.675406	0.745285	0.671943	0.698979	0.717311	0.698662	0.711571	0.712997	0.679165	0.686987	0.7206	0.710587	0.70749	0.670213	0.668876	0.70376	0.701514	0.700614	0.712601	0.665581	0.740303	0.701481	0.689114	0.712558	0.693309	0.705306
oral_30	0.711339	0.695785	0.690573	0.751257	0.713979	0.692072	0.711021	0.691692	0.715921	0.712551	0.712396	0.68921	0.686958	0.705454	0.691039	0.690491	0.709208	0.732097	0.700165	0.725842	0.722798	0.703762	0.712714	0.707125	0.683527	0.697333	0.712212	0.704646	0.718551	0	0.718987	0.734349	0.694614	0.732488	0.675561	0.715346	0.712694	0.701524	0.691837	0.721859	0.725017	0.715137	0.703579	0.700866	0.683974	0.715121	0.715172	0.696222	0.694501	0.72749	0.694856	0.670671	0.722324	0.717564	0.718363	0.717683	0.699729	0.718128	0.703769	0.704231	0.696675	0.72482	0.709938	0.723558	0.721894	0.72997	0.666399	0.721442	0.70899	0.730112	0.690146	0.705777	0.714489	0.702709	0.698831	0.718532	0.713513	0.678896	0.70931	0.728354	0.719366	0.723575	0.694482	0.71604	0.725544	0.69472	0.736989	0.69357	0.712888	0.704708	0.73551	0.674585	0.710961	0.720223	0.712862	0.684857	0.728955	0.691851	0.710778	0.709699
oral_31	0.729233	0.710535	0.713329	0.70092	0.710732	0.709506	0.70503	0.691944	0.701744	0.688932	0.724585	0.694929	0.691928	0.688036	0.707248	0.672884	0.67721	0.71487	0.700268	0.716541	0.708781	0.695475	0.703221	0.703234	0.703835	0.672417	0.696641	0.731712	0.696648	0.718987	0	0.707067	0.681436	0.706187	0.692373	0.726072	0.71541	0.701241	0.718107	0.730631	0.697451	0.707541	0.699932	0.716513	0.723467	0.706265	0.688037	0.661046	0.671373	0.705653	0.699	0.706255	0.684864	0.7261	0.685582	0.729475	0.70468	0.708319	0.697383	0.692363	0.683514	0.706167	0.69093	0.713889	0.701674	0.706598	0.716112	0.685212	0.723103	0.710919	0.70632	0.684044	0.716735	0.663346	0.697363	0.703542	0.702788	0.720758	0.695727	0.667662	0.69265	0.715934	0.675518	0.70023	0.702584	0.719191	0.713	0.686447	0.707807	0.697668	0.720871	0.710856	0.731045	0.712268	0.704134	0.683922	0.695658	0.707666	0.688935	0.683016
oral_32	0.698229	0.703994	0.728667	0.738612	0.70863	0.693048	0.711406	0.710493	0.698036	0.677188	0.702462	0.71266	0.710058	0.704431	0.707281	0.719652	0.704211	0.716279	0.710735	0.704247	0.728367	0.741964	0.703392	0.703039	0.681013	0.706876	0.695102	0.715601	0.713819	0.734349	0.707067	0	0.695841	0.728739	0.702626	0.680954	0.72324	0.697939	0.713376	0.689894	0.725764	0.726585	0.725613	0.713149	0.72222	0.66651	0.720333	0.712307	0.685906	0.717291	0.731647	0.731788	0.689856	0.733846	0.724603	0.69882	0.719971	0.730214	0.674994	0.707748	0.705931	0.712422	0.717523	0.677144	0.713515	0.705848	0.711739	0.721767	0.731984	0.72694	0.700398	0.709726	0.6924	0.705118	0.726802	0.737342	0.679389	0.691697	0.722866	0.719691	0.730631	0.714412	0.697522	0.682581	0.692766	0.70206	0.692347	0.711473	0.709627	0.691157	0.743922	0.709026	0.720582	0.704508	0.694085	0.726402	0.717818	0.716203	0.740313	0.692927
oral_33	0.711741	0.690437	0.703421	0.709976	0.696249	0.647555	0.707945	0.698109	0.714469	0.699012	0.682376	0.681468	0.691015	0.682202	0.698318	0.666234	0.686045	0.705786	0.694878	0.706235	0.723649	0.718987	0.66056	0.680607	0.685132	0.692546	0.662687	0.671718	0.692728	0.694614	0.681436	0.695841	0	0.708223	0.675237	0.721577	0.700296	0.680925	0.685008	0.705132	0.684785	0.701037	0.70518	0.705231	0.704359	0.696635	0.692649	0.685506	0.687206	0.696455	0.69947	0.65811	0.6701	0.722081	0.722768	0.706521	0.721648	0.715766	0.696695	0.669497	0.687443	0.709412	0.704069	0.681824	0.671194	0.714173	0.663028	0.694819	0.69043	0.715933	0.694283	0.707955	0.712981	0.687423	0.688627	0.722919	0.700443	0.660533	0.717269	0.693065	0.713858	0.741648	0.650429	0.724251	0.693917	0.671426	0.714512	0.675741	0.709282	0.691912	0.720244	0.669764	0.658916	0.708178	0.689724	0.679442	0.70447	0.71685	0.707856	0.679411
oral_34	0.722452	0.684237	0.720945	0.727987	0.73269	0.702795	0.719133	0.703602	0.729355	0.686991	0.715717	0.705341	0.690183	0.715179	0.710405	0.67968	0.695189	0.703622	0.710856	0.739442	0.711554	0.694929	0.682906	0.718916	0.739344	0.711229	0.682489	0.737222	0.702206	0.732488	0.706187	0.728739	0.708223	0	0.709224	0.695458	0.69794	0.733167	0.690873	0.733258	0.720528	0.675298	0.748506	0.701068	0.708057	0.702986	0.710912	0.705598	0.721996	0.69076	0.693175	0.682801	0.706692	0.740694	0.724005	0.73507	0.71042	0.709045	0.711871	0.688256	0.719856	0.696928	0.688751	0.646215	0.710913	0.715942	0.702535	0.716545	0.710622	0.724825	0.720151	0.735289	0.734723	0.699059	0.69865	0.737633	0.67098	0.686838	0.705976	0.725432	0.734772	0.704789	0.708469	0.709444	0.73181	0.701797	0.710718	0.664893	0.708918	0.74561	0.71617	0.726563	0.675909	0.6979	0.691603	0.685931	0.729374	0.747008	0.697059	0.707817
oral_35	0.698168	0.690043	0.735115	0.706464	0.695264	0.681482	0.664135	0.693843	0.68692	0.669993	0.676972	0.70038	0.640675	0.677943	0.692885	0.704234	0.690817	0.705369	0.69079	0.712933	0.728471	0.685422	0.6991	0.70209	0.697938	0.675309	0.702793	0.692346	0.706282	0.675561	0.692373	0.702626	0.675237	0.709224	0	0.706523	0.704701	0.68662	0.653218	0.698467	0.716649	0.695963	0.701496	0.684184	0.692442	0.698851	0.700914	0.697865	0.689063	0.71206	0.713796	0.689753	0.69586	0.709904	0.716747	0.687728	0.678124	0.713671	0.700537	0.714905	0.667811	0.725879	0.654572	0.668033	0.729925	0.685263	0.707674	0.674846	0.689532	0.706166	0.688755	0.70899	0.682843	0.698313	0.697252	0.72143	0.672005	0.689974	0.718803	0.692247	0.701455	0.723937	0.669099	0.695249	0.71895	0.700319	0.731883	0.663284	0.704721	0.693815	0.712488	0.700062	0.691018	0.672052	0.711546	0.674866	0.740185	0.684196	0.677501	0.706619
oral_36	0.682519	0.672791	0.711341	0.702944	0.741057	0.703717	0.673027	0.711351	0.69453	0.697109	0.710544	0.709622	0.686768	0.688027	0.73222	0.711462	0.718481	0.694325	0.707081	0.719494	0.707976	0.703567	0.723124	0.728928	0.731076	0.684064	0.669666	0.704998	0.713274	0.715346	0.726072	0.680954	0.721577	0.695458	0.706523	0	0.712177	0.724582	0.707908	0.708294	0.710834	0.694977	0.706138	0.736221	0.701359	0.709833	0.711657	0.716501	0.733631	0.7142	0.704683	0.702176	0.714693	0.725251	0.707607	0.722841	0.727144	0.699925	0.694563	0.724629	0.684527	0.722759	0.718769	0.680199	0.685245	0.72675	0.700804	0.69062	0.702806	0.696238	0.689515	0.703104	0.712409	0.714252	0.718611	0.745689	0.688864	0.709938	0.70687	0.691585	0.723076	0.730637	0.679604	0.704387	0.735605	0.720548	0.713702	0.714208	0.738219	0.702333	0.73458	0.69641	0.754744	0.700868	0.695293	0.685907	0.723512	0.694102	0.7341	0.69664
oral_37	0.724763	0.695457	0.721566	0.73328	0.714319	0.728651	0.725645	0.720397	0.715438	0.720053	0.69521	0.702321	0.712624	0.719697	0.705991	0.684131	0.68555	0.703495	0.710097	0.720832	0.696385	0.683314	0.719105	0.679648	0.704995	0.708968	0.70333	0.703386	0.696254	0.712694	0.71541	0.72324	0.700296	0.69794	0.704701	0.712177	0	0.71342	0.706861	0.720536	0.70762	0.698893	0.728927	0.688434	0.714724	0.73401	0.674503	0.711225	0.724646	0.732231	0.70721	0.693768	0.700154	0.709355	0.696848	0.728004	0.708552	0.703398	0.716201	0.706432	0.703306	0.741026	0.702989	0.70456	0.70667	0.712827	0.64408	0.716278	0.678367	0.703098	0.720937	0.714417	0.715779	0.696148	0.695205	0.724686	0.70429	0.705186	0.7458	0.71194	0.66652	0.711755	0.704627	0.706205	0.712534	0.731833	0.690373	0.707	0.696011	0.726659	0.717258	0.693464	0.707156	0.710375	0.68481	0.702665	0.695476	0.700635	0.710792	0.709187
oral_38	0.70803	0.683603	0.718932	0.728135	0.708711	0.713807	0.687024	0.686768	0.695678	0.684442	0.705852	0.686312	0.706129	0.714939	0.700432	0.713189	0.706776	0.703007	0.709952	0.717202	0.712632	0.71089	0.698905	0.707952	0.708131	0.691096	0.712231	0.691064	0.701962	0.701524	0.701241	0.697939	0.680925	0.733167	0.68662	0.724582	0.71342	0	0.693667	0.711295	0.687002	0.715018	0.713553	0.687032	0.693522	0.725829	0.729324	0.700057	0.691125	0.695004	0.681267	0.688351	0.700174	0.721843	0.722244	0.728258	0.697123	0.700893	0.698393	0.706079	0.693508	0.679497	0.695794	0.703328	0.684762	0.686557	0.699199	0.713913	0.715592	0.722734	0.700532	0.713697	0.707899	0.69909	0.713846	0.693419	0.702666	0.735781	0.703342	0.68865	0.712854	0.738128	0.704191	0.699282	0.7063	0.712849	0.719949	0.706474	0.707649	0.710634	0.677904	0.699177	0.729021	0.707609	0.729144	0.684211	0.734416	0.712854	0.728248	0.689093
oral_39	0.72061	0.685371	0.709782	0.713393	0.706274	0.697455	0.693476	0.688299	0.718741	0.691849	0.684457	0.696927	0.686786	0.668507	0.710902	0.68586	0.680602	0.699157	0.700315	0.706601	0.705441	0.719534	0.702022	0.698587	0.699778	0.703337	0.69474	0.663959	0.675624	0.691837	0.718107	0.713376	0.685008	0.690873	0.653218	0.707908	0.706861	0.693667	0	0.697084	0.71716	0.676226	0.680037	0.677717	0.699919	0.699367	0.679635	0.68802	0.692338	0.725819	0.671796	0.67549	0.668062	0.701576	0.722673	0.677483	0.694777	0.715175	0.692916	0.691211	0.684549	0.68901	0.69726	0.684994	0.720975	0.691387	0.708981	0.720586	0.677076	0.723026	0.695043	0.70885	0.687731	0.698697	0.707221	0.706029	0.707631	0.678362	0.716003	0.717832	0.713963	0.709582	0.687028	0.672772	0.727188	0.692173	0.70848	0.695032	0.701958	0.686234	0.727076	0.712757	0.703082	0.699946	0.707994	0.678235	0.71911	0.728358	0.71334	0.698185
oral_40	0.736758	0.710814	0.714234	0.735704	0.73067	0.682314	0.687465	0.723608	0.719225	0.698555	0.679966	0.707537	0.699942	0.717093	0.730577	0.718137	0.709562	0.716491	0.717727	0.714181	0.737081	0.714496	0.716662	0.709103	0.68208	0.68384	0.700803	0.720496	0.712025	0.721859	0.730631	0.689894	0.705132	0.733258	0.698467	0.708294	0.720536	0.711295	0.697084	0	0.723463	0.706704	0.708818	0.724708	0.70373	0.7253	0.709447	0.700029	0.719889	0.7201	0.714746	0.699001	0.676528	0.725849	0.726365	0.710604	0.723332	0.722269	0.719189	0.70072	0.734427	0.717457	0.721439	0.717727	0.704567	0.725464	0.712821	0.715432	0.708352	0.715939	0.69075	0.70355	0.666254	0.709897	0.683567	0.723833	0.719061	0.728248	0.718166	0.700849	0.732626	0.73185	0.680971	0.725228	0.743691	0.683791	0.68608	0.687627	0.706858	0.729001	0.696023	0.70977	0.736744	0.676999	0.707846	0.711688	0.711063	0.718866	0.716128	0.697561
oral_41	0.695813	0.692756	0.700728	0.711454	0.726303	0.685429	0.705437	0.737048	0.688304	0.713333	0.724161	0.713302	0.686724	0.705414	0.722918	0.710107	0.692622	0.705847	0.712086	0.709359	0.722808	0.715838	0.70099	0.720438	0.741093	0.691238	0.708058	0.692912	0.718043	0.725017	0.697451	0.725764	0.684785	0.720528	0.716649	0.710834	0.70762	0.687002	0.71716	0.723463	0	0.702718	0.721503	0.703486	0.703317	0.728511	0.728569	0.726271	0.688973	0.719414	0.670114	0.702352	0.700564	0.735485	0.730808	0.734906	0.718686	0.713423	0.676054	0.742796	0.696386	0.692097	0.690703	0.700743	0.700295	0.708083	0.700202	0.709831	0.705222	0.721088	0.697606	0.702381	0.705999	0.702775	0.686322	0.734431	0.712876	0.699938	0.730036	0.707323	0.713255	0.704955	0.711105	0.720156	0.720544	0.691366	0.692449	0.699003	0.705177	0.702818	0.712065	0.689343	0.717428	0.708849	0.727876	0.716091	0.728483	0.729152	0.714464	0.697595
oral_42	0.73727	0.687711	0.720625	0.704544	0.708199	0.694969	0.706938	0.692952	0.699785	0.697824	0.698768	0.706138	0.709869	0.717208	0.683328	0.688026	0.714937	0.714233	0.711109	0.705371	0.724075	0.712591	0.686061	0.71663	0.696417	0.71392	0.70364	0.715933	0.682919	0.715137	0.707541	0.726585	0.701037	0.675298	0.695963	0.694977	0.698893	0.715018	0.676226	0.706704	0.702718	0	0.692451	0.653171	0.689125	0.727222	0.675535	0.720742	0.701293	0.713729	0.662882	0.652898	0.669329	0.719717	0.725636	0.709687	0.715681	0.696484	0.69721	0.692389	0.690962	0.722778	0.700515	0.69588	0.709525	0.705562	0.693458	0.699553	0.694551	0.714833	0.699571	0.70912	0.678845	0.672447	0.696689	0.727674	0.702086	0.676205	0.707089	0.710597	0.728706	0.714934	0.705481	0.668822	0.692932	0.68529	0.707604	0.67134	0.722635	0.703338	0.681926	0.725715	0.708645	0.677973	0.714057	0.671897	0.70326	0.713594	0.699545	0.696308
oral_43	0.731737	0.704328	0.717063	0.70949	0.722113	0.707171	0.733634	0.710338	0.737773	0.704849	0.721649	0.694558	0.688407	0.712789	0.743695	0.73499	0.708136	0.740642	0.724941	0.737633	0.699651	0.706307	0.736256	0.725539	0.704816	0.69464	0.728851	0.70657	0.718615	0.703579	0.699932	0.725613	0.70518	0.748506	0.701496	0.706138	0.728927	0.713553	0.680037	0.708818	0.721503	0.692451	0	0.714744	0.692906	0.715202	0.686707	0.734794	0.719182	0.702073	0.722847	0.698889	0.69415	0.722367	0.721295	0.713668	0.706334	0.742096	0.732435	0.71995	0.705322	0.729188	0.723175	0.715225	0.694794	0.694551	0.724109	0.706119	0.729806	0.726365	0.668482	0.728184	0.685777	0.704449	0.730098	0.712147	0.726086	0.711671	0.710403	0.749326	0.71779	0.704759	0.702962	0.721644	0.74209	0.706219	0.729458	0.721749	0.72341	0.722586	0.725933	0.711912	0.725716	0.712753	0.713442	0.713733	0.739723	0.710775	0.708573	0.699615
