SampleID	oral_1	oral_2	oral_3	oral_4	oral_5	oral_6	oral_7	oral_8	oral_9	oral_10	oral_11	oral_12	oral_13	oral_14	oral_15	oral_16	oral_17	oral_18	oral_19	oral_20	oral_21	oral_22	oral_23	oral_24	oral_25	oral_26	oral_27	oral_28	oral_29	oral_30	oral_31	oral_32	oral_33	oral_34	oral_35	oral_36	oral_37	oral_38	oral_39	oral_40	oral_41	oral_42	oral_43	oral_44	oral_45	oral_46	oral_47	oral_48	oral_49	oral_50	oral_51	oral_52	oral_53	oral_54	oral_55	oral_56	oral_57	oral_58	oral_59	oral_60	oral_61	oral_62	oral_63	oral_64	oral_65	oral_66	oral_67	oral_68	oral_69	oral_70	oral_71	oral_72	oral_73	oral_74	oral_75	oral_76	oral_77	oral_78	oral_79	oral_80	oral_81	oral_82	oral_83	oral_84	oral_85	oral_86	oral_87	oral_88	oral_89	oral_90	oral_91	oral_92	oral_93	oral_94	oral_95	oral_96	oral_97	oral_98	oral_99	oral_100
oral_1	0	0.70283	0.704446	0.72037	0.722667	0.700644	0.719632	0.704326	0.723243	0.70635	0.708901	0.726265	0.687572	0.725544	0.716512	0.704577	0.698376	0.708646	0.721167	0.737004	0.702293	0.683081	0.692833	0.710071	0.714878	0.697396	0.721509	0.713955	0.69646	0.718256	0.736117	0.705218	0.713806	0.703975	0.699081	0.676369	0.729536	0.708302	0.717544	0.739769	0.689023	0.741484	0.734985	0.695924	0.719599	0.689765	0.727074	0.698606	0.694858	0.72211	0.677578	0.712716	0.672509	0.722512	0.702023	0.714749	0.728191	0.741086	0.70832	0.697097	0.704742	0.708946	0.685174	0.676507	0.710846	0.694038	0.71156	0.731389	0.746144	0.723772	0.714763	0.723049	0.719994	0.689028	0.68315	0.735781	0.728887	0.721746	0.740456	0.728725	0.731064	0.715319	0.697741	0.700402	0.708188	0.710578	0.688336	0.703222	0.727975	0.707599	0.735981	0.712847	0.730299	0.671792	0.694178	0.693083	0.743603	0.717277	0.745485	0.696905
oral_2	0.70283	0	0.680492	0.678695	0.714155	0.712003	0.703922	0.692476	0.704213	0.676826	0.671416	0.698743	0.697554	0.682697	0.697119	0.695928	0.718878	0.692013	0.684212	0.704079	0.710417	0.697138	0.704237	0.676325	0.706192	0.718257	0.696458	0.698145	0.682046	0.690426	0.712696	0.707867	0.696465	0.677542	0.686491	0.667882	0.6844	0.676646	0.683245	0.705698	0.68528	0.679953	0.702013	0.670815	0.673098	0.72061	0.690524	0.683819	0.705373	0.709588	0.685876	0.669507	0.678922	0.674589	0.715727	0.698576	0.669305	0.668311	0.692754	0.69669	0.691451	0.687001	0.698603	0.663266	0.687988	0.67776	0.70143	0.70528	0.710431	0.717666	0.671182	0.721831	0.687005	0.686324	0.673676	0.726898	0.69729	0.680372	0.712223	0.709705	0.688851	0.711989	0.676333	0.683617	0.729123	0.723285	0.6926	0.688938	0.699105	0.707094	0.697204	0.680201	0.711895	0.678519	0.671965	0.65915	0.723993	0.714096	0.684888	0.679029
oral_3	0.704446	0.680492	0	0.738169	0.705488	0.700161	0.699705	0.729402	0.705721	0.71585	0.694044	0.714872	0.700001	0.706986	0.709007	0.692369	0.727083	0.755035	0.713117	0.73416	0.701319	0.73919	0.716729	0.719797	0.713392	0.705599	0.713805	0.732242	0.708483	0.697366	0.713673	0.730004	0.703574	0.716858	0.734817	0.712274	0.720127	0.718513	0.711998	0.715247	0.70099	0.717649	0.714322	0.711362	0.734413	0.69698	0.727939	0.725985	0.699725	0.713975	0.726174	0.702169	0.730354	0.707333	0.70327	0.723734	0.734526	0.721348	0.694724	0.717703	0.702294	0.725373	0.682316	0.698168	0.696269	0.680265	0.714732	0.704383	0.707706	0.732208	0.679262	0.684194	0.724241	0.715305	0.706302	0.734157	0.710686	0.695902	0.707257	0.682081	0.691489	0.701972	0.705065	0.723969	0.749994	0.722148	0.729546	0.718128	0.706924	0.726742	0.746977	0.699823	0.719828	0.730232	0.7238	0.686392	0.737728	0.706022	0.726028	0.710474
oral_4	0.72037	0.678695	0.738169	0	0.743104	0.747754	0.741524	0.725388	0.722873	0.721604	0.712177	0.72686	0.690291	0.717856	0.716403	0.701639	0.714184	0.740858	0.692762	0.731663	0.720594	0.717958	0.721946	0.718593	0.717199	0.684518	0.711563	0.70978	0.692817	0.751563	0.698867	0.744799	0.709391	0.723385	0.709019	0.700206	0.731687	0.732363	0.71932	0.740529	0.705742	0.708811	0.707997	0.742979	0.710144	0.726038	0.697806	0.663396	0.702909	0.715784	0.718381	0.706952	0.699841	0.704324	0.732579	0.724753	0.719149	0.724636	0.713037	0.728841	0.704496	0.729867	0.694755	0.66532	0.736868	0.71708	0.702439	0.706354	0.711949	0.732237	0.720081	0.737359	0.714301	0.714294	0.703238	0.759666	0.7189	0.736261	0.730917	0.708425	0.718243	0.743571	0.713899	0.718166	0.724989	0.715467	0.725786	0.728376	0.701315	0.727775	0.733056	0.738351	0.749914	0.695931	0.713487	0.707876	0.73149	0.731283	0.703212	0.714407
oral_5	0.722667	0.714155	0.705488	0.743104	0	0.703214	0.709803	0.721388	0.699121	0.684599	0.697678	0.735028	0.684839	0.688788	0.714508	0.702105	0.688697	0.719207	0.753044	0.731426	0.74073	0.743901	0.714268	0.667515	0.701183	0.699604	0.715383	0.730876	0.694371	0.712609	0.706195	0.702837	0.701388	0.730503	0.692773	0.738655	0.723179	0.708077	0.702711	0.728667	0.728063	0.713334	0.719346	0.695742	0.719229	0.741797	0.700484	0.697703	0.684693	0.717131	0.733475	0.734617	0.716494	0.743874	0.726444	0.720899	0.72486	0.736735	0.689646	0.710056	0.724177	0.710318	0.707731	0.690584	0.720081	0.71228	0.726421	0.716486	0.73323	0.697002	0.686718	0.752157	0.737937	0.715172	0.710511	0.715462	0.702374	0.734893	0.700012	0.729153	0.739361	0.751455	0.749592	0.700883	0.701647	0.66734	0.724259	0.677863	0.714044	0.738449	0.72755	0.726801	0.730303	0.694403	0.732456	0.716467	0.726622	0.724171	0.728663	0.674276
oral_6	0.700644	0.712003	0.700161	0.747754	0.703214	0	0.698099	0.696044	0.70358	0.694824	0.734905	0.691111	0.677365	0.688927	0.72644	0.714238	0.701259	0.73193	0.718501	0.728254	0.702285	0.722272	0.68532	0.700439	0.697526	0.730211	0.706649	0.714061	0.726674	0.697755	0.705227	0.697363	0.654021	0.69712	0.688047	0.707267	0.726554	0.702802	0.694223	0.689112	0.686054	0.696061	0.710082	0.722877	0.691316	0.710239	0.707101	0.741621	0.713147	0.688215	0.698552	0.693408	0.667365	0.733185	0.690539	0.703518	0.693063	0.706139	0.683304	0.702839	0.705964	0.697752	0.684436	0.694294	0.70886	0.729327	0.722371	0.697234	0.723228	0.690163	0.675565	0.727419	0.705962	0.696963	0.673923	0.725738	0.704663	0.702335	0.724414	0.715559	0.687342	0.729224	0.677644	0.698587	0.699515	0.64934	0.71606	0.689318	0.705549	0.67407	0.715759	0.715456	0.693003	0.717026	0.701413	0.70979	0.716965	0.6934	0.704351	0.688538
oral_7	0.719632	0.703922	0.699705	0.741524	0.709803	0.698099	0	0.689124	0.708874	0.693437	0.660796	0.693164	0.687332	0.68553	0.716491	0.68167	0.704341	0.731179	0.707194	0.709135	0.708252	0.700074	0.688359	0.684326	0.692949	0.678515	0.697463	0.684648	0.699713	0.701208	0.711392	0.715816	0.712492	0.719564	0.659939	0.664359	0.729507	0.686001	0.688746	0.692835	0.71004	0.709212	0.729064	0.696956	0.701905	0.713751	0.720696	0.719759	0.702106	0.728018	0.711664	0.691973	0.704698	0.711472	0.725252	0.700145	0.71056	0.683933	0.693587	0.696476	0.668334	0.682085	0.725833	0.692002	0.684612	0.703906	0.674186	0.702412	0.699682	0.707785	0.676102	0.674764	0.732161	0.719158	0.69637	0.729153	0.685469	0.705474	0.704464	0.693833	0.737053	0.707428	0.71205	0.699005	0.732524	0.702322	0.709547	0.640704	0.702427	0.678394	0.687487	0.710251	0.73753	0.651273	0.719311	0.703063	0.709327	0.736638	0.702471	0.69866
oral_8	0.704326	0.692476	0.729402	0.725388	0.721388	0.696044	0.689124	0	0.729093	0.698436	0.718413	0.722397	0.713166	0.698699	0.696028	0.677977	0.717847	0.699627	0.698957	0.704669	0.709947	0.71184	0.718544	0.697231	0.701571	0.716135	0.694135	0.714359	0.696426	0.697769	0.694008	0.714156	0.703969	0.704784	0.703568	0.699302	0.725212	0.689592	0.692944	0.717329	0.741218	0.698216	0.71996	0.700549	0.700287	0.711014	0.66453	0.665205	0.676455	0.727955	0.711514	0.688444	0.672916	0.724123	0.698878	0.704117	0.715304	0.700656	0.69185	0.706761	0.686181	0.712648	0.710063	0.699146	0.720678	0.689485	0.71731	0.727427	0.6718	0.712078	0.705995	0.697347	0.705151	0.691831	0.700217	0.712149	0.699488	0.703361	0.726035	0.696972	0.715189	0.713205	0.702786	0.684762	0.679276	0.682577	0.731574	0.703557	0.731694	0.692899	0.69867	0.715134	0.729629	0.679564	0.711599	0.685123	0.746105	0.689712	0.707614	0.707909
oral_9	0.723243	0.704213	0.705721	0.722873	0.699121	0.70358	0.708874	0.729093	0	0.697604	0.706541	0.709441	0.714179	0.69245	0.672683	0.691721	0.699926	0.721343	0.679291	0.713527	0.715153	0.732136	0.669994	0.705989	0.724535	0.712092	0.696755	0.745674	0.662551	0.718127	0.707545	0.69909	0.717405	0.73277	0.690871	0.700265	0.721051	0.703786	0.722522	0.719056	0.690513	0.694225	0.742637	0.698757	0.722103	0.723737	0.704489	0.692548	0.682737	0.679318	0.704261	0.692246	0.699428	0.715239	0.734219	0.728099	0.692302	0.701211	0.688497	0.694952	0.696838	0.685149	0.690676	0.696318	0.718633	0.697596	0.710035	0.699972	0.701839	0.727301	0.685977	0.702743	0.706876	0.709193	0.684117	0.722044	0.704972	0.723992	0.696237	0.684089	0.705661	0.743425	0.702361	0.68941	0.718484	0.709765	0.73483	0.701966	0.695501	0.709506	0.725991	0.698228	0.728162	0.709008	0.725414	0.683454	0.719821	0.708725	0.693841	0.68824
oral_10	0.70635	0.676826	0.71585	0.721604	0.684599	0.694824	0.693437	0.698436	0.697604	0	0.6852	0.660612	0.685836	0.687241	0.698198	0.702089	0.698872	0.730136	0.686854	0.695856	0.73239	0.699558	0.666559	0.709495	0.716896	0.689135	0.681378	0.698505	0.6957	0.71438	0.690104	0.6811	0.696909	0.690947	0.666597	0.691878	0.726322	0.683372	0.698376	0.698195	0.711618	0.694397	0.698638	0.700206	0.693538	0.692723	0.704728	0.71735	0.690584	0.696222	0.685107	0.664058	0.672462	0.70751	0.709193	0.699452	0.719508	0.701122	0.67901	0.714071	0.703715	0.722039	0.709391	0.682691	0.682802	0.70035	0.728846	0.700763	0.686626	0.70678	0.697972	0.721425	0.682053	0.713039	0.688308	0.719784	0.679969	0.682346	0.704076	0.707276	0.738744	0.724513	0.708977	0.696753	0.679614	0.685222	0.694439	0.697869	0.71448	0.713469	0.715003	0.697697	0.692275	0.700895	0.727459	0.682122	0.714976	0.718472	0.715241	0.698678
oral_11	0.708901	0.671416	0.694044	0.712177	0.697678	0.734905	0.660796	0.718413	0.706541	0.6852	0	0.71801	0.661663	0.684331	0.681192	0.684241	0.691464	0.710471	0.685364	0.702125	0.718683	0.735335	0.716601	0.663991	0.668885	0.69137	0.684376	0.714932	0.699772	0.703238	0.725434	0.7033	0.678628	0.711961	0.684224	0.707099	0.6975	0.705814	0.68825	0.67168	0.72095	0.697108	0.723615	0.661957	0.712346	0.698061	0.6987	0.706966	0.71236	0.702083	0.701178	0.677916	0.711829	0.692426	0.709873	0.681567	0.708718	0.703694	0.674751	0.67582	0.687124	0.694356	0.701521	0.686794	0.726332	0.688959	0.711246	0.738611	0.687166	0.689218	0.689319	0.675517	0.695706	0.705942	0.700706	0.699867	0.731055	0.685665	0.7225	0.726441	0.711406	0.700921	0.716322	0.68452	0.721634	0.712413	0.698497	0.692027	0.702115	0.707435	0.714021	0.67364	0.698751	0.691549	0.693186	0.700779	0.68445	0.71506	0.701108	0.713909
oral_12	0.726265	0.698743	0.714872	0.72686	0.735028	0.691111	0.693164	0.722397	0.709441	0.660612	0.71801	0	0.686908	0.70332	0.704651	0.716728	0.695624	0.722497	0.688832	0.703544	0.740135	0.694207	0.6499	0.718678	0.708204	0.687356	0.684865	0.71133	0.700241	0.695334	0.692217	0.715329	0.678958	0.707041	0.708829	0.710799	0.704262	0.691414	0.702854	0.71108	0.708104	0.707323	0.699442	0.714401	0.702058	0.686181	0.701377	0.711102	0.702687	0.700496	0.695803	0.672077	0.705716	0.707218	0.706048	0.714231	0.715795	0.712447	0.698037	0.681311	0.727658	0.712569	0.714444	0.705155	0.68502	0.733289	0.721007	0.726091	0.734329	0.724156	0.719886	0.710769	0.714597	0.690602	0.689379	0.727515	0.703733	0.686794	0.70379	0.682272	0.724052	0.729342	0.673802	0.707997	0.738254	0.691864	0.710876	0.701066	0.723633	0.72583	0.703281	0.712652	0.696926	0.696291	0.691101	0.693521	0.723668	0.717807	0.688917	0.68357
oral_13	0.687572	0.697554	0.700001	0.690291	0.684839	0.677365	0.687332	0.713166	0.714179	0.685836	0.661663	0.686908	0	0.661738	0.696286	0.702031	0.670397	0.725904	0.701626	0.721324	0.703559	0.744462	0.713822	0.675321	0.707189	0.684366	0.673638	0.71237	0.699145	0.687418	0.688197	0.705933	0.683793	0.679025	0.635153	0.688216	0.708833	0.700464	0.685287	0.71339	0.682751	0.711263	0.684905	0.688388	0.712091	0.692456	0.69226	0.694047	0.69914	0.682224	0.723532	0.707273	0.693466	0.703973	0.724606	0.697483	0.714281	0.712801	0.693369	0.678545	0.707505	0.697687	0.647962	0.679756	0.707035	0.694072	0.71238	0.721315	0.68231	0.690152	0.683551	0.717079	0.720191	0.694851	0.686194	0.719041	0.685647	0.697964	0.717813	0.725252	0.708097	0.719904	0.695644	0.701509	0.679599	0.650106	0.725395	0.673256	0.712397	0.691499	0.70928	0.68133	0.684276	0.679152	0.705495	0.691897	0.696713	0.723777	0.69512	0.68883
oral_14	0.725544	0.682697	0.706986	0.717856	0.688788	0.688927	0.68553	0.698699	0.69245	0.687241	0.684331	0.70332	0.661738	0	0.709095	0.690118	0.70247	0.748151	0.709631	0.70969	0.724095	0.703818	0.725684	0.675028	0.690876	0.690043	0.663665	0.709822	0.696626	0.704163	0.690901	0.709072	0.68704	0.705617	0.67747	0.696879	0.718394	0.718877	0.671738	0.711092	0.702326	0.720681	0.713966	0.683469	0.70065	0.715598	0.695026	0.698582	0.711712	0.686497	0.728437	0.696859	0.709797	0.707162	0.702074	0.714337	0.706269	0.701656	0.689203	0.695928	0.694835	0.671596	0.678728	0.705561	0.709626	0.679208	0.708462	0.693309	0.703343	0.709018	0.700087	0.700564	0.702969	0.710939	0.696634	0.743048	0.708197	0.704208	0.696481	0.704877	0.721722	0.693276	0.688019	0.68346	0.729577	0.696493	0.694589	0.670319	0.701675	0.683972	0.704435	0.693865	0.691625	0.712049	0.681968	0.705724	0.701887	0.692798	0.722979	0.713956
oral_15	0.716512	0.697119	0.709007	0.716403	0.714508	0.72644	0.716491	0.696028	0.672683	0.698198	0.681192	0.704651	0.696286	0.709095	0	0.687196	0.709483	0.698802	0.699529	0.688545	0.716184	0.69773	0.660299	0.694962	0.733754	0.688821	0.701583	0.714535	0.681338	0.683657	0.712878	0.714778	0.688173	0.706326	0.68157	0.733828	0.716615	0.712851	0.72021	0.730489	0.72819	0.670506	0.742606	0.694256	0.708229	0.668564	0.725956	0.710605	0.686414	0.695052	0.688817	0.673591	0.709878	0.692953	0.717347	0.68789	0.705393	0.720149	0.674036	0.669478	0.694926	0.718551	0.676602	0.678529	0.722072	0.720149	0.696867	0.725617	0.679441	0.734606	0.6723	0.702652	0.669433	0.683932	0.661044	0.697619	0.723729	0.700669	0.737012	0.704496	0.705803	0.74086	0.695274	0.71002	0.685567	0.71197	0.72288	0.669257	0.697806	0.700866	0.728206	0.679808	0.687766	0.713379	0.703485	0.69425	0.715154	0.696609	0.68334	0.703046
oral_16	0.704577	0.695928	0.692369	0.701639	0.702105	0.714238	0.68167	0.677977	0.691721	0.702089	0.684241	0.716728	0.702031	0.690118	0.687196	0	0.705232	0.721463	0.715376	0.689191	0.685864	0.728721	0.702423	0.650038	0.696924	0.686172	0.696897	0.712053	0.638562	0.681098	0.674062	0.721273	0.658424	0.679323	0.705099	0.706778	0.684203	0.715542	0.682278	0.718228	0.700802	0.682171	0.740033	0.686298	0.687224	0.699543	0.686155	0.679884	0.682677	0.705429	0.681575	0.715287	0.713227	0.711644	0.716657	0.723287	0.700645	0.706642	0.715951	0.671864	0.699255	0.709894	0.686896	0.70049	0.696271	0.694891	0.678333	0.675822	0.715942	0.727583	0.707763	0.673753	0.70519	0.697824	0.656133	0.743662	0.69248	0.703766	0.703566	0.695257	0.708654	0.717446	0.681838	0.690523	0.712418	0.677	0.696867	0.706606	0.689191	0.711694	0.71794	0.689756	0.710557	0.662178	0.700983	0.694395	0.723046	0.719515	0.707617	0.683319
oral_17	0.698376	0.718878	0.727083	0.714184	0.688697	0.701259	0.704341	0.717847	0.699926	0.698872	0.691464	0.695624	0.670397	0.70247	0.709483	0.705232	0	0.722496	0.711132	0.721189	0.724328	0.713227	0.681148	0.691444	0.700112	0.693224	0.717426	0.665568	0.705259	0.711874	0.671997	0.702974	0.690759	0.689993	0.693638	0.725264	0.692514	0.712376	0.672641	0.71238	0.690403	0.709379	0.713999	0.67268	0.73209	0.717291	0.720057	0.684359	0.683637	0.689849	0.728001	0.701177	0.673147	0.730152	0.73074	0.707223	0.698186	0.71671	0.681714	0.693533	0.719272	0.690852	0.675072	0.678563	0.698264	0.682556	0.695293	0.729683	0.694643	0.722928	0.70968	0.693707	0.707167	0.691563	0.665555	0.700631	0.733996	0.718383	0.724817	0.708231	0.710415	0.720532	0.711853	0.678575	0.705234	0.6859	0.724065	0.682337	0.707038	0.718187	0.722068	0.69724	0.724177	0.695887	0.734211	0.685463	0.685434	0.713966	0.704969	0.681863
oral_18	0.708646	0.692013	0.755035	0.740858	0.719207	0.73193	0.731179	0.699627	0.721343	0.730136	0.710471	0.722497	0.725904	0.748151	0.698802	0.721463	0.722496	0	0.721662	0.743761	0.736815	0.721325	0.715081	0.707296	0.746064	0.664103	0.732357	0.749008	0.721079	0.731949	0.712733	0.725059	0.70745	0.716812	0.717873	0.700882	0.714963	0.713723	0.717789	0.712544	0.71599	0.71952	0.743137	0.723972	0.728561	0.700163	0.709964	0.695407	0.683628	0.729004	0.740416	0.738404	0.685893	0.704899	0.736346	0.752005	0.72213	0.741281	0.702769	0.738248	0.728734	0.724225	0.711981	0.715446	0.7497	0.715841	0.731762	0.73252	0.711519	0.680717	0.725215	0.724335	0.71689	0.708925	0.717672	0.719693	0.73152	0.715122	0.743436	0.723299	0.736855	0.735842	0.735838	0.711466	0.721715	0.719297	0.742958	0.729921	0.729994	0.717942	0.717628	0.727415	0.735788	0.708936	0.711459	0.697735	0.734407	0.738727	0.723693	0.717418
oral_19	0.721167	0.684212	0.713117	0.692762	0.753044	0.718501	0.707194	0.698957	0.679291	0.686854	0.685364	0.688832	0.701626	0.709631	0.699529	0.715376	0.711132	0.721662	0	0.708261	0.748101	0.728003	0.714893	0.709684	0.692375	0.693581	0.69415	0.677113	0.702565	0.694258	0.698712	0.714057	0.689365	0.708833	0.702101	0.707558	0.705797	0.706574	0.710239	0.710669	0.714014	0.716668	0.724578	0.701314	0.718841	0.706882	0.691923	0.693059	0.712845	0.703509	0.698013	0.673602	0.685025	0.721177	0.706624	0.696525	0.729487	0.711538	0.667586	0.688197	0.703836	0.700396	0.711836	0.717688	0.709995	0.723978	0.691348	0.696515	0.723459	0.745503	0.66463	0.726335	0.701776	0.686059	0.703504	0.762399	0.663127	0.72133	0.731016	0.719491	0.718469	0.718659	0.688602	0.726324	0.739895	0.725456	0.693098	0.706472	0.670133	0.717305	0.717686	0.67374	0.740472	0.699219	0.723439	0.721444	0.742279	0.695132	0.702317	0.724847
oral_20	0.737004	0.704079	0.73416	0.731663	0.731426	0.728254	0.709135	0.704669	0.713527	0.695856	0.702125	0.703544	0.721324	0.70969	0.688545	0.689191	0.721189	0.743761	0.708261	0	0.744348	0.7508	0.720469	0.713896	0.715125	0.712085	0.698567	0.701358	0.695142	0.723154	0.720518	0.719573	0.705962	0.740202	0.713781	0.720598	0.730767	0.725262	0.714218	0.719818	0.715346	0.704767	0.739689	0.719921	0.723993	0.721577	0.737119	0.707752	0.679097	0.736003	0.71305	0.673777	0.698689	0.73486	0.743421	0.717663	0.747234	0.70187	0.707195	0.68567	0.678822	0.716346	0.697181	0.719785	0.722334	0.744769	0.712953	0.737402	0.713167	0.737855	0.703117	0.683837	0.722653	0.717547	0.717361	0.727424	0.679163	0.695755	0.706526	0.719069	0.722031	0.70321	0.721766	0.698436	0.72131	0.737137	0.713479	0.717678	0.726949	0.695194	0.739536	0.686839	0.712916	0.706104	0.699857	0.706515	0.717626	0.757036	0.729758	0.705057
oral_21	0.702293	0.710417	0.701319	0.720594	0.74073	0.702285	0.708252	0.709947	0.715153	0.73239	0.718683	0.740135	0.703559	0.724095	0.716184	0.685864	0.724328	0.736815	0.748101	0.744348	0	0.723396	0.73483	0.713721	0.732854	0.688432	0.682845	0.70188	0.714091	0.723237	0.71678	0.725999	0.730844	0.706946	0.723587	0.706074	0.687471	0.716924	0.70188	0.736001	0.733415	0.720849	0.700701	0.691786	0.719008	0.723243	0.680645	0.7164	0.722756	0.695055	0.732027	0.723119	0.710323	0.72292	0.738513	0.716145	0.726795	0.707303	0.730044	0.693286	0.69721	0.71731	0.718007	0.660548	0.7319	0.720098	0.710955	0.72622	0.708288	0.69934	0.711538	0.720671	0.711704	0.672282	0.688139	0.727581	0.730443	0.714328	0.716219	0.708451	0.72875	0.705316	0.735151	0.723424	0.746875	0.712376	0.704392	0.70546	0.725947	0.694677	0.713449	0.728171	0.715318	0.696126	0.684065	0.677902	0.72147	0.703998	0.704884	0.698635
oral_22	0.683081	0.697138	0.73919	0.717958	0.743901	0.722272	0.700074	0.71184	0.732136	0.699558	0.735335	0.694207	0.744462	0.703818	0.69773	0.728721	0.713227	0.721325	0.728003	0.7508	0.723396	0	0.664428	0.717831	0.725641	0.683777	0.709912	0.732646	0.709601	0.705416	0.693688	0.747841	0.72191	0.689526	0.680722	0.696838	0.693274	0.711568	0.727913	0.713294	0.717941	0.714444	0.706442	0.702708	0.709915	0.735759	0.714904	0.724345	0.724427	0.723972	0.683886	0.699257	0.696732	0.718154	0.693431	0.753746	0.709799	0.731737	0.720685	0.710639	0.718763	0.692967	0.713279	0.690788	0.703049	0.68151	0.720414	0.693404	0.701075	0.726577	0.72774	0.725842	0.710329	0.699939	0.717571	0.718911	0.728028	0.721243	0.713641	0.724973	0.735041	0.725092	0.677964	0.714174	0.721124	0.751443	0.733053	0.687019	0.724254	0.701725	0.718713	0.727399	0.742815	0.712183	0.702149	0.700914	0.754128	0.715461	0.706925	0.733645
oral_23	0.692833	0.704237	0.716729	0.721946	0.714268	0.68532	0.688359	0.718544	0.669994	0.666559	0.716601	0.6499	0.713822	0.725684	0.660299	0.702423	0.681148	0.715081	0.714893	0.720469	0.73483	0.664428	0	0.691667	0.718017	0.711929	0.709445	0.669594	0.68498	0.711537	0.700012	0.705279	0.66159	0.682431	0.688791	0.714564	0.720263	0.693866	0.701621	0.71831	0.698044	0.678176	0.734634	0.699364	0.713137	0.703055	0.716756	0.699582	0.713786	0.694028	0.688392	0.651467	0.696295	0.707685	0.693778	0.71283	0.717415	0.715695	0.700038	0.671528	0.702823	0.719162	0.703548	0.668413	0.703958	0.726063	0.705187	0.699531	0.698355	0.692044	0.678053	0.696551	0.701549	0.688131	0.651212	0.736929	0.690424	0.673454	0.703369	0.711871	0.694523	0.728687	0.673735	0.678923	0.705494	0.687591	0.713093	0.647723	0.693777	0.70036	0.68687	0.714228	0.68968	0.684551	0.720038	0.663807	0.71439	0.706457	0.674202	0.666441
oral_24	0.710071	0.676325	0.719797	0.718593	0.667515	0.700439	0.684326	0.697231	0.705989	0.709495	0.663991	0.718678	0.675321	0.675028	0.694962	0.650038	0.691444	0.707296	0.709684	0.713896	0.713721	0.717831	0.691667	0	0.704867	0.696489	0.680494	0.712598	0.686687	0.700651	0.706108	0.700453	0.675744	0.713556	0.692552	0.710746	0.680001	0.71283	0.696254	0.705336	0.711758	0.710555	0.72124	0.675499	0.67585	0.67372	0.694871	0.677841	0.68463	0.706761	0.715319	0.688008	0.692621	0.694778	0.732564	0.71576	0.712964	0.69037	0.676624	0.703559	0.705207	0.687401	0.685446	0.670263	0.699823	0.719901	0.698223	0.695467	0.699242	0.688328	0.686082	0.710165	0.685322	0.682593	0.683353	0.731013	0.722907	0.686631	0.725813	0.700774	0.714208	0.7237	0.693874	0.734027	0.715842	0.701761	0.728549	0.680968	0.691895	0.695609	0.710717	0.710016	0.691294	0.670966	0.686811	0.6681	0.713823	0.722382	0.669136	0.705455
oral_25	0.714878	0.706192	0.713392	0.717199	0.701183	0.697526	0.692949	0.701571	0.724535	0.716896	0.668885	0.708204	0.707189	0.690876	0.733754	0.696924	0.700112	0.746064	0.692375	0.715125	0.732854	0.725641	0.718017	0.704867	0	0.724138	0.70851	0.69395	0.714815	0.673714	0.713125	0.69651	0.689266	0.740114	0.708959	0.726935	0.712562	0.707597	0.709255	0.682521	0.740079	0.704642	0.70231	0.700156	0.716603	0.732087	0.671099	0.735148	0.693558	0.72268	0.706595	0.706455	0.699275	0.712038	0.722897	0.709808	0.684968	0.71665	0.706565	0.678863	0.674596	0.717377	0.717295	0.70651	0.730708	0.727927	0.678088	0.736332	0.73032	0.722982	0.69065	0.709941	0.714535	0.71186	0.710019	0.739042	0.713437	0.711866	0.716077	0.728515	0.72103	0.711651	0.703146	0.702368	0.695186	0.692275	0.719103	0.664609	0.72013	0.713926	0.724267	0.695849	0.713789	0.695436	0.701637	0.730444	0.725506	0.72652	0.731059	0.701448
oral_26	0.697396	0.718257	0.705599	0.684518	0.699604	0.730211	0.678515	0.716135	0.712092	0.689135	0.69137	0.687356	0.684366	0.690043	0.688821	0.686172	0.693224	0.664103	0.693581	0.712085	0.688432	0.683777	0.711929	0.696489	0.724138	0	0.704044	0.726473	0.656404	0.685802	0.677972	0.711663	0.690864	0.7141	0.675213	0.680706	0.70627	0.695533	0.711791	0.685559	0.689449	0.7181	0.693252	0.696697	0.692148	0.710985	0.678844	0.712517	0.685338	0.689821	0.706967	0.693466	0.701604	0.688447	0.685092	0.719728	0.68372	0.728059	0.692315	0.6857	0.678816	0.704546	0.691243	0.675504	0.670326	0.704324	0.689105	0.663604	0.719955	0.686266	0.687681	0.687023	0.719884	0.684414	0.695357	0.731581	0.706847	0.680448	0.727161	0.700168	0.697789	0.716034	0.695223	0.70438	0.716108	0.726808	0.709514	0.693943	0.705401	0.691442	0.740119	0.690212	0.748159	0.6621	0.692919	0.691647	0.694544	0.712307	0.700765	0.699077
oral_27	0.721509	0.696458	0.713805	0.711563	0.715383	0.706649	0.697463	0.694135	0.696755	0.681378	0.684376	0.684865	0.673638	0.663665	0.701583	0.696897	0.717426	0.732357	0.69415	0.698567	0.682845	0.709912	0.709445	0.680494	0.70851	0.704044	0	0.691307	0.680588	0.710716	0.701271	0.700619	0.666585	0.688284	0.707402	0.667126	0.701228	0.712612	0.693902	0.692368	0.710225	0.698385	0.727171	0.692936	0.717465	0.706768	0.679736	0.702087	0.714149	0.68793	0.695951	0.708722	0.665017	0.720787	0.711448	0.71771	0.71315	0.706727	0.681867	0.689618	0.703619	0.721646	0.693679	0.649683	0.708754	0.686082	0.705205	0.719645	0.700872	0.717288	0.700459	0.685873	0.686724	0.715462	0.699388	0.739446	0.697888	0.67559	0.707841	0.71368	0.718943	0.757412	0.684166	0.68817	0.724871	0.684007	0.675286	0.68977	0.72934	0.713462	0.715196	0.727125	0.71941	0.713524	0.670375	0.696122	0.690554	0.672463	0.711999	0.706138
oral_28	0.713955	0.698145	0.732242	0.70978	0.730876	0.714061	0.684648	0.714359	0.745674	0.698505	0.714932	0.71133	0.71237	0.709822	0.714535	0.712053	0.665568	0.749008	0.677113	0.701358	0.70188	0.732646	0.669594	0.712598	0.69395	0.726473	0.691307	0	0.706347	0.705249	0.733737	0.71901	0.676709	0.739246	0.694066	0.706719	0.707183	0.692341	0.667899	0.72285	0.701061	0.714439	0.716595	0.701555	0.71802	0.714252	0.737681	0.715766	0.702884	0.725997	0.703076	0.674932	0.714052	0.7232	0.697135	0.682166	0.710274	0.702354	0.697727	0.687962	0.692856	0.714274	0.71112	0.705806	0.701879	0.742753	0.68078	0.73631	0.708628	0.720647	0.70195	0.712729	0.724666	0.692735	0.70726	0.738561	0.731188	0.691988	0.720092	0.701097	0.719388	0.720071	0.734758	0.697744	0.737419	0.711718	0.692972	0.701066	0.68142	0.722117	0.715452	0.703615	0.70914	0.704118	0.723105	0.706178	0.684214	0.692182	0.684128	0.694755
oral_29	0.69646	0.682046	0.708483	0.692817	0.694371	0.726674	0.699713	0.696426	0.662551	0.6957	0.699772	0.700241	0.699145	0.696626	0.681338	0.638562	0.705259	0.721079	0.702565	0.695142	0.714091	0.709601	0.68498	0.686687	0.714815	0.656404	0.680588	0.706347	0	0.719728	0.702072	0.709344	0.692392	0.702447	0.715857	0.708359	0.693321	0.704126	0.683582	0.708744	0.713151	0.689168	0.723926	0.70762	0.718927	0.696526	0.676743	0.660526	0.719372	0.709013	0.680307	0.684785	0.694587	0.7339	0.693146	0.717364	0.687422	0.713241	0.698641	0.622502	0.71085	0.686735	0.699647	0.680894	0.717356	0.688235	0.694641	0.713443	0.688375	0.718294	0.731023	0.678755	0.717099	0.683863	0.677071	0.75196	0.673408	0.694493	0.72349	0.696847	0.717032	0.708881	0.681767	0.692318	0.726493	0.71462	0.705824	0.676691	0.672223	0.716508	0.706648	0.710881	0.718327	0.662077	0.734627	0.70537	0.689701	0.713412	0.685962	0.713442
oral_30	0.718256	0.690426	0.697366	0.751563	0.712609	0.697755	0.701208	0.697769	0.718127	0.71438	0.703238	0.695334	0.687418	0.704163	0.683657	0.681098	0.711874	0.731949	0.694258	0.723154	0.723237	0.705416	0.711537	0.700651	0.673714	0.685802	0.710716	0.705249	0.719728	0	0.718413	0.73216	0.69169	0.73474	0.67438	0.715569	0.715454	0.69958	0.693202	0.715487	0.721301	0.717607	0.700528	0.69874	0.676796	0.716121	0.718636	0.700314	0.695468	0.725349	0.686211	0.679635	0.722587	0.715338	0.722474	0.71287	0.696213	0.722083	0.704462	0.698509	0.695445	0.725526	0.709402	0.721972	0.719019	0.723537	0.656704	0.716447	0.712876	0.73637	0.683079	0.70088	0.708233	0.69979	0.68307	0.715863	0.71981	0.674929	0.709792	0.733236	0.720023	0.728649	0.693048	0.714614	0.731178	0.689132	0.732118	0.685383	0.70652	0.710744	0.73352	0.673167	0.717794	0.706143	0.713828	0.697646	0.736215	0.692451	0.705694	0.715661
oral_31	0.736117	0.712696	0.713673	0.698867	0.706195	0.705227	0.711392	0.694008	0.707545	0.690104	0.725434	0.692217	0.688197	0.690901	0.712878	0.674062	0.671997	0.712733	0.698712	0.720518	0.71678	0.693688	0.700012	0.706108	0.713125	0.677972	0.701271	0.733737	0.702072	0.718413	0	0.706555	0.682003	0.701257	0.705419	0.727523	0.711923	0.701029	0.721993	0.733336	0.706828	0.717641	0.70557	0.724815	0.723178	0.700211	0.700206	0.657387	0.679692	0.707803	0.706147	0.709239	0.681204	0.726889	0.678761	0.732843	0.707303	0.709624	0.70324	0.693904	0.696903	0.709501	0.683043	0.713957	0.705653	0.707704	0.714851	0.68969	0.719568	0.704805	0.709708	0.691811	0.716084	0.666786	0.700175	0.708715	0.702464	0.716043	0.696861	0.675274	0.683524	0.71608	0.673744	0.694272	0.690915	0.719751	0.717817	0.693731	0.704523	0.702391	0.722474	0.715906	0.741689	0.707644	0.708626	0.69382	0.691754	0.711977	0.694334	0.685849
oral_32	0.705218	0.707867	0.730004	0.744799	0.702837	0.697363	0.715816	0.714156	0.69909	0.6811	0.7033	0.715329	0.705933	0.709072	0.714778	0.721273	0.702974	0.725059	0.714057	0.719573	0.725999	0.747841	0.705279	0.700453	0.69651	0.711663	0.700619	0.71901	0.709344	0.73216	0.706555	0	0.701843	0.726141	0.70805	0.683438	0.720876	0.699969	0.714702	0.701369	0.733953	0.735215	0.729384	0.714204	0.726576	0.671565	0.723087	0.720574	0.683749	0.718086	0.730828	0.730554	0.697414	0.731923	0.732211	0.694209	0.719719	0.73948	0.677932	0.706876	0.716078	0.706262	0.716701	0.686456	0.720968	0.709621	0.714914	0.728873	0.734041	0.730896	0.701512	0.713705	0.701045	0.701571	0.728994	0.740254	0.688224	0.687176	0.730697	0.721065	0.729815	0.71552	0.698136	0.684806	0.692114	0.70194	0.699316	0.707512	0.70102	0.697886	0.745115	0.708967	0.719218	0.713897	0.694569	0.730702	0.707819	0.718437	0.736563	0.699641
oral_33	0.713806	0.696465	0.703574	0.709391	0.701388	0.654021	0.712492	0.703969	0.717405	0.696909	0.678628	0.678958	0.683793	0.68704	0.688173	0.658424	0.690759	0.70745	0.689365	0.705962	0.730844	0.72191	0.66159	0.675744	0.689266	0.690864	0.666585	0.676709	0.692392	0.69169	0.682003	0.701843	0	0.714129	0.685964	0.720968	0.697976	0.675651	0.688464	0.701379	0.684555	0.711823	0.70685	0.709648	0.707691	0.691733	0.697539	0.689374	0.690429	0.699783	0.70213	0.669157	0.679852	0.715346	0.721303	0.713373	0.724996	0.720254	0.7001	0.668059	0.692688	0.718422	0.699667	0.688426	0.665834	0.713543	0.659003	0.702383	0.697249	0.72254	0.692582	0.711648	0.710721	0.694175	0.686888	0.726964	0.70087	0.659616	0.718717	0.69919	0.717854	0.743005	0.644966	0.721026	0.700772	0.674158	0.719113	0.678921	0.702201	0.701499	0.721684	0.658332	0.663291	0.708257	0.699108	0.683298	0.706065	0.72008	0.702783	0.689792
oral_34	0.703975	0.677542	0.716858	0.723385	0.730503	0.69712	0.719564	0.704784	0.73277	0.690947	0.711961	0.707041	0.679025	0.705617	0.706326	0.679323	0.689993	0.716812	0.708833	0.740202	0.706946	0.689526	0.682431	0.713556	0.740114	0.7141	0.688284	0.739246	0.702447	0.73474	0.701257	0.726141	0.714129	0	0.709192	0.695622	0.696457	0.731128	0.689661	0.743492	0.712542	0.680765	0.745078	0.693301	0.709072	0.705091	0.718109	0.705994	0.720166	0.678478	0.693205	0.685439	0.696469	0.735464	0.724631	0.736078	0.706896	0.710367	0.713448	0.684909	0.717526	0.689625	0.668555	0.64703	0.708151	0.70198	0.706897	0.714911	0.712455	0.722982	0.715909	0.733983	0.73225	0.686405	0.695018	0.751732	0.676658	0.681717	0.711609	0.729775	0.733588	0.695228	0.707006	0.698424	0.729258	0.706676	0.698484	0.65931	0.712733	0.736591	0.718435	0.731773	0.677193	0.69266	0.679427	0.682391	0.724234	0.747535	0.702738	0.698336
oral_35	0.699081	0.686491	0.734817	0.709019	0.692773	0.688047	0.659939	0.703568	0.690871	0.666597	0.684224	0.708829	0.635153	0.67747	0.68157	0.705099	0.693638	0.717873	0.702101	0.713781	0.723587	0.680722	0.688791	0.692552	0.708959	0.675213	0.707402	0.694066	0.715857	0.67438	0.705419	0.70805	0.685964	0.709192	0	0.710356	0.706583	0.688947	0.661973	0.707914	0.71931	0.701415	0.695598	0.676087	0.695186	0.691627	0.708048	0.706935	0.697254	0.715275	0.715289	0.697279	0.693588	0.69885	0.718046	0.677136	0.668745	0.717923	0.693565	0.724261	0.656352	0.730874	0.653766	0.66642	0.729535	0.680362	0.705183	0.679927	0.691374	0.71904	0.682146	0.70746	0.678276	0.68543	0.692755	0.728484	0.68711	0.693787	0.726182	0.693594	0.705979	0.722209	0.668228	0.702524	0.715779	0.690959	0.731099	0.648586	0.70356	0.691506	0.720633	0.703526	0.683971	0.673544	0.715801	0.667242	0.740535	0.676951	0.675188	0.7127
oral_36	0.676369	0.667882	0.712274	0.700206	0.738655	0.707267	0.664359	0.699302	0.700265	0.691878	0.707099	0.710799	0.688216	0.696879	0.733828	0.706778	0.725264	0.700882	0.707558	0.720598	0.706074	0.696838	0.714564	0.710746	0.726935	0.680706	0.667126	0.706719	0.708359	0.715569	0.727523	0.683438	0.720968	0.695622	0.710356	0	0.708722	0.725852	0.711354	0.707811	0.709778	0.695598	0.697053	0.729459	0.699988	0.708009	0.700165	0.711995	0.728519	0.708717	0.702061	0.702769	0.704679	0.720256	0.700949	0.716873	0.723825	0.69722	0.684912	0.720922	0.68658	0.719745	0.714519	0.673542	0.682393	0.716957	0.701899	0.696886	0.694656	0.68709	0.689307	0.70025	0.699787	0.708805	0.71878	0.752025	0.683309	0.706191	0.706505	0.683561	0.727682	0.718201	0.677515	0.696958	0.731692	0.718264	0.71059	0.717242	0.737651	0.705227	0.727746	0.696206	0.7502	0.699548	0.687272	0.682306	0.725284	0.695345	0.727686	0.684675
oral_37	0.729536	0.6844	0.720127	0.731687	0.723179	0.726554	0.729507	0.725212	0.721051	0.726322	0.6975	0.704262	0.708833	0.718394	0.716615	0.684203	0.692514	0.714963	0.705797	0.730767	0.687471	0.693274	0.720263	0.680001	0.712562	0.70627	0.701228	0.707183	0.693321	0.715454	0.711923	0.720876	0.697976	0.696457	0.706583	0.708722	0	0.709612	0.708108	0.719301	0.705705	0.694661	0.721031	0.684332	0.715242	0.727803	0.681797	0.712598	0.728714	0.725864	0.703661	0.693834	0.706234	0.707625	0.694378	0.721311	0.70626	0.710756	0.717103	0.70077	0.705387	0.750145	0.692797	0.706659	0.702077	0.706314	0.649341	0.716807	0.681402	0.709372	0.718435	0.712611	0.715824	0.684785	0.692912	0.734566	0.707252	0.699267	0.745876	0.713233	0.67116	0.701642	0.696004	0.706578	0.718685	0.72929	0.694553	0.704704	0.695305	0.730264	0.709213	0.692861	0.708993	0.700406	0.672695	0.705029	0.703861	0.694105	0.69946	0.71714
oral_38	0.708302	0.676646	0.718513	0.732363	0.708077	0.702802	0.686001	0.689592	0.703786	0.683372	0.705814	0.691414	0.700464	0.718877	0.712851	0.715542	0.712376	0.713723	0.706574	0.725262	0.716924	0.711568	0.693866	0.71283	0.707597	0.695533	0.712612	0.692341	0.704126	0.69958	0.701029	0.699969	0.675651	0.731128	0.688947	0.725852	0.709612	0	0.699464	0.712159	0.683391	0.717199	0.715212	0.698077	0.68436	0.724036	0.721544	0.70185	0.693435	0.700561	0.677165	0.691851	0.701415	0.721867	0.718866	0.724296	0.697404	0.700103	0.704797	0.710389	0.693799	0.69013	0.699692	0.707907	0.683324	0.686339	0.701095	0.722011	0.721455	0.71691	0.701901	0.718654	0.718857	0.696957	0.716093	0.696988	0.705069	0.729448	0.704292	0.687963	0.724064	0.738737	0.700906	0.694268	0.69859	0.695174	0.712171	0.703977	0.698781	0.707308	0.683678	0.70294	0.722692	0.707261	0.727086	0.696156	0.73673	0.717031	0.727642	0.69275
oral_39	0.717544	0.683245	0.711998	0.71932	0.702711	0.694223	0.688746	0.692944	0.722522	0.698376	0.68825	0.702854	0.685287	0.671738	0.72021	0.682278	0.672641	0.717789	0.710239	0.714218	0.70188	0.727913	0.701621	0.696254	0.709255	0.711791	0.693902	0.667899	0.683582	0.693202	0.721993	0.714702	0.688464	0.689661	0.661973	0.711354	0.708108	0.699464	0	0.704887	0.717318	0.671586	0.681268	0.679033	0.705505	0.701753	0.693354	0.696664	0.698497	0.726434	0.676748	0.680707	0.658351	0.696968	0.720467	0.680818	0.693042	0.717358	0.691435	0.690447	0.683984	0.692936	0.696233	0.686309	0.719733	0.688513	0.706748	0.728764	0.691472	0.73039	0.701125	0.709936	0.694659	0.696961	0.70922	0.717407	0.719502	0.679788	0.723076	0.717423	0.712048	0.717917	0.68343	0.679971	0.735812	0.685083	0.703069	0.694586	0.71015	0.693299	0.72964	0.719589	0.707691	0.696872	0.70874	0.68367	0.720787	0.730386	0.720431	0.703513
oral_40	0.739769	0.705698	0.715247	0.740529	0.728667	0.689112	0.692835	0.717329	0.719056	0.698195	0.67168	0.71108	0.71339	0.711092	0.730489	0.718228	0.71238	0.712544	0.710669	0.719818	0.736001	0.713294	0.71831	0.705336	0.682521	0.685559	0.692368	0.72285	0.708744	0.715487	0.733336	0.701369	0.701379	0.743492	0.707914	0.707811	0.719301	0.712159	0.704887	0	0.725363	0.705705	0.706445	0.729549	0.713394	0.722456	0.70033	0.694498	0.71864	0.719731	0.714778	0.702922	0.675629	0.723277	0.719224	0.71227	0.724144	0.724535	0.722208	0.694044	0.735735	0.717807	0.713968	0.72287	0.710146	0.723626	0.713205	0.721081	0.712391	0.718709	0.699543	0.704227	0.674887	0.704962	0.678039	0.73054	0.730006	0.729094	0.717363	0.695047	0.735855	0.730914	0.676037	0.725815	0.744558	0.696348	0.691699	0.694312	0.706966	0.725376	0.69379	0.700592	0.744821	0.675734	0.704816	0.70728	0.717416	0.710381	0.72027	0.701966
oral_41	0.689023	0.68528	0.70099	0.705742	0.728063	0.686054	0.71004	0.741218	0.690513	0.711618	0.72095	0.708104	0.682751	0.702326	0.72819	0.700802	0.690403	0.71599	0.714014	0.715346	0.733415	0.717941	0.698044	0.711758	0.740079	0.689449	0.710225	0.701061	0.713151	0.721301	0.706828	0.733953	0.684555	0.712542	0.71931	0.709778	0.705705	0.683391	0.717318	0.725363	0	0.701273	0.721578	0.708664	0.702453	0.724401	0.728098	0.725	0.688786	0.720828	0.670325	0.699152	0.695213	0.73725	0.739796	0.73131	0.719282	0.707991	0.68184	0.743003	0.701559	0.693474	0.685147	0.699796	0.695095	0.694658	0.711265	0.710765	0.711351	0.723253	0.695391	0.703089	0.705464	0.702448	0.689764	0.744851	0.718145	0.696503	0.735008	0.708536	0.722373	0.703401	0.7091	0.710377	0.719447	0.691184	0.681082	0.708419	0.706113	0.700395	0.709799	0.690644	0.704261	0.69712	0.714459	0.708071	0.734745	0.734327	0.718444	0.697125
oral_42	0.741484	0.679953	0.717649	0.708811	0.713334	0.696061	0.709212	0.698216	0.694225	0.694397	0.697108	0.707323	0.711263	0.720681	0.670506	0.682171	0.709379	0.71952	0.716668	0.704767	0.720849	0.714444	0.678176	0.710555	0.704642	0.7181	0.698385	0.714439	0.689168	0.717607	0.717641	0.735215	0.711823	0.680765	0.701415	0.695598	0.694661	0.717199	0.671586	0.705705	0.701273	0	0.698819	0.651359	0.691232	0.719804	0.685421	0.725604	0.702246	0.714057	0.651476	0.648464	0.676051	0.704796	0.719872	0.702901	0.715904	0.692908	0.689101	0.696045	0.68281	0.723794	0.698697	0.703605	0.703822	0.706447	0.697716	0.701131	0.682662	0.72273	0.691293	0.698954	0.675063	0.671338	0.691836	0.729655	0.706038	0.665362	0.705603	0.704167	0.729295	0.70936	0.701329	0.671361	0.698626	0.680894	0.711426	0.680019	0.723921	0.714692	0.680878	0.732622	0.700499	0.678992	0.709383	0.670875	0.697674	0.707226	0.695127	0.700995
oral_43	0.734985	0.702013	0.714322	0.707997	0.719346	0.710082	0.729064	0.71996	0.742637	0.698638	0.723615	0.699442	0.684905	0.713966	0.742606	0.740033	0.713999	0.743137	0.724578	0.739689	0.700701	0.706442	0.734634	0.72124	0.70231	0.693252	0.727171	0.716595	0.723926	0.700528	0.70557	0.729384	0.70685	0.745078	0.695598	0.697053	0.721031	0.715212	0.681268	0.706445	0.721578	0.698819	0	0.714936	0.689207	0.706359	0.683638	0.734741	0.714966	0.709297	0.729631	0.703317	0.683747	0.71289	0.717629	0.713933	0.701491	0.743802	0.735368	0.724686	0.70353	0.734645	0.721167	0.724216	0.696485	0.704325	0.727516	0.710608	0.730257	0.718109	0.6735	0.733375	0.673225	0.702256	0.731105	0.719644	0.712789	0.708506	0.715321	0.746863	0.715416	0.695991	0.700587	0.713477	0.746836	0.703923	0.727721	0.725679	0.722422	0.722133	0.717632	0.702223	0.714365	0.70225	0.710436	0.712465	0.741374	0.70554	0.70739	0.690831
oral_44	0.695924	0.670815	0.711362	0.742979	0.695742	0.722877	0.696956	0.700549	0.698757	0.700206	0.661957	0.714401	0.688388	0.683469	0.694256	0.686298	0.67268	0.723972	0.701314	0.719921	0.691786	0.702708	0.699364	0.675499	0.700156	0.696697	0.692936	0.701555	0.70762	0.69874	0.724815	0.714204	0.709648	0.693301	0.676087	0.729459	0.684332	0.698077	0.679033	0.729549	0.708664	0.651359	0.714936	0	0.70516	0.711861	0.701384	0.723334	0.7188	0.698065	0.704236	0.675921	0.682368	0.692093	0.710122	0.677902	0.699318	0.704038	0.723823	0.691996	0.696609	0.696965	0.703037	0.694107	0.697513	0.709992	0.704317	0.696898	0.697122	0.726005	0.680397	0.703071	0.691078	0.663496	0.697739	0.725705	0.674632	0.698943	0.711847	0.722066	0.686973	0.70795	0.69864	0.702602	0.743762	0.699735	0.714998	0.683333	0.696343	0.704837	0.698103	0.688721	0.733362	0.658741	0.680004	0.664415	0.708734	0.685709	0.684383	0.709914
