SampleID	skin_1	skin_2	skin_3	skin_4	skin_5	skin_6	skin_7	skin_8	skin_9	skin_10	skin_11	skin_12	skin_13	skin_14	skin_15	skin_16	skin_17	skin_18	skin_19	skin_20	skin_21	skin_22	skin_23	skin_24	skin_25	skin_26	skin_27	skin_28	skin_29	skin_30	skin_31	skin_32	skin_33	skin_34	skin_35	skin_36	skin_37	skin_38	skin_39	skin_40	skin_41	skin_42	skin_43	skin_44	skin_45	skin_46	skin_47	skin_48	skin_49	skin_50	skin_51	skin_52	skin_53	skin_54	skin_55	skin_56	skin_57	skin_58	skin_59	skin_60	skin_61	skin_62	skin_63	skin_64	skin_65	skin_66	skin_67	skin_68	skin_69	skin_70	skin_71	skin_72	skin_73	skin_74	skin_75	skin_76	skin_77	skin_78	skin_79	skin_80	skin_81	skin_82	skin_83	skin_84	skin_85	skin_86	skin_87	skin_88	skin_89	skin_90	skin_91	skin_92	skin_93	skin_94	skin_95	skin_96	skin_97	skin_98	skin_99	skin_100
skin_1	0	0.697875	0.705034	0.775893	0.76346	0.725601	0.715401	0.724502	0.733894	0.69405	0.719974	0.711776	0.735286	0.761408	0.738069	0.718095	0.776301	0.754724	0.720097	0.742251	0.721464	0.752382	0.72489	0.718849	0.729202	0.743871	0.702041	0.711197	0.755356	0.74057	0.738472	0.713888	0.723075	0.769052	0.784072	0.730524	0.728014	0.749983	0.741484	0.715934	0.772195	0.723777	0.727924	0.682956	0.701708	0.706686	0.732737	0.726747	0.667778	0.723876	0.735007	0.726124	0.707982	0.697571	0.697887	0.709467	0.747307	0.706078	0.730088	0.713521	0.744787	0.714495	0.737211	0.690678	0.67781	0.701235	0.755611	0.752773	0.748157	0.744691	0.784509	0.723774	0.680065	0.673949	0.761552	0.737558	0.726806	0.744825	0.733953	0.734965	0.708968	0.695897	0.71161	0.758185	0.747062	0.695004	0.662274	0.751511	0.705136	0.721155	0.734635	0.751385	0.760023	0.734307	0.749777	0.766128	0.716255	0.773854	0.739578	0.71416
skin_2	0.697875	0	0.723467	0.747228	0.756527	0.754114	0.744103	0.728614	0.731671	0.726123	0.68054	0.753643	0.726351	0.729447	0.682676	0.718807	0.781783	0.758546	0.715843	0.70858	0.695636	0.731219	0.737671	0.718481	0.742399	0.748059	0.673125	0.772927	0.747671	0.757849	0.769231	0.698816	0.667113	0.760064	0.759158	0.720201	0.743223	0.759422	0.715319	0.655063	0.757539	0.731991	0.729988	0.701292	0.757349	0.739359	0.706402	0.747105	0.746931	0.744862	0.745688	0.716623	0.74622	0.776857	0.755709	0.745627	0.735659	0.745455	0.7155	0.657817	0.724231	0.734754	0.774559	0.716039	0.708628	0.714243	0.746981	0.742419	0.743563	0.717999	0.746619	0.746771	0.758102	0.725701	0.737046	0.711106	0.779792	0.758375	0.767427	0.729923	0.724909	0.778579	0.722621	0.730603	0.705497	0.715513	0.761493	0.716424	0.709013	0.775496	0.690205	0.717571	0.747613	0.715928	0.755261	0.717623	0.741691	0.739088	0.755442	0.660116
skin_3	0.705034	0.723467	0	0.767763	0.762514	0.712657	0.721662	0.747813	0.770396	0.727174	0.738366	0.763246	0.741744	0.751335	0.734211	0.74296	0.75153	0.733044	0.742687	0.73176	0.729204	0.710742	0.743963	0.743672	0.742934	0.758693	0.730997	0.757708	0.731325	0.685032	0.746782	0.762095	0.762194	0.764759	0.781851	0.769807	0.710651	0.766879	0.721804	0.745528	0.773512	0.759086	0.779488	0.689654	0.754966	0.757312	0.736647	0.726661	0.727463	0.721767	0.760626	0.745887	0.720536	0.768479	0.761415	0.723038	0.721779	0.723216	0.73867	0.724564	0.768667	0.739225	0.759548	0.723352	0.707712	0.76181	0.787756	0.743772	0.766433	0.749818	0.762454	0.721513	0.736575	0.717641	0.738486	0.748994	0.730944	0.771552	0.779842	0.777359	0.740162	0.805187	0.740701	0.773999	0.755622	0.730144	0.711168	0.720891	0.709457	0.747001	0.753871	0.736797	0.776679	0.744563	0.744809	0.765967	0.784924	0.765901	0.77141	0.752463
skin_4	0.775893	0.747228	0.767763	0	0.788653	0.772808	0.727573	0.768985	0.797743	0.724589	0.734927	0.763849	0.763658	0.752126	0.742066	0.750273	0.767229	0.783519	0.756629	0.757659	0.744422	0.756235	0.723517	0.779658	0.763579	0.751387	0.762756	0.75673	0.772715	0.746595	0.760926	0.746149	0.7892	0.743769	0.736998	0.745745	0.78396	0.768005	0.70066	0.753711	0.763995	0.765477	0.722942	0.768533	0.732946	0.759097	0.783695	0.747642	0.790804	0.770714	0.788842	0.77418	0.762408	0.761775	0.76871	0.7169	0.782832	0.767209	0.7586	0.760527	0.735684	0.745984	0.745126	0.746921	0.740261	0.736153	0.738952	0.748254	0.76696	0.75109	0.771376	0.747565	0.747707	0.767258	0.74497	0.77555	0.775087	0.745805	0.766315	0.753318	0.754193	0.765145	0.751397	0.754966	0.761927	0.780178	0.769533	0.747961	0.745263	0.785351	0.784416	0.710194	0.766339	0.774804	0.753083	0.722482	0.738405	0.771365	0.794742	0.723909
skin_5	0.76346	0.756527	0.762514	0.788653	0	0.75436	0.77358	0.757845	0.772391	0.736321	0.743043	0.767729	0.775655	0.752254	0.748631	0.778656	0.736699	0.743921	0.795117	0.78282	0.749153	0.707612	0.752625	0.776837	0.795383	0.753302	0.772846	0.740698	0.7572	0.732795	0.777734	0.773261	0.769827	0.786643	0.78704	0.746931	0.773163	0.785405	0.782024	0.700875	0.763934	0.77409	0.765588	0.764558	0.787233	0.764555	0.768334	0.772173	0.76335	0.738664	0.757497	0.756844	0.757544	0.750363	0.766327	0.773094	0.764705	0.769593	0.765321	0.762294	0.774595	0.760645	0.776977	0.765041	0.742575	0.754264	0.727018	0.735482	0.795484	0.693752	0.730274	0.768645	0.733049	0.763905	0.747393	0.789275	0.797508	0.801739	0.795785	0.770085	0.729372	0.753853	0.772408	0.731334	0.767436	0.775489	0.752295	0.744235	0.76059	0.770779	0.738729	0.735601	0.73441	0.755146	0.73423	0.791856	0.748333	0.773718	0.778263	0.746872
skin_6	0.725601	0.754114	0.712657	0.772808	0.75436	0	0.741527	0.739994	0.759334	0.728585	0.765793	0.761362	0.770959	0.769817	0.772442	0.701573	0.75206	0.771975	0.661506	0.743385	0.720666	0.765101	0.704781	0.761348	0.735451	0.768539	0.751097	0.760512	0.719748	0.737818	0.768679	0.748259	0.758301	0.762615	0.733285	0.759165	0.72763	0.756874	0.776249	0.725561	0.767059	0.752594	0.728105	0.703335	0.735693	0.741598	0.733823	0.74873	0.742564	0.762966	0.759222	0.745226	0.735657	0.764169	0.736948	0.73625	0.753619	0.71655	0.749275	0.748738	0.773392	0.720413	0.731111	0.698293	0.730471	0.733573	0.744309	0.745325	0.753394	0.701653	0.743234	0.747885	0.711119	0.754556	0.76051	0.721516	0.777006	0.768876	0.772516	0.725869	0.736245	0.764445	0.782216	0.749042	0.745842	0.748496	0.696071	0.729982	0.718566	0.731263	0.759622	0.730405	0.646562	0.717759	0.698263	0.780792	0.769	0.760954	0.775836	0.760665
skin_7	0.715401	0.744103	0.721662	0.727573	0.77358	0.741527	0	0.728228	0.764461	0.739219	0.714663	0.740832	0.752457	0.745077	0.685062	0.701835	0.747474	0.715622	0.742054	0.671879	0.694284	0.752073	0.732632	0.750921	0.726232	0.733829	0.71339	0.715656	0.734044	0.682785	0.74274	0.690757	0.767647	0.761486	0.762076	0.738743	0.724143	0.719257	0.749548	0.752324	0.769042	0.70448	0.766006	0.707282	0.703695	0.744357	0.703033	0.700427	0.757415	0.712296	0.770876	0.708801	0.735231	0.706475	0.69846	0.723278	0.736914	0.695573	0.736026	0.72596	0.7456	0.720037	0.776911	0.676943	0.734266	0.74815	0.767627	0.749016	0.729018	0.723038	0.772566	0.737152	0.71598	0.714497	0.758509	0.736723	0.735819	0.747843	0.727299	0.722183	0.716564	0.741085	0.737977	0.761044	0.718465	0.710842	0.694281	0.759102	0.711259	0.768983	0.737929	0.705734	0.717393	0.708129	0.704738	0.745228	0.720088	0.77276	0.777458	0.751926
skin_8	0.724502	0.728614	0.747813	0.768985	0.757845	0.739994	0.728228	0	0.763225	0.749877	0.751491	0.791963	0.726019	0.758095	0.74745	0.75136	0.76375	0.744047	0.728175	0.775301	0.708087	0.77262	0.76248	0.711695	0.773367	0.708896	0.724078	0.750701	0.745319	0.752327	0.765821	0.737385	0.769877	0.700899	0.765272	0.737193	0.757155	0.713304	0.73418	0.727104	0.761458	0.771355	0.694189	0.712676	0.740894	0.733704	0.732539	0.724641	0.754552	0.750803	0.765997	0.751097	0.725458	0.73251	0.748251	0.731993	0.744382	0.710351	0.722383	0.74782	0.758393	0.722405	0.764776	0.746898	0.740821	0.753108	0.718333	0.764082	0.767123	0.743703	0.774421	0.698336	0.756781	0.771138	0.736849	0.751843	0.75262	0.722731	0.76892	0.739874	0.750837	0.764508	0.769736	0.724533	0.749185	0.73118	0.702397	0.740601	0.724382	0.758669	0.750829	0.770426	0.751498	0.698831	0.761841	0.758822	0.778051	0.733942	0.78267	0.731969
skin_9	0.733894	0.731671	0.770396	0.797743	0.772391	0.759334	0.764461	0.763225	0	0.73394	0.756588	0.763	0.789298	0.766186	0.773071	0.733492	0.74245	0.72156	0.746561	0.682981	0.778296	0.768249	0.757795	0.777183	0.784855	0.779032	0.762064	0.796093	0.759981	0.777932	0.765969	0.778346	0.774181	0.780318	0.763174	0.772368	0.778329	0.761974	0.730781	0.722198	0.78807	0.706012	0.800578	0.766344	0.72417	0.741626	0.785966	0.761708	0.722403	0.746219	0.745155	0.756818	0.754995	0.75561	0.729303	0.772634	0.783243	0.711087	0.738906	0.757535	0.804708	0.755883	0.709869	0.757974	0.783293	0.719834	0.790952	0.787795	0.725552	0.738479	0.788843	0.735344	0.775649	0.763647	0.748218	0.755387	0.74558	0.747503	0.72473	0.744219	0.755268	0.750511	0.733205	0.736484	0.748737	0.744955	0.768583	0.731791	0.73967	0.763972	0.76654	0.777441	0.749862	0.75537	0.766947	0.779309	0.79652	0.740293	0.765815	0.720714
skin_10	0.69405	0.726123	0.727174	0.724589	0.736321	0.728585	0.739219	0.749877	0.73394	0	0.742107	0.74391	0.76799	0.708047	0.74152	0.738093	0.729038	0.746388	0.721718	0.721475	0.752223	0.75001	0.732446	0.731316	0.722487	0.767669	0.745468	0.745564	0.740352	0.720671	0.765878	0.740236	0.76047	0.784535	0.725662	0.724118	0.752904	0.768249	0.736173	0.703479	0.773203	0.76575	0.728457	0.706435	0.759593	0.759588	0.753065	0.691927	0.740829	0.739924	0.695267	0.716235	0.696824	0.745259	0.755846	0.704473	0.791097	0.737477	0.738114	0.718359	0.734785	0.688987	0.783671	0.698724	0.706758	0.697524	0.757235	0.715743	0.769212	0.699937	0.789624	0.73358	0.716934	0.689645	0.753393	0.741233	0.773064	0.762926	0.740876	0.730454	0.689259	0.736267	0.743915	0.771352	0.761852	0.714892	0.684767	0.748025	0.728583	0.786747	0.748357	0.720621	0.77332	0.71716	0.756595	0.760467	0.747077	0.725258	0.74013	0.722733
skin_11	0.719974	0.68054	0.738366	0.734927	0.743043	0.765793	0.714663	0.751491	0.756588	0.742107	0	0.719576	0.742987	0.701388	0.723517	0.713285	0.717205	0.720098	0.742914	0.711123	0.709816	0.736381	0.718236	0.701932	0.744431	0.732844	0.679129	0.730822	0.72521	0.724399	0.760399	0.691891	0.731329	0.730611	0.73321	0.735205	0.74455	0.752163	0.719608	0.733564	0.753704	0.707041	0.751975	0.694889	0.76489	0.772935	0.746236	0.737483	0.723066	0.716735	0.765307	0.738544	0.670398	0.754097	0.706288	0.779322	0.761675	0.715694	0.727326	0.724349	0.736455	0.727304	0.770551	0.737388	0.718573	0.743628	0.70455	0.756911	0.762731	0.736892	0.724217	0.754751	0.703243	0.733681	0.726192	0.742126	0.806225	0.73552	0.689678	0.717509	0.703132	0.766091	0.732102	0.753789	0.68881	0.723514	0.755655	0.735697	0.741232	0.776703	0.701939	0.702751	0.748624	0.71902	0.723167	0.70472	0.735692	0.724944	0.770187	0.748366
skin_12	0.711776	0.753643	0.763246	0.763849	0.767729	0.761362	0.740832	0.791963	0.763	0.74391	0.719576	0	0.737154	0.714903	0.774189	0.699996	0.757019	0.740676	0.759384	0.73056	0.753683	0.775784	0.742414	0.740556	0.768947	0.724562	0.775157	0.732586	0.741288	0.735865	0.772564	0.735361	0.756418	0.796304	0.781411	0.724701	0.751491	0.733851	0.724563	0.758326	0.747438	0.700852	0.774153	0.736119	0.68281	0.74913	0.764811	0.785262	0.739562	0.757446	0.762189	0.779777	0.7203	0.762844	0.725895	0.765881	0.738172	0.745226	0.685779	0.728863	0.775885	0.744692	0.768341	0.715254	0.746945	0.753826	0.775394	0.74394	0.77287	0.748175	0.775897	0.759772	0.736699	0.74659	0.744162	0.768846	0.741301	0.78928	0.7507	0.758038	0.753005	0.784828	0.775509	0.792311	0.758808	0.733786	0.730229	0.729468	0.730321	0.710345	0.754514	0.738211	0.763851	0.709366	0.731532	0.76065	0.758864	0.781688	0.751199	0.753481
skin_13	0.735286	0.726351	0.741744	0.763658	0.775655	0.770959	0.752457	0.726019	0.789298	0.76799	0.742987	0.737154	0	0.756811	0.747777	0.770117	0.768718	0.685904	0.76915	0.752661	0.751988	0.684472	0.706945	0.706349	0.759828	0.732297	0.7237	0.756104	0.740993	0.776084	0.759131	0.757799	0.753004	0.745867	0.78111	0.742942	0.754353	0.748003	0.750275	0.738875	0.732242	0.726533	0.768901	0.719161	0.748454	0.736636	0.788653	0.745091	0.715646	0.772507	0.719853	0.748257	0.734759	0.759143	0.725512	0.734413	0.75103	0.753532	0.738888	0.711392	0.715738	0.670585	0.759872	0.769039	0.719215	0.677158	0.726525	0.750697	0.761452	0.745131	0.774188	0.758357	0.757315	0.704338	0.772711	0.688953	0.756618	0.793614	0.768499	0.766236	0.693285	0.756047	0.730498	0.749867	0.733005	0.770751	0.747105	0.782613	0.724996	0.753113	0.729851	0.766952	0.750397	0.690782	0.746198	0.74141	0.722412	0.755427	0.704027	0.75072
skin_14	0.761408	0.729447	0.751335	0.752126	0.752254	0.769817	0.745077	0.758095	0.766186	0.708047	0.701388	0.714903	0.756811	0	0.733588	0.703903	0.771502	0.734748	0.690925	0.752393	0.749619	0.749409	0.714558	0.757663	0.747144	0.72616	0.744193	0.72775	0.756023	0.739533	0.72217	0.768112	0.750172	0.758952	0.771435	0.741005	0.77291	0.746444	0.734434	0.66649	0.753599	0.762912	0.769348	0.74763	0.755354	0.737487	0.776068	0.703756	0.78385	0.787036	0.74858	0.76198	0.761094	0.74448	0.762258	0.763796	0.78033	0.731065	0.739397	0.714245	0.762821	0.717708	0.711113	0.718812	0.770111	0.728511	0.758277	0.762686	0.744593	0.694203	0.764458	0.771645	0.731945	0.737236	0.789957	0.770981	0.759331	0.766108	0.776388	0.748056	0.741814	0.781406	0.784011	0.788138	0.762637	0.732996	0.692797	0.724088	0.730065	0.801276	0.712313	0.746836	0.750516	0.710114	0.741193	0.751301	0.747845	0.764821	0.750189	0.770525
skin_15	0.738069	0.682676	0.734211	0.742066	0.748631	0.772442	0.685062	0.74745	0.773071	0.74152	0.723517	0.774189	0.747777	0.733588	0	0.719458	0.778762	0.747514	0.703529	0.724954	0.720093	0.738754	0.725711	0.745841	0.736668	0.761497	0.735431	0.747014	0.733715	0.751899	0.758969	0.73995	0.706729	0.770814	0.743854	0.713723	0.766882	0.69009	0.761428	0.7157	0.726536	0.754752	0.737995	0.716476	0.752469	0.711509	0.726082	0.740761	0.756061	0.730001	0.73285	0.730236	0.718018	0.786713	0.744975	0.74168	0.720393	0.73096	0.759319	0.708698	0.731765	0.728248	0.7907	0.731217	0.727973	0.706871	0.738992	0.747901	0.748352	0.746207	0.755476	0.757161	0.724565	0.742754	0.736022	0.694694	0.747697	0.767547	0.771568	0.766736	0.74896	0.760584	0.722123	0.76927	0.74243	0.715096	0.74001	0.753881	0.726231	0.773583	0.694734	0.734887	0.734235	0.702757	0.724659	0.722328	0.740156	0.74643	0.727752	0.685624
skin_16	0.718095	0.718807	0.74296	0.750273	0.778656	0.701573	0.701835	0.75136	0.733492	0.738093	0.713285	0.699996	0.770117	0.703903	0.719458	0	0.754234	0.726094	0.704024	0.707228	0.716374	0.725454	0.712935	0.710727	0.771876	0.73916	0.748629	0.750355	0.765705	0.765417	0.755111	0.753815	0.736128	0.741631	0.777445	0.763357	0.759832	0.738147	0.750689	0.734764	0.703679	0.746143	0.728264	0.717859	0.70574	0.737956	0.767711	0.755343	0.76436	0.745532	0.723582	0.74948	0.705244	0.761015	0.700953	0.731978	0.761977	0.686258	0.720126	0.711377	0.770166	0.747502	0.801058	0.685328	0.746854	0.743805	0.750434	0.697798	0.741144	0.718684	0.774756	0.693107	0.723871	0.767319	0.742398	0.749539	0.751029	0.756057	0.75196	0.766454	0.712101	0.745821	0.7702	0.757632	0.751979	0.744606	0.669371	0.754287	0.739279	0.744528	0.742534	0.712169	0.744537	0.6967	0.741874	0.712443	0.723586	0.748416	0.770607	0.745375
skin_17	0.776301	0.781783	0.75153	0.767229	0.736699	0.75206	0.747474	0.76375	0.74245	0.729038	0.717205	0.757019	0.768718	0.771502	0.778762	0.754234	0	0.725564	0.732962	0.750125	0.727396	0.760092	0.752951	0.703667	0.737097	0.746678	0.768874	0.745074	0.753743	0.72037	0.770499	0.7359	0.777134	0.70211	0.802016	0.739818	0.76426	0.778828	0.749631	0.727353	0.776194	0.760857	0.786623	0.735468	0.732437	0.751022	0.788783	0.763391	0.739091	0.760359	0.738681	0.785614	0.718835	0.777489	0.740465	0.777777	0.7607	0.739616	0.762083	0.768541	0.756454	0.757999	0.76082	0.741174	0.755213	0.752787	0.786935	0.751707	0.773631	0.738414	0.74782	0.726265	0.706116	0.73947	0.724391	0.756065	0.780664	0.723704	0.768788	0.695833	0.746148	0.747117	0.76287	0.784197	0.792804	0.753916	0.789026	0.74384	0.758425	0.781629	0.787644	0.741244	0.747389	0.77288	0.757329	0.754147	0.738001	0.664312	0.770615	0.744137
skin_18	0.754724	0.758546	0.733044	0.783519	0.743921	0.771975	0.715622	0.744047	0.72156	0.746388	0.720098	0.740676	0.685904	0.734748	0.747514	0.726094	0.725564	0	0.76224	0.757556	0.782734	0.733804	0.760958	0.773469	0.790118	0.753272	0.74643	0.707116	0.768835	0.757113	0.778143	0.763028	0.775342	0.709881	0.79731	0.769931	0.741865	0.775141	0.746585	0.770661	0.781247	0.774693	0.759557	0.757961	0.722169	0.740848	0.785457	0.760816	0.740804	0.748768	0.740993	0.71179	0.757854	0.796937	0.787822	0.760714	0.734854	0.747183	0.732108	0.793724	0.765234	0.754146	0.736391	0.747471	0.739219	0.750574	0.7712	0.75742	0.771754	0.739107	0.752857	0.740843	0.749775	0.740263	0.794946	0.731434	0.755322	0.780132	0.76678	0.746881	0.759955	0.76448	0.785912	0.771553	0.779874	0.76885	0.737759	0.770418	0.752963	0.797786	0.753324	0.764117	0.773226	0.762122	0.740487	0.694011	0.770743	0.700157	0.771752	0.721053
skin_19	0.720097	0.715843	0.742687	0.756629	0.795117	0.661506	0.742054	0.728175	0.746561	0.721718	0.742914	0.759384	0.76915	0.690925	0.703529	0.704024	0.732962	0.76224	0	0.742776	0.732566	0.750871	0.728777	0.707034	0.747226	0.753911	0.732152	0.759212	0.728301	0.723182	0.739569	0.701937	0.731497	0.766055	0.773243	0.746436	0.76543	0.758705	0.711083	0.682721	0.745343	0.741355	0.742506	0.688775	0.736176	0.728693	0.716038	0.707064	0.723411	0.777493	0.743873	0.740406	0.731929	0.74838	0.767757	0.766236	0.715829	0.71131	0.735337	0.713006	0.76209	0.715154	0.705773	0.741501	0.763148	0.732859	0.763725	0.727334	0.741679	0.731108	0.765704	0.733538	0.716422	0.730661	0.753796	0.712765	0.763511	0.75966	0.732766	0.715967	0.753486	0.768907	0.785618	0.765211	0.72767	0.720082	0.746161	0.759258	0.729649	0.760004	0.759079	0.775804	0.718994	0.694929	0.716209	0.752395	0.696904	0.768922	0.742613	0.768714
skin_20	0.742251	0.70858	0.73176	0.757659	0.78282	0.743385	0.671879	0.775301	0.682981	0.721475	0.711123	0.73056	0.752661	0.752393	0.724954	0.707228	0.750125	0.757556	0.742776	0	0.713721	0.735986	0.721381	0.763409	0.751687	0.761273	0.743577	0.746627	0.750909	0.740053	0.704591	0.755767	0.751616	0.767	0.781824	0.742554	0.747876	0.774147	0.746575	0.730321	0.749787	0.698884	0.765064	0.733681	0.716451	0.734293	0.769039	0.765804	0.713561	0.712631	0.776159	0.703561	0.730126	0.716732	0.707018	0.717338	0.770763	0.70948	0.70107	0.762562	0.776983	0.726356	0.722591	0.725677	0.664054	0.699458	0.736968	0.74115	0.713407	0.740372	0.770757	0.751752	0.722792	0.703023	0.712965	0.74288	0.751031	0.76266	0.7339	0.721413	0.740344	0.676173	0.7422	0.758528	0.752636	0.725219	0.727327	0.710979	0.726742	0.750427	0.786917	0.737769	0.741964	0.694821	0.723025	0.72715	0.742869	0.745698	0.800964	0.688312
skin_21	0.721464	0.695636	0.729204	0.744422	0.749153	0.720666	0.694284	0.708087	0.778296	0.752223	0.709816	0.753683	0.751988	0.749619	0.720093	0.716374	0.727396	0.782734	0.732566	0.713721	0	0.713449	0.725302	0.682499	0.732233	0.69021	0.695349	0.72473	0.736356	0.700644	0.716204	0.721069	0.727307	0.738799	0.77421	0.757851	0.757646	0.743393	0.737436	0.726152	0.785056	0.727779	0.729476	0.684456	0.755535	0.745468	0.704123	0.714539	0.740267	0.725774	0.771004	0.751747	0.745347	0.757201	0.707928	0.730561	0.757986	0.723943	0.69992	0.71429	0.746488	0.768147	0.764524	0.724283	0.712726	0.733968	0.763694	0.721578	0.719394	0.746315	0.778762	0.713245	0.74572	0.7257	0.769297	0.743122	0.741838	0.732118	0.731229	0.720224	0.694387	0.749367	0.739707	0.760948	0.745219	0.701404	0.717794	0.762054	0.72782	0.76408	0.769107	0.73255	0.711028	0.716088	0.70585	0.779967	0.73857	0.763772	0.80219	0.754576
skin_22	0.752382	0.731219	0.710742	0.756235	0.707612	0.765101	0.752073	0.77262	0.768249	0.75001	0.736381	0.775784	0.684472	0.749409	0.738754	0.725454	0.760092	0.733804	0.750871	0.735986	0.713449	0	0.719555	0.764033	0.786485	0.739256	0.7287	0.73711	0.762992	0.717247	0.798623	0.757133	0.776834	0.762241	0.777717	0.734125	0.727104	0.76667	0.728518	0.74342	0.737947	0.750269	0.763653	0.729934	0.732271	0.721505	0.74461	0.71675	0.736422	0.753816	0.715945	0.726135	0.776967	0.772648	0.75256	0.746535	0.745173	0.751154	0.74888	0.742291	0.777106	0.70168	0.777521	0.76324	0.72926	0.722177	0.763569	0.749394	0.773212	0.716276	0.729974	0.720692	0.722566	0.735988	0.788709	0.679804	0.784554	0.783352	0.781009	0.749365	0.698849	0.749384	0.723801	0.764484	0.732147	0.759341	0.72923	0.752216	0.726372	0.745378	0.744094	0.748921	0.735719	0.717443	0.741156	0.757491	0.722385	0.763815	0.775964	0.750334
skin_23	0.72489	0.737671	0.743963	0.723517	0.752625	0.704781	0.732632	0.76248	0.757795	0.732446	0.718236	0.742414	0.706945	0.714558	0.725711	0.712935	0.752951	0.760958	0.728777	0.721381	0.725302	0.719555	0	0.740117	0.729182	0.750875	0.766879	0.747277	0.728546	0.77581	0.758932	0.720709	0.733654	0.780344	0.739848	0.722959	0.785613	0.756544	0.766448	0.731869	0.74691	0.708886	0.746214	0.678877	0.739684	0.729099	0.728335	0.731349	0.73341	0.737627	0.72973	0.770025	0.715734	0.728592	0.743406	0.714288	0.782056	0.748475	0.700807	0.724205	0.741386	0.731062	0.732755	0.756257	0.737799	0.738245	0.736423	0.723281	0.754259	0.743239	0.76233	0.764154	0.733949	0.737085	0.76101	0.741115	0.773301	0.740598	0.767739	0.757128	0.699237	0.777161	0.773874	0.729889	0.789262	0.749583	0.712751	0.741325	0.722889	0.743082	0.73423	0.758238	0.752695	0.697503	0.735377	0.736238	0.71582	0.772883	0.750731	0.749611
skin_24	0.718849	0.718481	0.743672	0.779658	0.776837	0.761348	0.750921	0.711695	0.777183	0.731316	0.701932	0.740556	0.706349	0.757663	0.745841	0.710727	0.703667	0.773469	0.707034	0.763409	0.682499	0.764033	0.740117	0	0.774327	0.68668	0.723006	0.761601	0.668346	0.756573	0.763035	0.704856	0.743343	0.762208	0.756175	0.711826	0.727317	0.769025	0.712054	0.723434	0.747111	0.741096	0.751028	0.694881	0.736116	0.760336	0.741337	0.726571	0.722419	0.740292	0.719933	0.751546	0.673748	0.773237	0.74851	0.73782	0.72464	0.715606	0.750489	0.756546	0.729655	0.684885	0.800404	0.708731	0.71852	0.716969	0.721877	0.719447	0.738063	0.774593	0.774788	0.71734	0.740551	0.711955	0.717742	0.754215	0.752245	0.764681	0.732353	0.760591	0.711289	0.785264	0.748197	0.712113	0.746469	0.71553	0.747196	0.737495	0.738085	0.746594	0.750723	0.748032	0.776724	0.685407	0.731331	0.738544	0.742059	0.666743	0.763843	0.696029
skin_25	0.729202	0.742399	0.742934	0.763579	0.795383	0.735451	0.726232	0.773367	0.784855	0.722487	0.744431	0.768947	0.759828	0.747144	0.736668	0.771876	0.737097	0.790118	0.747226	0.751687	0.732233	0.786485	0.729182	0.774327	0	0.730314	0.763599	0.772504	0.750494	0.732363	0.786596	0.753381	0.788872	0.771597	0.777073	0.779738	0.796632	0.793132	0.789669	0.775081	0.777036	0.776491	0.764574	0.758715	0.762567	0.754078	0.793417	0.768258	0.707019	0.790087	0.759475	0.761607	0.741729	0.711584	0.741614	0.726382	0.767015	0.746102	0.770991	0.722015	0.747424	0.768569	0.756175	0.754676	0.751204	0.751826	0.761814	0.778969	0.767875	0.737355	0.738099	0.75697	0.742901	0.773527	0.79992	0.746822	0.760628	0.761082	0.778689	0.762559	0.740941	0.765647	0.781321	0.773699	0.823114	0.757578	0.734777	0.749317	0.730545	0.805883	0.776127	0.75489	0.781038	0.749396	0.789751	0.779876	0.74087	0.774069	0.797139	0.761548
skin_26	0.743871	0.748059	0.758693	0.751387	0.753302	0.768539	0.733829	0.708896	0.779032	0.767669	0.732844	0.724562	0.732297	0.72616	0.761497	0.73916	0.746678	0.753272	0.753911	0.761273	0.69021	0.739256	0.750875	0.68668	0.730314	0	0.766886	0.72942	0.736892	0.738803	0.716341	0.745023	0.757581	0.711037	0.7522	0.737906	0.782418	0.700706	0.74151	0.722306	0.710213	0.749017	0.773496	0.74123	0.722031	0.725468	0.761769	0.74646	0.736427	0.727101	0.705838	0.755117	0.716905	0.688261	0.746488	0.741118	0.782485	0.728529	0.7544	0.71486	0.787099	0.747369	0.76396	0.725881	0.7387	0.694603	0.755172	0.768665	0.764594	0.724325	0.774966	0.741287	0.760368	0.750688	0.712375	0.718054	0.757998	0.751681	0.748258	0.719289	0.734664	0.760553	0.772842	0.76174	0.753858	0.720112	0.696662	0.750113	0.737153	0.75843	0.769985	0.752135	0.738308	0.725629	0.714941	0.749274	0.737187	0.742939	0.778045	0.697821
skin_27	0.702041	0.673125	0.730997	0.762756	0.772846	0.751097	0.71339	0.724078	0.762064	0.745468	0.679129	0.775157	0.7237	0.744193	0.735431	0.748629	0.768874	0.74643	0.732152	0.743577	0.695349	0.7287	0.766879	0.723006	0.763599	0.766886	0	0.717521	0.765801	0.751167	0.770816	0.727434	0.737721	0.767177	0.792531	0.736395	0.790838	0.727365	0.72086	0.750087	0.767742	0.753826	0.772369	0.676944	0.704525	0.773318	0.796789	0.750241	0.789444	0.663881	0.778698	0.723972	0.744382	0.740181	0.747104	0.760008	0.77634	0.753279	0.763617	0.72943	0.716554	0.752826	0.766765	0.749802	0.759073	0.749752	0.752827	0.772373	0.715931	0.735279	0.775207	0.764816	0.722394	0.707557	0.716387	0.685138	0.755692	0.784069	0.756739	0.742067	0.761132	0.740488	0.692616	0.763932	0.699188	0.695099	0.710144	0.736078	0.736772	0.760123	0.721695	0.740264	0.748308	0.747019	0.741569	0.769963	0.755781	0.740697	0.787683	0.743372
skin_28	0.711197	0.772927	0.757708	0.75673	0.740698	0.760512	0.715656	0.750701	0.796093	0.745564	0.730822	0.732586	0.756104	0.72775	0.747014	0.750355	0.745074	0.707116	0.759212	0.746627	0.72473	0.73711	0.747277	0.761601	0.772504	0.72942	0.717521	0	0.785377	0.73545	0.762939	0.755804	0.750024	0.744072	0.757079	0.738651	0.774225	0.701115	0.755603	0.761455	0.76377	0.749896	0.702738	0.699	0.735094	0.738859	0.781279	0.768963	0.754947	0.715813	0.749342	0.724311	0.755984	0.72358	0.732988	0.754936	0.770512	0.729448	0.728045	0.775509	0.749825	0.767621	0.757832	0.695203	0.704343	0.763365	0.770915	0.777847	0.740411	0.761145	0.773704	0.738047	0.610149	0.731311	0.746207	0.769775	0.765279	0.748707	0.782376	0.729408	0.747546	0.73173	0.759706	0.745725	0.764541	0.690705	0.720382	0.776115	0.721537	0.757209	0.748335	0.767572	0.741336	0.737217	0.726868	0.772372	0.689886	0.724852	0.788632	0.755612
skin_29	0.755356	0.747671	0.731325	0.772715	0.7572	0.719748	0.734044	0.745319	0.759981	0.740352	0.72521	0.741288	0.740993	0.756023	0.733715	0.765705	0.753743	0.768835	0.728301	0.750909	0.736356	0.762992	0.728546	0.668346	0.750494	0.736892	0.765801	0.785377	0	0.748817	0.774784	0.741006	0.744381	0.75125	0.696571	0.712458	0.733857	0.751525	0.743747	0.717399	0.717405	0.740586	0.754386	0.696238	0.742998	0.78641	0.763078	0.749278	0.698246	0.774321	0.73577	0.758139	0.744808	0.718852	0.752757	0.709262	0.748648	0.756891	0.753639	0.776599	0.777654	0.708333	0.778075	0.759152	0.708332	0.750716	0.745827	0.759078	0.743841	0.729184	0.740464	0.748399	0.732954	0.73244	0.744587	0.755047	0.717385	0.774749	0.753083	0.776977	0.728493	0.782309	0.741857	0.747139	0.760674	0.764321	0.745469	0.7278	0.699406	0.814257	0.766127	0.735046	0.750518	0.683148	0.734991	0.737271	0.758857	0.726528	0.729594	0.741974
skin_30	0.74057	0.757849	0.685032	0.746595	0.732795	0.737818	0.682785	0.752327	0.777932	0.720671	0.724399	0.735865	0.776084	0.739533	0.751899	0.765417	0.72037	0.757113	0.723182	0.740053	0.700644	0.717247	0.77581	0.756573	0.732363	0.738803	0.751167	0.73545	0.748817	0	0.767772	0.706072	0.779696	0.766536	0.773476	0.757353	0.71995	0.757202	0.719065	0.748989	0.761839	0.74585	0.734087	0.71706	0.763442	0.740127	0.729086	0.741022	0.754632	0.75064	0.784887	0.721743	0.759474	0.727635	0.75261	0.74925	0.7213	0.730393	0.725168	0.754904	0.768966	0.724839	0.750981	0.738027	0.740319	0.751313	0.765094	0.744203	0.765795	0.740001	0.772084	0.712698	0.725871	0.701597	0.748498	0.755578	0.742114	0.715142	0.766917	0.721696	0.746814	0.729665	0.735608	0.77977	0.733258	0.720664	0.716707	0.724864	0.730266	0.726762	0.803148	0.702888	0.72322	0.735656	0.738243	0.732866	0.73985	0.771206	0.749505	0.724488
skin_31	0.738472	0.769231	0.746782	0.760926	0.777734	0.768679	0.74274	0.765821	0.765969	0.765878	0.760399	0.772564	0.759131	0.72217	0.758969	0.755111	0.770499	0.778143	0.739569	0.704591	0.716204	0.798623	0.758932	0.763035	0.786596	0.716341	0.770816	0.762939	0.774784	0.767772	0	0.734948	0.735736	0.719499	0.794115	0.778738	0.779161	0.770831	0.756659	0.722271	0.707531	0.748307	0.781344	0.76251	0.769555	0.799582	0.77408	0.780067	0.738343	0.774719	0.764339	0.738465	0.770716	0.75742	0.757208	0.763311	0.771711	0.669653	0.73927	0.762144	0.775928	0.757656	0.748298	0.737351	0.746934	0.754361	0.755376	0.777664	0.77371	0.733271	0.81209	0.788441	0.761184	0.757181	0.759485	0.751038	0.766668	0.785599	0.760835	0.723321	0.801973	0.75932	0.796067	0.801489	0.751925	0.765599	0.744799	0.764492	0.765785	0.776801	0.805862	0.772002	0.750182	0.762816	0.76154	0.778623	0.768702	0.754648	0.764942	0.725933
skin_32	0.713888	0.698816	0.762095	0.746149	0.773261	0.748259	0.690757	0.737385	0.778346	0.740236	0.691891	0.735361	0.757799	0.768112	0.73995	0.753815	0.7359	0.763028	0.701937	0.755767	0.721069	0.757133	0.720709	0.704856	0.753381	0.745023	0.727434	0.755804	0.741006	0.706072	0.734948	0	0.728493	0.765177	0.766977	0.721231	0.749959	0.704668	0.712364	0.735956	0.754443	0.726102	0.781129	0.708369	0.762425	0.739472	0.753478	0.724149	0.744032	0.757785	0.736746	0.757074	0.716957	0.766883	0.726115	0.770603	0.688288	0.712947	0.7086	0.700958	0.752512	0.728286	0.736578	0.721938	0.768629	0.748943	0.741242	0.717972	0.748154	0.722272	0.759691	0.773097	0.741777	0.717284	0.764192	0.737527	0.767136	0.744717	0.732208	0.697709	0.752855	0.724477	0.776981	0.743551	0.71718	0.719886	0.777514	0.762558	0.720947	0.759194	0.760662	0.729444	0.728769	0.725832	0.71247	0.729879	0.726486	0.680484	0.717106	0.732962
skin_33	0.723075	0.667113	0.762194	0.7892	0.769827	0.758301	0.767647	0.769877	0.774181	0.76047	0.731329	0.756418	0.753004	0.750172	0.706729	0.736128	0.777134	0.775342	0.731497	0.751616	0.727307	0.776834	0.733654	0.743343	0.788872	0.757581	0.737721	0.750024	0.744381	0.779696	0.735736	0.728493	0	0.770324	0.764413	0.774402	0.767445	0.736278	0.766229	0.697423	0.749006	0.734413	0.774	0.741022	0.754007	0.764994	0.776092	0.766092	0.722271	0.704546	0.769667	0.767806	0.684674	0.768802	0.754984	0.749353	0.754549	0.736421	0.741536	0.742962	0.775343	0.782304	0.747121	0.696287	0.771806	0.77175	0.789261	0.737878	0.797656	0.768873	0.762591	0.747769	0.768957	0.741476	0.74139	0.762421	0.783022	0.789556	0.732074	0.785737	0.777996	0.754229	0.773953	0.767181	0.716729	0.782741	0.765981	0.77003	0.758715	0.760202	0.758966	0.761554	0.732914	0.718328	0.767889	0.759606	0.780963	0.709374	0.78748	0.733592
skin_34	0.769052	0.760064	0.764759	0.743769	0.786643	0.762615	0.761486	0.700899	0.780318	0.784535	0.730611	0.796304	0.745867	0.758952	0.770814	0.741631	0.70211	0.709881	0.766055	0.767	0.738799	0.762241	0.780344	0.762208	0.771597	0.711037	0.767177	0.744072	0.75125	0.766536	0.719499	0.765177	0.770324	0	0.78297	0.730276	0.765799	0.748785	0.766099	0.683763	0.721787	0.777873	0.769029	0.739247	0.741795	0.77454	0.79209	0.760722	0.764737	0.799167	0.758221	0.755428	0.733983	0.752972	0.756975	0.75188	0.783289	0.736991	0.755834	0.767734	0.771996	0.771083	0.741072	0.764179	0.75298	0.723626	0.751456	0.782484	0.764149	0.776184	0.722864	0.738693	0.723092	0.758037	0.756157	0.763343	0.761769	0.774088	0.805603	0.767691	0.801128	0.796688	0.777431	0.761262	0.77223	0.760635	0.754424	0.768265	0.743567	0.778993	0.783794	0.781638	0.766366	0.732482	0.771397	0.727546	0.763303	0.682452	0.770352	0.726544
skin_35	0.784072	0.759158	0.781851	0.736998	0.78704	0.733285	0.762076	0.765272	0.763174	0.725662	0.73321	0.781411	0.78111	0.771435	0.743854	0.777445	0.802016	0.79731	0.773243	0.781824	0.77421	0.777717	0.739848	0.756175	0.777073	0.7522	0.792531	0.757079	0.696571	0.773476	0.794115	0.766977	0.764413	0.78297	0	0.762781	0.778091	0.75545	0.754394	0.741769	0.701228	0.779159	0.718526	0.762494	0.782068	0.783757	0.775647	0.768157	0.744214	0.791617	0.754978	0.789364	0.742736	0.792376	0.75128	0.754088	0.813954	0.766656	0.76407	0.788401	0.780697	0.765284	0.794218	0.730948	0.769489	0.741925	0.72451	0.760806	0.778802	0.76135	0.776496	0.716549	0.743681	0.789656	0.755445	0.773475	0.768996	0.765742	0.741475	0.769658	0.779313	0.757581	0.797836	0.782369	0.748549	0.754115	0.76163	0.744282	0.683274	0.782581	0.749331	0.722342	0.763387	0.759082	0.707482	0.780137	0.749659	0.762352	0.799817	0.778291
skin_36	0.730524	0.720201	0.769807	0.745745	0.746931	0.759165	0.738743	0.737193	0.772368	0.724118	0.735205	0.724701	0.742942	0.741005	0.713723	0.763357	0.739818	0.769931	0.746436	0.742554	0.757851	0.734125	0.722959	0.711826	0.779738	0.737906	0.736395	0.738651	0.712458	0.757353	0.778738	0.721231	0.774402	0.730276	0.762781	0	0.762968	0.702192	0.734024	0.739249	0.74273	0.680336	0.773345	0.721776	0.727537	0.738498	0.710242	0.753065	0.76042	0.742141	0.756994	0.722889	0.724413	0.75927	0.754306	0.736554	0.782539	0.756293	0.754656	0.735561	0.792063	0.710214	0.756509	0.762121	0.752205	0.735427	0.750592	0.79102	0.70836	0.769463	0.752435	0.759761	0.736582	0.72707	0.754228	0.720725	0.754395	0.776293	0.786583	0.736631	0.734161	0.776397	0.747598	0.741155	0.78493	0.741674	0.719076	0.746007	0.687686	0.714216	0.751156	0.732915	0.757333	0.716911	0.713903	0.748355	0.757219	0.674147	0.716656	0.700261
skin_37	0.728014	0.743223	0.710651	0.78396	0.773163	0.72763	0.724143	0.757155	0.778329	0.752904	0.74455	0.751491	0.754353	0.77291	0.766882	0.759832	0.76426	0.741865	0.76543	0.747876	0.757646	0.727104	0.785613	0.727317	0.796632	0.782418	0.790838	0.774225	0.733857	0.71995	0.779161	0.749959	0.767445	0.765799	0.778091	0.762968	0	0.76179	0.762932	0.783459	0.77505	0.742288	0.766882	0.74088	0.76385	0.752138	0.76849	0.747563	0.722578	0.790899	0.773021	0.753055	0.790074	0.784017	0.760985	0.750074	0.787556	0.747183	0.753723	0.784892	0.796768	0.763403	0.769631	0.717664	0.71938	0.777543	0.78939	0.748262	0.789971	0.773396	0.767142	0.749871	0.770796	0.706578	0.797519	0.78156	0.752732	0.765005	0.763181	0.761391	0.767859	0.781245	0.723176	0.784675	0.76502	0.777829	0.742561	0.778848	0.779801	0.786468	0.730589	0.725752	0.7353	0.775979	0.744271	0.76021	0.735867	0.756827	0.802406	0.744508
skin_38	0.749983	0.759422	0.766879	0.768005	0.785405	0.756874	0.719257	0.713304	0.761974	0.768249	0.752163	0.733851	0.748003	0.746444	0.69009	0.738147	0.778828	0.775141	0.758705	0.774147	0.743393	0.76667	0.756544	0.769025	0.793132	0.700706	0.727365	0.701115	0.751525	0.757202	0.770831	0.704668	0.736278	0.748785	0.75545	0.702192	0.76179	0	0.750858	0.754654	0.741932	0.715304	0.795412	0.765618	0.748797	0.745986	0.772103	0.7415	0.804166	0.759528	0.725799	0.7602	0.739681	0.728517	0.774663	0.757939	0.744659	0.743518	0.750796	0.712289	0.786682	0.749965	0.783412	0.772055	0.763355	0.74575	0.762192	0.741612	0.77685	0.719783	0.794135	0.77327	0.732719	0.763826	0.734711	0.70345	0.757191	0.750242	0.746728	0.758392	0.774433	0.760973	0.773104	0.746222	0.751357	0.683379	0.753826	0.763957	0.742006	0.737736	0.758216	0.743778	0.704391	0.746547	0.741777	0.787149	0.739313	0.748906	0.784489	0.776744
skin_39	0.741484	0.715319	0.721804	0.70066	0.782024	0.776249	0.749548	0.73418	0.730781	0.736173	0.719608	0.724563	0.750275	0.734434	0.761428	0.750689	0.749631	0.746585	0.711083	0.746575	0.737436	0.728518	0.766448	0.712054	0.789669	0.74151	0.72086	0.755603	0.743747	0.719065	0.756659	0.712364	0.766229	0.766099	0.754394	0.734024	0.762932	0.750858	0	0.734952	0.750064	0.77668	0.743888	0.695388	0.742196	0.757311	0.765564	0.762523	0.728827	0.705081	0.778444	0.756772	0.74636	0.800958	0.767321	0.755151	0.76558	0.734672	0.724088	0.770917	0.744817	0.731372	0.761	0.734025	0.762821	0.735479	0.772745	0.757099	0.780402	0.746099	0.788576	0.688756	0.740407	0.759705	0.739526	0.77004	0.763191	0.741307	0.764512	0.690581	0.74661	0.75758	0.718596	0.766851	0.698313	0.744168	0.762425	0.746119	0.690836	0.746369	0.778175	0.747674	0.736958	0.769917	0.728676	0.742076	0.75982	0.725879	0.776849	0.719544
skin_40	0.715934	0.655063	0.745528	0.753711	0.700875	0.725561	0.752324	0.727104	0.722198	0.703479	0.733564	0.758326	0.738875	0.66649	0.7157	0.734764	0.727353	0.770661	0.682721	0.730321	0.726152	0.74342	0.731869	0.723434	0.775081	0.722306	0.750087	0.761455	0.717399	0.748989	0.722271	0.735956	0.697423	0.683763	0.741769	0.739249	0.783459	0.754654	0.734952	0	0.676145	0.760492	0.73707	0.742192	0.753424	0.744751	0.757403	0.71174	0.739545	0.720385	0.748122	0.739251	0.675375	0.751425	0.750482	0.769013	0.729919	0.730607	0.726611	0.703748	0.729675	0.732214	0.755474	0.679791	0.717081	0.704395	0.713186	0.760969	0.75713	0.714673	0.727192	0.71687	0.725577	0.710738	0.703635	0.696372	0.751743	0.764076	0.754964	0.719525	0.743699	0.751351	0.721082	0.751286	0.701767	0.699355	0.704659	0.731164	0.695309	0.721469	0.698964	0.737725	0.72065	0.657634	0.754628	0.751396	0.72884	0.716587	0.740081	0.693505
skin_41	0.772195	0.757539	0.773512	0.763995	0.763934	0.767059	0.769042	0.761458	0.78807	0.773203	0.753704	0.747438	0.732242	0.753599	0.726536	0.703679	0.776194	0.781247	0.745343	0.749787	0.785056	0.737947	0.74691	0.747111	0.777036	0.710213	0.767742	0.76377	0.717405	0.761839	0.707531	0.754443	0.749006	0.721787	0.701228	0.74273	0.77505	0.741932	0.750064	0.676145	0	0.774324	0.763166	0.753378	0.780672	0.74301	0.783158	0.780346	0.772047	0.741099	0.777978	0.763439	0.731948	0.780223	0.726302	0.743672	0.758119	0.750064	0.758537	0.755733	0.736175	0.748063	0.775274	0.732349	0.717268	0.688276	0.73199	0.76706	0.777562	0.766883	0.772065	0.745917	0.732999	0.756048	0.756593	0.736883	0.745729	0.774768	0.793832	0.757136	0.773031	0.737534	0.770676	0.778013	0.74588	0.723723	0.776818	0.74431	0.687972	0.749982	0.726092	0.781263	0.756712	0.678266	0.765651	0.716619	0.729436	0.739768	0.735203	0.782425
skin_42	0.723777	0.731991	0.759086	0.765477	0.77409	0.752594	0.70448	0.771355	0.706012	0.76575	0.707041	0.700852	0.726533	0.762912	0.754752	0.746143	0.760857	0.774693	0.741355	0.698884	0.727779	0.750269	0.708886	0.741096	0.776491	0.749017	0.753826	0.749896	0.740586	0.74585	0.748307	0.726102	0.734413	0.777873	0.779159	0.680336	0.742288	0.715304	0.77668	0.760492	0.774324	0	0.771829	0.723179	0.742162	0.738406	0.749257	0.727641	0.689767	0.737214	0.748217	0.749398	0.710489	0.706574	0.745204	0.72811	0.736871	0.742488	0.733786	0.750965	0.776757	0.721393	0.764367	0.754481	0.750434	0.717	0.717196	0.745219	0.736391	0.709299	0.798416	0.757259	0.754824	0.71617	0.735379	0.735293	0.742657	0.752479	0.713335	0.746575	0.71981	0.761913	0.747745	0.745839	0.745303	0.755157	0.764258	0.706814	0.714021	0.728816	0.738719	0.740165	0.724438	0.721548	0.709566	0.770685	0.762041	0.759309	0.74701	0.697289
skin_43	0.727924	0.729988	0.779488	0.722942	0.765588	0.728105	0.766006	0.694189	0.800578	0.728457	0.751975	0.774153	0.768901	0.769348	0.737995	0.728264	0.786623	0.759557	0.742506	0.765064	0.729476	0.763653	0.746214	0.751028	0.764574	0.773496	0.772369	0.702738	0.754386	0.734087	0.781344	0.781129	0.774	0.769029	0.718526	0.773345	0.766882	0.795412	0.743888	0.73707	0.763166	0.771829	0	0.730664	0.774358	0.763046	0.755263	0.791593	0.762858	0.765276	0.784509	0.756807	0.778761	0.769113	0.752481	0.706311	0.791165	0.770738	0.764364	0.786543	0.737735	0.720685	0.795149	0.760397	0.716753	0.735361	0.714975	0.69543	0.803179	0.728179	0.750139	0.722928	0.712431	0.730434	0.75055	0.77423	0.777423	0.753766	0.751411	0.730209	0.753115	0.726611	0.720497	0.752911	0.784749	0.734928	0.682545	0.739604	0.710218	0.780341	0.740508	0.744102	0.780093	0.737949	0.736065	0.728905	0.732858	0.770862	0.752738	0.744373
skin_44	0.682956	0.701292	0.689654	0.768533	0.764558	0.703335	0.707282	0.712676	0.766344	0.706435	0.694889	0.736119	0.719161	0.74763	0.716476	0.717859	0.735468	0.757961	0.688775	0.733681	0.684456	0.729934	0.678877	0.694881	0.758715	0.74123	0.676944	0.699	0.696238	0.71706	0.76251	0.708369	0.741022	0.739247	0.762494	0.721776	0.74088	0.765618	0.695388	0.742192	0.753378	0.723179	0.730664	0	0.72208	0.747442	0.746601	0.693945	0.729498	0.704422	0.739403	0.708334	0.696653	0.736803	0.735867	0.745405	0.720969	0.699191	0.744672	0.711325	0.746556	0.701925	0.747551	0.697474	0.687793	0.731792	0.707987	0.743158	0.755769	0.747218	0.781533	0.727816	0.721306	0.684119	0.773167	0.756947	0.763895	0.74548	0.751598	0.723155	0.722189	0.744248	0.708756	0.729686	0.748584	0.673181	0.744084	0.771111	0.681976	0.790945	0.756787	0.749792	0.746299	0.688051	0.766264	0.755099	0.752907	0.747223	0.750801	0.731685
