SampleID	vaginal_1	vaginal_2	vaginal_3	vaginal_4	vaginal_5	vaginal_6	vaginal_7	vaginal_8	vaginal_9	vaginal_10	vaginal_11	vaginal_12	vaginal_13	vaginal_14	vaginal_15	vaginal_16	vaginal_17	vaginal_18	vaginal_19	vaginal_20	vaginal_21	vaginal_22	vaginal_23	vaginal_24	vaginal_25	vaginal_26	vaginal_27	vaginal_28	vaginal_29	vaginal_30	vaginal_31	vaginal_32	vaginal_33	vaginal_34	vaginal_35	vaginal_36	vaginal_37	vaginal_38	vaginal_39	vaginal_40	vaginal_41	vaginal_42	vaginal_43	vaginal_44	vaginal_45	vaginal_46	vaginal_47	vaginal_48	vaginal_49	vaginal_50	vaginal_51	vaginal_52	vaginal_53	vaginal_54	vaginal_55	vaginal_56	vaginal_57	vaginal_58	vaginal_59	vaginal_60	vaginal_61	vaginal_62	vaginal_63	vaginal_64	vaginal_65	vaginal_66	vaginal_67	vaginal_68	vaginal_69	vaginal_70	vaginal_71	vaginal_72	vaginal_73	vaginal_74	vaginal_75	vaginal_76	vaginal_77	vaginal_78	vaginal_79	vaginal_80	vaginal_81	vaginal_82	vaginal_83	vaginal_84	vaginal_85	vaginal_86	vaginal_87	vaginal_88	vaginal_89	vaginal_90	vaginal_91	vaginal_92	vaginal_93	vaginal_94	vaginal_95	vaginal_96	vaginal_97	vaginal_98	vaginal_99	vaginal_100
vaginal_1	0	0.745519	0.775469	0.832555	0.815472	0.754557	0.803886	0.774992	0.790725	0.7901	0.794491	0.758971	0.81614	0.769566	0.825013	0.790427	0.81363	0.629315	0.791427	0.798388	0.794617	0.832555	0.698366	0.79551	0.775145	0.786033	0.750069	0.705423	0.748943	0.832555	0.809673	0.780061	0.801668	0.76262	0.787357	0.769408	0.782357	0.799468	0.798844	0.832555	0.800669	0.827457	0.794109	0.779983	0.791544	0.715452	0.739089	0.79361	0.800842	0.735785	0.745119	0.782223	0.685178	0.785232	0.795257	0.828875	0.805846	0.817598	0.80223	0.764831	0.783423	0.767912	0.737088	0.776822	0.787287	0.814259	0.782157	0.780312	0.789871	0.702588	0.739659	0.72618	0.820814	0.721812	0.770859	0.782525	0.80749	0.786977	0.754824	0.791253	0.823022	0.791993	0.807491	0.807944	0.738019	0.738044	0.797286	0.820989	0.767595	0.800369	0.742402	0.811964	0.832555	0.818478	0.8114	0.832555	0.803472	0.762517	0.798255	0.787937
vaginal_2	0.745519	0	0.761031	0.819037	0.776006	0.780829	0.79635	0.793887	0.810733	0.771613	0.705115	0.75141	0.809757	0.74756	0.746015	0.752575	0.742422	0.80547	0.755784	0.786393	0.766356	0.753765	0.763748	0.829797	0.805664	0.786931	0.76839	0.775614	0.709443	0.832555	0.764105	0.693132	0.815192	0.771689	0.773274	0.787406	0.791728	0.803634	0.711708	0.819449	0.79211	0.820087	0.763833	0.788973	0.71483	0.762892	0.758421	0.799438	0.757361	0.812115	0.77179	0.77275	0.797563	0.760007	0.808281	0.810141	0.772645	0.78957	0.822526	0.698306	0.771606	0.815823	0.784786	0.801512	0.805202	0.757986	0.781601	0.794717	0.81226	0.72803	0.772152	0.773135	0.715942	0.766511	0.791185	0.768778	0.705985	0.762099	0.741666	0.790908	0.785853	0.794961	0.77232	0.784713	0.782002	0.762644	0.803082	0.832555	0.744979	0.696164	0.813068	0.810517	0.832555	0.754274	0.757716	0.81264	0.793189	0.778116	0.768484	0.749662
vaginal_3	0.775469	0.761031	0	0.832555	0.818979	0.742367	0.77822	0.795482	0.755199	0.779014	0.740925	0.762757	0.775386	0.756729	0.635419	0.768297	0.766287	0.810141	0.770636	0.803391	0.758756	0.811139	0.76965	0.818327	0.796048	0.793852	0.763201	0.786026	0.738003	0.663009	0.793436	0.74713	0.814974	0.793501	0.773766	0.802454	0.706259	0.788438	0.793258	0.816008	0.761365	0.786865	0.746885	0.768256	0.74141	0.749902	0.779299	0.802444	0.756836	0.743831	0.780589	0.760661	0.657949	0.776927	0.822584	0.748249	0.804635	0.809697	0.806858	0.79297	0.766865	0.806266	0.783141	0.770691	0.813356	0.761132	0.742692	0.79226	0.724674	0.768332	0.729823	0.749484	0.751954	0.78047	0.79284	0.749258	0.728232	0.776375	0.772851	0.785524	0.812741	0.743414	0.747986	0.801316	0.726065	0.790701	0.822674	0.832555	0.771931	0.794095	0.808373	0.762868	0.80206	0.737342	0.785568	0.750525	0.817215	0.761032	0.807213	0.747873
vaginal_4	0.832555	0.819037	0.832555	0	0.813786	0.816928	0.824398	0.819242	0.7898	0.812182	0.825885	0.80962	0.791524	0.69161	0.832555	0.816266	0.751377	0.827361	0.748649	0.745835	0.800069	0.832555	0.802534	0.793315	0.803349	0.758568	0.741485	0.778017	0.738568	0.814799	0.832555	0.764409	0.78172	0.782945	0.765684	0.769474	0.817066	0.82141	0.811632	0.801184	0.73942	0.702522	0.797482	0.77783	0.808061	0.814512	0.800194	0.736051	0.824887	0.832555	0.785707	0.802596	0.81884	0.82898	0.792936	0.755701	0.808106	0.774908	0.758257	0.80788	0.73753	0.813596	0.805013	0.773424	0.787907	0.75316	0.797814	0.768917	0.804436	0.695742	0.765871	0.821741	0.827117	0.768774	0.832555	0.761834	0.79497	0.786934	0.798222	0.818779	0.832555	0.812681	0.795026	0.773109	0.789079	0.721667	0.799355	0.807572	0.801683	0.793346	0.832555	0.799902	0.774272	0.713917	0.802271	0.719827	0.832555	0.826495	0.811503	0.774173
vaginal_5	0.815472	0.776006	0.818979	0.813786	0	0.793781	0.832555	0.789934	0.799112	0.819952	0.749988	0.807958	0.819401	0.832555	0.832555	0.803908	0.784126	0.791555	0.794028	0.785245	0.793286	0.832555	0.810723	0.741119	0.815441	0.80565	0.802276	0.794064	0.794896	0.813261	0.832555	0.802918	0.832555	0.803976	0.809057	0.750139	0.816229	0.812512	0.797917	0.795558	0.77116	0.821955	0.755267	0.81914	0.827307	0.824655	0.794551	0.826979	0.805471	0.82753	0.804486	0.802542	0.796466	0.753655	0.8256	0.832555	0.783029	0.832555	0.832555	0.723091	0.81124	0.819728	0.819212	0.812602	0.814113	0.764236	0.770637	0.820957	0.762562	0.821148	0.770958	0.812999	0.803467	0.820911	0.75049	0.798279	0.797255	0.681896	0.753615	0.804658	0.743497	0.782928	0.802261	0.786024	0.788922	0.82161	0.832555	0.799691	0.813497	0.751541	0.832555	0.774073	0.805718	0.826789	0.786468	0.787113	0.772563	0.817513	0.803677	0.799372
vaginal_6	0.754557	0.780829	0.742367	0.816928	0.793781	0	0.81372	0.755051	0.772236	0.768239	0.73638	0.773522	0.774729	0.725909	0.714093	0.759522	0.800803	0.762244	0.780788	0.767685	0.790577	0.805177	0.749057	0.784754	0.794225	0.812565	0.723728	0.739341	0.744998	0.796724	0.783998	0.746101	0.784293	0.755348	0.777854	0.763468	0.783485	0.77321	0.737671	0.804254	0.718928	0.76926	0.792834	0.750213	0.735672	0.763394	0.690731	0.768802	0.764649	0.771197	0.809272	0.756795	0.780311	0.796693	0.756892	0.808825	0.766112	0.777974	0.814901	0.751578	0.744784	0.781468	0.79089	0.764919	0.737672	0.735387	0.767585	0.740432	0.714803	0.779128	0.766959	0.799189	0.811494	0.768745	0.770844	0.738832	0.766599	0.770693	0.734581	0.707337	0.739205	0.772761	0.791387	0.767119	0.7371	0.745853	0.803643	0.775112	0.782866	0.784056	0.805931	0.829235	0.778658	0.78708	0.747353	0.811423	0.756625	0.794489	0.782587	0.807007
vaginal_7	0.803886	0.79635	0.77822	0.824398	0.832555	0.81372	0	0.763054	0.788367	0.761849	0.810036	0.788776	0.7873	0.795652	0.75937	0.768638	0.812604	0.775222	0.762565	0.829062	0.756668	0.797251	0.799121	0.802099	0.799001	0.820806	0.789926	0.746596	0.780131	0.72476	0.788055	0.816611	0.769003	0.832555	0.777685	0.800408	0.823216	0.754979	0.790619	0.800418	0.774169	0.813034	0.808536	0.813405	0.665222	0.780956	0.826122	0.802036	0.794623	0.821876	0.788779	0.823918	0.771106	0.757149	0.79318	0.764658	0.783421	0.818897	0.804351	0.755238	0.79894	0.81174	0.804388	0.791031	0.767807	0.805223	0.741562	0.793474	0.634567	0.787049	0.821401	0.816763	0.743455	0.782079	0.79168	0.812625	0.698331	0.791022	0.787627	0.80737	0.79189	0.748217	0.749398	0.776544	0.744649	0.765448	0.832555	0.815309	0.708959	0.802654	0.804185	0.832555	0.832555	0.745822	0.760498	0.748209	0.791136	0.672632	0.766632	0.811259
vaginal_8	0.774992	0.793887	0.795482	0.819242	0.789934	0.755051	0.763054	0	0.726405	0.690601	0.738461	0.667746	0.767114	0.77301	0.776946	0.751432	0.783151	0.773638	0.749557	0.790377	0.812593	0.769956	0.714839	0.756624	0.757807	0.677592	0.730943	0.76811	0.738975	0.797058	0.809894	0.713142	0.705755	0.670694	0.743756	0.732536	0.79677	0.66793	0.722272	0.80281	0.726834	0.725108	0.699052	0.754606	0.773014	0.69898	0.785763	0.753746	0.757702	0.754886	0.803442	0.737553	0.800155	0.737142	0.764947	0.791767	0.735155	0.768959	0.759187	0.734238	0.764929	0.743934	0.733528	0.695808	0.762431	0.70545	0.807856	0.730925	0.786739	0.733717	0.778722	0.809461	0.807961	0.728818	0.712057	0.747688	0.724162	0.73222	0.777496	0.704186	0.715667	0.790091	0.726729	0.669166	0.730288	0.778421	0.783128	0.776136	0.751047	0.750743	0.776589	0.807127	0.807501	0.737086	0.746256	0.77738	0.741494	0.78136	0.74223	0.813953
vaginal_9	0.790725	0.810733	0.755199	0.7898	0.799112	0.772236	0.788367	0.726405	0	0.747056	0.807426	0.754261	0.685269	0.715344	0.797939	0.77037	0.809389	0.769925	0.778356	0.792606	0.774613	0.793412	0.759064	0.815195	0.748625	0.713887	0.775271	0.735086	0.719648	0.806437	0.819608	0.732029	0.796329	0.7834	0.742416	0.764206	0.811755	0.743067	0.70522	0.735488	0.722308	0.761129	0.744713	0.735646	0.794419	0.685422	0.759165	0.721092	0.792905	0.73236	0.770792	0.757155	0.759147	0.775038	0.795525	0.7095	0.722685	0.803774	0.765796	0.761289	0.771819	0.779976	0.732606	0.756875	0.730266	0.753509	0.726682	0.792023	0.732793	0.772231	0.762924	0.769782	0.799549	0.758146	0.803765	0.762211	0.722161	0.753112	0.74066	0.703171	0.768543	0.714286	0.776519	0.755629	0.742412	0.721446	0.795619	0.765857	0.786273	0.796729	0.786082	0.818017	0.823149	0.764988	0.762062	0.678323	0.807622	0.78785	0.70278	0.787951
vaginal_10	0.7901	0.771613	0.779014	0.812182	0.819952	0.768239	0.761849	0.690601	0.747056	0	0.756893	0.809655	0.706715	0.742264	0.802058	0.784236	0.771628	0.814894	0.776504	0.762538	0.743816	0.832555	0.76143	0.810177	0.771732	0.750527	0.737824	0.808602	0.721572	0.763422	0.832555	0.749238	0.793226	0.776018	0.692853	0.739506	0.825022	0.741275	0.780336	0.806046	0.80024	0.733586	0.736025	0.75082	0.762354	0.739287	0.776508	0.766646	0.774596	0.736395	0.757752	0.734621	0.812372	0.732714	0.759575	0.832555	0.813809	0.805484	0.779198	0.776459	0.744326	0.818653	0.7759	0.708134	0.764574	0.754268	0.734368	0.735953	0.780324	0.765637	0.768746	0.756675	0.795551	0.732674	0.76188	0.68775	0.759494	0.806958	0.731602	0.776091	0.818746	0.729938	0.769541	0.784311	0.66264	0.779461	0.763795	0.826804	0.793614	0.748676	0.766597	0.784224	0.744769	0.7699	0.774607	0.754865	0.746189	0.744653	0.733874	0.742115
vaginal_11	0.794491	0.705115	0.740925	0.825885	0.749988	0.73638	0.810036	0.738461	0.807426	0.756893	0	0.71389	0.819278	0.762749	0.797134	0.713737	0.768015	0.818276	0.771107	0.773974	0.754289	0.832555	0.759771	0.731211	0.813936	0.769474	0.777038	0.767499	0.718032	0.822078	0.818388	0.705	0.824554	0.748729	0.780388	0.747937	0.787229	0.777665	0.71756	0.754634	0.78891	0.817154	0.734752	0.762408	0.750123	0.744691	0.746986	0.758512	0.736258	0.80767	0.755341	0.76142	0.76325	0.773462	0.786571	0.823608	0.749557	0.775137	0.832555	0.662928	0.72367	0.78832	0.79852	0.788663	0.78388	0.658123	0.770059	0.766037	0.77732	0.767936	0.743185	0.773735	0.7477	0.733055	0.698581	0.770638	0.785459	0.764112	0.703378	0.810213	0.703087	0.764456	0.760269	0.754041	0.752976	0.72764	0.751245	0.824663	0.767077	0.783454	0.761083	0.816503	0.768409	0.817516	0.792593	0.808705	0.745273	0.799926	0.751495	0.737616
vaginal_12	0.758971	0.75141	0.762757	0.80962	0.807958	0.773522	0.788776	0.667746	0.754261	0.809655	0.71389	0	0.808544	0.731813	0.788292	0.797138	0.822305	0.82247	0.6905	0.780766	0.815859	0.69146	0.783943	0.79399	0.765403	0.668934	0.745461	0.799574	0.714214	0.797086	0.825207	0.751252	0.684723	0.795118	0.814723	0.782123	0.826371	0.651659	0.727892	0.82627	0.785635	0.810748	0.791331	0.777224	0.755026	0.611501	0.763228	0.814012	0.781686	0.787988	0.797042	0.765329	0.768461	0.764728	0.813624	0.822449	0.779278	0.748134	0.809004	0.748069	0.736048	0.820224	0.744286	0.754184	0.792227	0.71589	0.799362	0.776378	0.80497	0.743405	0.802472	0.808436	0.775538	0.795302	0.798467	0.768859	0.785229	0.804876	0.764355	0.722043	0.789318	0.800387	0.797954	0.739022	0.73748	0.808568	0.804404	0.761757	0.814981	0.822119	0.800416	0.828185	0.822475	0.729074	0.702233	0.812883	0.807198	0.793346	0.765851	0.756767
vaginal_13	0.81614	0.809757	0.775386	0.791524	0.819401	0.774729	0.7873	0.767114	0.685269	0.706715	0.819278	0.808544	0	0.778857	0.810571	0.766431	0.811231	0.799322	0.786367	0.800619	0.794212	0.832555	0.72266	0.791373	0.778479	0.756388	0.728837	0.739183	0.776675	0.793704	0.817195	0.767815	0.818564	0.778837	0.739794	0.736265	0.813746	0.735286	0.796209	0.799239	0.805337	0.757287	0.731407	0.794256	0.716589	0.780055	0.806787	0.775409	0.707325	0.767002	0.762004	0.753951	0.785971	0.696638	0.765536	0.723826	0.745343	0.758434	0.759242	0.802036	0.782292	0.821901	0.779768	0.691785	0.755095	0.772486	0.739296	0.786326	0.707575	0.805509	0.806022	0.773396	0.803496	0.734882	0.79987	0.761762	0.7581	0.761424	0.740771	0.746102	0.808555	0.738336	0.804507	0.747477	0.746316	0.781634	0.807742	0.805085	0.800046	0.803277	0.790823	0.805704	0.788134	0.775642	0.757231	0.708132	0.794797	0.817135	0.771464	0.826549
vaginal_14	0.769566	0.74756	0.756729	0.69161	0.832555	0.725909	0.795652	0.77301	0.715344	0.742264	0.762749	0.731813	0.778857	0	0.745346	0.783755	0.769958	0.754434	0.785141	0.76297	0.744076	0.795931	0.739641	0.816784	0.820114	0.777375	0.779372	0.77572	0.731382	0.781441	0.795666	0.75663	0.778954	0.746029	0.761301	0.800623	0.806273	0.75866	0.800402	0.832555	0.724214	0.751553	0.774991	0.773027	0.753581	0.743311	0.775324	0.770086	0.757202	0.73911	0.744392	0.768653	0.754372	0.801805	0.753588	0.752638	0.77058	0.780789	0.832555	0.769203	0.713457	0.812023	0.794087	0.7488	0.71885	0.760712	0.746603	0.775297	0.807819	0.745296	0.798343	0.76409	0.796547	0.764973	0.796799	0.749735	0.773212	0.797425	0.685029	0.742041	0.805466	0.748396	0.78969	0.818481	0.753317	0.755276	0.761137	0.79499	0.756323	0.799817	0.812553	0.818854	0.763416	0.784772	0.784902	0.773384	0.811028	0.803296	0.778512	0.727796
vaginal_15	0.825013	0.746015	0.635419	0.832555	0.832555	0.714093	0.75937	0.776946	0.797939	0.802058	0.797134	0.788292	0.810571	0.745346	0	0.71608	0.763361	0.822918	0.737614	0.79599	0.767442	0.805968	0.774353	0.832555	0.769922	0.793544	0.778828	0.732371	0.739152	0.691964	0.729021	0.765457	0.818736	0.796667	0.785704	0.778175	0.7875	0.733779	0.786991	0.805033	0.722619	0.780183	0.775969	0.782423	0.722906	0.744485	0.78577	0.830853	0.762118	0.79409	0.752624	0.749407	0.728634	0.786646	0.782687	0.771853	0.832555	0.789606	0.793604	0.810822	0.775851	0.795273	0.814897	0.792585	0.811968	0.725656	0.785174	0.751723	0.706593	0.756289	0.798309	0.801856	0.726997	0.760673	0.829257	0.772601	0.71827	0.78413	0.781513	0.794943	0.832555	0.765646	0.743579	0.744043	0.74903	0.789042	0.717231	0.769973	0.758844	0.780885	0.794295	0.757403	0.832555	0.746186	0.721677	0.764334	0.832555	0.728937	0.788551	0.767684
vaginal_16	0.790427	0.752575	0.768297	0.816266	0.803908	0.759522	0.768638	0.751432	0.77037	0.784236	0.713737	0.797138	0.766431	0.783755	0.71608	0	0.777236	0.787723	0.798908	0.764487	0.783634	0.818168	0.725026	0.794745	0.745105	0.74216	0.745505	0.69758	0.721487	0.821098	0.758411	0.743407	0.786162	0.788498	0.798248	0.755637	0.783333	0.75673	0.766715	0.730211	0.771474	0.782719	0.644068	0.785808	0.747014	0.726484	0.769907	0.782873	0.760871	0.808378	0.761206	0.766078	0.738818	0.721608	0.733356	0.796666	0.773318	0.735319	0.801833	0.769056	0.72842	0.787115	0.780335	0.776524	0.758451	0.64751	0.741079	0.708707	0.753894	0.752428	0.72969	0.735331	0.761933	0.707493	0.699104	0.753644	0.756161	0.764355	0.687821	0.753217	0.811157	0.743905	0.772283	0.674227	0.762759	0.738032	0.766268	0.737951	0.763495	0.783169	0.801118	0.795486	0.769934	0.78629	0.754507	0.778096	0.783846	0.752002	0.704531	0.745701
vaginal_17	0.81363	0.742422	0.766287	0.751377	0.784126	0.800803	0.812604	0.783151	0.809389	0.771628	0.768015	0.822305	0.811231	0.769958	0.763361	0.777236	0	0.795335	0.750695	0.757506	0.74813	0.775303	0.785513	0.823693	0.781727	0.778044	0.766508	0.79961	0.785854	0.832555	0.7438	0.769981	0.817041	0.720611	0.800497	0.786713	0.795114	0.796538	0.766905	0.828397	0.750264	0.785815	0.777768	0.773553	0.761592	0.743452	0.773317	0.789127	0.816235	0.801102	0.764882	0.790434	0.766245	0.767574	0.810297	0.777681	0.794603	0.701685	0.832555	0.782357	0.791612	0.813379	0.787205	0.816183	0.80681	0.772983	0.801827	0.77144	0.799486	0.759958	0.704893	0.769233	0.805391	0.799767	0.786328	0.771885	0.738457	0.709098	0.78024	0.81792	0.810773	0.726917	0.675794	0.763358	0.788191	0.799392	0.780689	0.813086	0.765572	0.765148	0.786254	0.75711	0.797538	0.728457	0.739522	0.805047	0.793203	0.750022	0.769897	0.819237
vaginal_18	0.629315	0.80547	0.810141	0.827361	0.791555	0.762244	0.775222	0.773638	0.769925	0.814894	0.818276	0.82247	0.799322	0.754434	0.822918	0.787723	0.795335	0	0.806531	0.820758	0.796911	0.832555	0.73524	0.821764	0.777615	0.817197	0.797117	0.73823	0.754032	0.810035	0.812744	0.80671	0.80505	0.770133	0.818389	0.793397	0.73963	0.771061	0.789176	0.832555	0.779526	0.793369	0.816901	0.798423	0.786084	0.685998	0.768616	0.747665	0.799632	0.752436	0.774844	0.801012	0.751297	0.814624	0.822653	0.790049	0.77201	0.82238	0.832555	0.777136	0.757253	0.720606	0.675226	0.782681	0.770895	0.815626	0.782983	0.791971	0.819362	0.805132	0.808707	0.73212	0.748838	0.804095	0.779162	0.792142	0.786835	0.77197	0.751672	0.777331	0.772883	0.78362	0.790208	0.826737	0.742558	0.785949	0.812731	0.815555	0.709976	0.769104	0.775741	0.803598	0.825502	0.816737	0.826137	0.832555	0.829836	0.821948	0.750452	0.801986
vaginal_19	0.791427	0.755784	0.770636	0.748649	0.794028	0.780788	0.762565	0.749557	0.778356	0.776504	0.771107	0.6905	0.786367	0.785141	0.737614	0.798908	0.750695	0.806531	0	0.671852	0.797439	0.79755	0.747885	0.748544	0.726317	0.753489	0.673902	0.739619	0.701835	0.710705	0.818772	0.722159	0.773695	0.783197	0.692952	0.79556	0.791654	0.742486	0.758249	0.824535	0.728147	0.811012	0.797842	0.784165	0.710728	0.646687	0.704793	0.763713	0.768177	0.760471	0.729512	0.702018	0.701479	0.760585	0.816571	0.806804	0.744135	0.750026	0.805328	0.765648	0.715104	0.79277	0.754429	0.719933	0.790279	0.732226	0.776737	0.813511	0.704355	0.763846	0.739771	0.793156	0.759438	0.761073	0.799869	0.667727	0.694242	0.731407	0.745052	0.692005	0.808084	0.768527	0.710932	0.754224	0.713241	0.802075	0.750509	0.739623	0.679827	0.774043	0.823337	0.808417	0.771109	0.639302	0.712185	0.763081	0.804049	0.776823	0.742584	0.806386
vaginal_20	0.798388	0.786393	0.803391	0.745835	0.785245	0.767685	0.829062	0.790377	0.792606	0.762538	0.773974	0.780766	0.800619	0.76297	0.79599	0.764487	0.757506	0.820758	0.671852	0	0.759724	0.750024	0.758191	0.644338	0.747691	0.787743	0.704615	0.754707	0.762997	0.790122	0.77653	0.738841	0.77781	0.823798	0.72288	0.797518	0.78334	0.789535	0.79397	0.779888	0.781311	0.761867	0.767947	0.796502	0.777871	0.784178	0.745126	0.753779	0.792654	0.77018	0.765782	0.752791	0.760378	0.791213	0.776041	0.785393	0.782472	0.800094	0.814497	0.714527	0.753449	0.818386	0.789236	0.699718	0.765055	0.708409	0.699933	0.762841	0.786519	0.812929	0.754437	0.782527	0.810529	0.769243	0.77073	0.731797	0.789779	0.756681	0.718874	0.755806	0.82745	0.716893	0.792197	0.761412	0.788686	0.78662	0.701037	0.776533	0.737565	0.785534	0.807407	0.830773	0.782032	0.650207	0.754845	0.772166	0.809664	0.743588	0.765631	0.787003
vaginal_21	0.794617	0.766356	0.758756	0.800069	0.793286	0.790577	0.756668	0.812593	0.774613	0.743816	0.754289	0.815859	0.794212	0.744076	0.767442	0.783634	0.74813	0.796911	0.797439	0.759724	0	0.772499	0.74321	0.819268	0.808499	0.819379	0.732519	0.759971	0.752062	0.826806	0.787029	0.776404	0.818942	0.735418	0.761346	0.807345	0.823983	0.74022	0.758804	0.795648	0.761126	0.772672	0.782763	0.786289	0.754774	0.751443	0.751894	0.793725	0.790236	0.805525	0.710276	0.791844	0.748508	0.69896	0.728807	0.773869	0.753244	0.796184	0.765406	0.780715	0.790788	0.827964	0.805195	0.800557	0.763999	0.770592	0.718153	0.784728	0.748787	0.797369	0.694946	0.7498	0.82792	0.792647	0.81763	0.772423	0.782688	0.719512	0.717938	0.762672	0.795825	0.659379	0.748815	0.792035	0.736279	0.736935	0.675268	0.818084	0.739924	0.745781	0.781484	0.758908	0.691144	0.767486	0.782483	0.787917	0.805238	0.768724	0.755749	0.773003
vaginal_22	0.832555	0.753765	0.811139	0.832555	0.832555	0.805177	0.797251	0.769956	0.793412	0.832555	0.832555	0.69146	0.832555	0.795931	0.805968	0.818168	0.775303	0.832555	0.79755	0.750024	0.772499	0	0.812164	0.832555	0.813277	0.699258	0.790348	0.82636	0.7983	0.77131	0.778272	0.82654	0.734498	0.820174	0.796663	0.8048	0.832555	0.710692	0.764848	0.832555	0.798907	0.816253	0.825976	0.778299	0.76589	0.775748	0.784914	0.801666	0.810258	0.78613	0.814159	0.779492	0.832555	0.798953	0.78698	0.75877	0.795226	0.832555	0.832555	0.795543	0.780555	0.832555	0.745586	0.823636	0.794655	0.816225	0.826494	0.797378	0.807539	0.812365	0.778788	0.794952	0.819799	0.814983	0.824719	0.827565	0.744618	0.776814	0.804677	0.761135	0.792717	0.795165	0.802284	0.772997	0.832555	0.773427	0.818415	0.819136	0.808036	0.798187	0.815539	0.832555	0.832555	0.726787	0.709396	0.802811	0.783915	0.758239	0.794677	0.785975
vaginal_23	0.698366	0.763748	0.76965	0.802534	0.810723	0.749057	0.799121	0.714839	0.759064	0.76143	0.759771	0.783943	0.72266	0.739641	0.774353	0.725026	0.785513	0.73524	0.747885	0.758191	0.74321	0.812164	0	0.784919	0.761637	0.757535	0.744554	0.681329	0.7298	0.806182	0.77808	0.697158	0.805212	0.764645	0.660215	0.770109	0.79835	0.765494	0.783862	0.778769	0.774921	0.69822	0.733105	0.776648	0.730543	0.729802	0.683678	0.802104	0.77611	0.789606	0.763615	0.735276	0.737943	0.783537	0.74959	0.812456	0.812331	0.746671	0.80829	0.809404	0.772751	0.730072	0.705962	0.710176	0.810205	0.698983	0.753055	0.748787	0.74605	0.7643	0.717681	0.722758	0.810852	0.701196	0.722585	0.770091	0.736006	0.715348	0.688964	0.7274	0.801782	0.740731	0.74874	0.741503	0.774666	0.741872	0.74885	0.763776	0.767051	0.744915	0.793798	0.803641	0.799905	0.765788	0.784389	0.795857	0.788441	0.799917	0.708218	0.806853
vaginal_24	0.79551	0.829797	0.818327	0.793315	0.741119	0.784754	0.802099	0.756624	0.815195	0.810177	0.731211	0.79399	0.791373	0.816784	0.832555	0.794745	0.823693	0.821764	0.748544	0.644338	0.819268	0.832555	0.784919	0	0.762092	0.79143	0.73141	0.770416	0.784156	0.832555	0.830357	0.769727	0.809994	0.811929	0.767356	0.751111	0.809352	0.814929	0.798405	0.813501	0.786831	0.832555	0.795235	0.82412	0.775398	0.82646	0.82285	0.734467	0.728345	0.815181	0.822606	0.752867	0.779543	0.790918	0.804669	0.83047	0.683155	0.808162	0.830176	0.692393	0.809763	0.782357	0.823389	0.765517	0.770239	0.747462	0.787714	0.746936	0.786757	0.809212	0.815084	0.809784	0.822289	0.751142	0.787092	0.773601	0.775652	0.771238	0.76855	0.741868	0.796138	0.811035	0.799717	0.76389	0.82012	0.803284	0.765864	0.746427	0.731017	0.813581	0.779017	0.821123	0.786084	0.737261	0.754593	0.832555	0.7539	0.794204	0.796524	0.805663
vaginal_25	0.775145	0.805664	0.796048	0.803349	0.815441	0.794225	0.799001	0.757807	0.748625	0.771732	0.813936	0.765403	0.778479	0.820114	0.769922	0.745105	0.781727	0.777615	0.726317	0.747691	0.808499	0.813277	0.761637	0.762092	0	0.793289	0.757939	0.775307	0.719871	0.792988	0.801459	0.77377	0.766254	0.768292	0.771899	0.804404	0.755258	0.775756	0.773271	0.762429	0.761784	0.770537	0.794429	0.816038	0.745555	0.731867	0.752306	0.763745	0.773974	0.772963	0.788428	0.799365	0.781881	0.792098	0.781091	0.819833	0.784348	0.683507	0.827262	0.764386	0.774618	0.826722	0.698256	0.757651	0.811114	0.732105	0.808512	0.76765	0.7448	0.780844	0.799136	0.818133	0.677326	0.733741	0.78983	0.766293	0.724164	0.736311	0.769089	0.783278	0.823314	0.778393	0.774373	0.792314	0.70168	0.77895	0.779007	0.673767	0.726532	0.75666	0.769323	0.762524	0.802365	0.766994	0.76018	0.786819	0.820155	0.740313	0.684704	0.735188
vaginal_26	0.786033	0.786931	0.793852	0.758568	0.80565	0.812565	0.820806	0.677592	0.713887	0.750527	0.769474	0.668934	0.756388	0.777375	0.793544	0.74216	0.778044	0.817197	0.753489	0.787743	0.819379	0.699258	0.757535	0.79143	0.793289	0	0.763975	0.779461	0.735789	0.806892	0.810419	0.745394	0.702241	0.770377	0.718049	0.785065	0.811943	0.687304	0.735833	0.802806	0.735194	0.793383	0.76695	0.682938	0.761331	0.720073	0.795827	0.777538	0.748548	0.781244	0.707345	0.666963	0.793604	0.808154	0.752204	0.775669	0.761603	0.783983	0.804186	0.743542	0.745075	0.823109	0.713754	0.773457	0.801546	0.723075	0.761451	0.720974	0.77308	0.751459	0.753828	0.783361	0.792417	0.713802	0.818252	0.755747	0.775375	0.794049	0.74826	0.745839	0.819884	0.783743	0.779638	0.723283	0.775522	0.743424	0.74841	0.832555	0.790027	0.767635	0.814841	0.795229	0.824665	0.700709	0.743402	0.735467	0.792539	0.780973	0.754516	0.733254
vaginal_27	0.750069	0.76839	0.763201	0.741485	0.802276	0.723728	0.789926	0.730943	0.775271	0.737824	0.777038	0.745461	0.728837	0.779372	0.778828	0.745505	0.766508	0.797117	0.673902	0.704615	0.732519	0.790348	0.744554	0.73141	0.757939	0.763975	0	0.75424	0.726884	0.806602	0.793348	0.75365	0.768562	0.705344	0.761898	0.70878	0.801769	0.736164	0.780033	0.788645	0.743256	0.805788	0.757957	0.783898	0.769648	0.687907	0.746736	0.776406	0.772173	0.791834	0.782146	0.750264	0.773501	0.670341	0.794275	0.797057	0.777664	0.735426	0.787748	0.793716	0.678019	0.792739	0.754383	0.710795	0.740164	0.701898	0.795663	0.761284	0.737427	0.748106	0.719191	0.751762	0.816249	0.768258	0.795174	0.676582	0.732336	0.745641	0.770373	0.678093	0.783842	0.712011	0.787098	0.748346	0.742274	0.773441	0.761201	0.777432	0.768591	0.780598	0.806769	0.756733	0.785699	0.662558	0.746619	0.812041	0.762706	0.764074	0.761133	0.775794
vaginal_28	0.705423	0.775614	0.786026	0.778017	0.794064	0.739341	0.746596	0.76811	0.735086	0.808602	0.767499	0.799574	0.739183	0.77572	0.732371	0.69758	0.79961	0.73823	0.739619	0.754707	0.759971	0.82636	0.681329	0.770416	0.775307	0.779461	0.75424	0	0.758432	0.800995	0.796947	0.739001	0.792533	0.760483	0.757913	0.765079	0.750817	0.776452	0.732034	0.793439	0.723709	0.76777	0.716213	0.729524	0.733481	0.727383	0.747811	0.76894	0.787589	0.768865	0.784654	0.752795	0.729179	0.78507	0.826696	0.748309	0.770176	0.743706	0.785422	0.774678	0.736839	0.708341	0.80955	0.743099	0.746486	0.651564	0.731646	0.741995	0.718626	0.769437	0.724459	0.731455	0.800907	0.673932	0.789186	0.747131	0.725784	0.678628	0.727578	0.713492	0.818405	0.75714	0.718611	0.698615	0.767435	0.739795	0.79989	0.701319	0.699814	0.767549	0.742663	0.787708	0.802327	0.732101	0.782014	0.756518	0.74152	0.769891	0.702628	0.815852
vaginal_29	0.748943	0.709443	0.738003	0.738568	0.794896	0.744998	0.780131	0.738975	0.719648	0.721572	0.718032	0.714214	0.776675	0.731382	0.739152	0.721487	0.785854	0.754032	0.701835	0.762997	0.752062	0.7983	0.7298	0.784156	0.719871	0.735789	0.726884	0.758432	0	0.784103	0.786166	0.654369	0.800767	0.757873	0.765406	0.794456	0.760678	0.763	0.723175	0.794639	0.710393	0.728196	0.757504	0.697741	0.755636	0.689032	0.718677	0.74927	0.744334	0.773166	0.782921	0.770906	0.791311	0.71216	0.77748	0.765828	0.784462	0.736998	0.778029	0.766808	0.713054	0.754091	0.754237	0.768492	0.808069	0.654519	0.76463	0.739317	0.743552	0.71948	0.760674	0.778344	0.773777	0.766177	0.796768	0.703144	0.753087	0.780406	0.723726	0.735943	0.762282	0.756454	0.795125	0.71259	0.657585	0.69322	0.798725	0.718511	0.77952	0.750625	0.759181	0.798713	0.805877	0.741254	0.757771	0.750504	0.802594	0.783769	0.761139	0.704058
vaginal_30	0.832555	0.832555	0.663009	0.814799	0.813261	0.796724	0.72476	0.797058	0.806437	0.763422	0.822078	0.797086	0.793704	0.781441	0.691964	0.821098	0.832555	0.810035	0.710705	0.790122	0.826806	0.77131	0.806182	0.832555	0.792988	0.806892	0.806602	0.800995	0.784103	0	0.832555	0.816217	0.764074	0.832555	0.740071	0.821132	0.757643	0.773024	0.790135	0.832555	0.748971	0.787892	0.789572	0.802821	0.730786	0.809739	0.805194	0.832555	0.769337	0.723202	0.82322	0.736036	0.748805	0.80774	0.791635	0.804053	0.811476	0.800051	0.823398	0.786573	0.791412	0.82359	0.81383	0.762632	0.79769	0.812619	0.772885	0.824217	0.695104	0.816642	0.832555	0.801208	0.75278	0.792489	0.832555	0.797401	0.767124	0.808928	0.819366	0.796512	0.8255	0.818488	0.787521	0.780465	0.736658	0.786964	0.832555	0.832555	0.696777	0.824912	0.832555	0.832555	0.832555	0.770175	0.787036	0.736713	0.800429	0.765858	0.791746	0.832555
vaginal_31	0.809673	0.764105	0.793436	0.832555	0.832555	0.783998	0.788055	0.809894	0.819608	0.832555	0.818388	0.825207	0.817195	0.795666	0.729021	0.758411	0.7438	0.812744	0.818772	0.77653	0.787029	0.778272	0.77808	0.830357	0.801459	0.810419	0.793348	0.796947	0.786166	0.832555	0	0.801037	0.819198	0.786027	0.76796	0.796209	0.799262	0.748459	0.807967	0.826027	0.790364	0.832555	0.800141	0.798985	0.762205	0.79165	0.769219	0.777643	0.763679	0.828155	0.832555	0.82328	0.732606	0.744362	0.683623	0.788574	0.828936	0.792783	0.832555	0.832555	0.82058	0.832555	0.788255	0.778373	0.761611	0.795965	0.797983	0.832555	0.776449	0.759502	0.757094	0.795682	0.832555	0.741043	0.805356	0.761753	0.760972	0.756113	0.814446	0.794431	0.8252	0.736513	0.733173	0.716747	0.81812	0.767823	0.787735	0.832555	0.78349	0.825962	0.787721	0.747368	0.832555	0.751128	0.726769	0.832555	0.822887	0.73452	0.757431	0.809806
vaginal_32	0.780061	0.693132	0.74713	0.764409	0.802918	0.746101	0.816611	0.713142	0.732029	0.749238	0.705	0.751252	0.767815	0.75663	0.765457	0.743407	0.769981	0.80671	0.722159	0.738841	0.776404	0.82654	0.697158	0.769727	0.77377	0.745394	0.75365	0.739001	0.654369	0.816217	0.801037	0	0.784664	0.743022	0.734072	0.761585	0.822291	0.777246	0.726494	0.788611	0.708833	0.73969	0.701811	0.723805	0.712665	0.767259	0.724981	0.754002	0.742599	0.784362	0.75992	0.756425	0.743044	0.771336	0.786717	0.73717	0.79035	0.739069	0.782132	0.738533	0.755566	0.756058	0.784642	0.783399	0.739104	0.702662	0.762104	0.732011	0.766558	0.720552	0.741207	0.759551	0.75354	0.758768	0.746252	0.711427	0.743132	0.748815	0.719302	0.752061	0.799359	0.749576	0.735108	0.743274	0.732177	0.744217	0.761787	0.754724	0.776908	0.712479	0.76977	0.79966	0.805853	0.754452	0.753126	0.708785	0.807482	0.751691	0.741799	0.756619
vaginal_33	0.801668	0.815192	0.814974	0.78172	0.832555	0.784293	0.769003	0.705755	0.796329	0.793226	0.824554	0.684723	0.818564	0.778954	0.818736	0.786162	0.817041	0.80505	0.773695	0.77781	0.818942	0.734498	0.805212	0.809994	0.766254	0.702241	0.768562	0.792533	0.800767	0.764074	0.819198	0.784664	0	0.804612	0.790499	0.789941	0.77382	0.693704	0.750904	0.802179	0.778916	0.765559	0.761725	0.820671	0.790175	0.735285	0.801801	0.792643	0.812741	0.725938	0.767023	0.798594	0.810593	0.787499	0.807101	0.827746	0.823	0.78392	0.800813	0.761363	0.709078	0.832555	0.763972	0.769153	0.8041	0.764927	0.79284	0.774845	0.814405	0.803463	0.780412	0.8144	0.814925	0.768372	0.807069	0.81344	0.785281	0.775787	0.776827	0.745686	0.802908	0.798188	0.770446	0.731725	0.791778	0.802742	0.832555	0.832555	0.790285	0.747757	0.800931	0.818423	0.808526	0.768118	0.737845	0.825838	0.815047	0.788112	0.767609	0.807161
vaginal_34	0.76262	0.771689	0.793501	0.782945	0.803976	0.755348	0.832555	0.670694	0.7834	0.776018	0.748729	0.795118	0.778837	0.746029	0.796667	0.788498	0.720611	0.770133	0.783197	0.823798	0.735418	0.820174	0.764645	0.811929	0.768292	0.770377	0.705344	0.760483	0.757873	0.832555	0.786027	0.743022	0.804612	0	0.801168	0.732953	0.809264	0.788955	0.729932	0.805285	0.668916	0.759193	0.728571	0.69783	0.763591	0.760526	0.77681	0.79333	0.751244	0.778774	0.761721	0.765867	0.745271	0.679416	0.771957	0.761182	0.755816	0.760424	0.818668	0.751005	0.754899	0.800829	0.779955	0.76959	0.779475	0.738389	0.823222	0.746793	0.793482	0.69995	0.729556	0.735203	0.818295	0.796155	0.781543	0.721214	0.753926	0.740586	0.776665	0.81033	0.700743	0.777178	0.750188	0.785943	0.745116	0.746368	0.804278	0.832555	0.775713	0.732822	0.814758	0.741565	0.777433	0.790932	0.784653	0.726741	0.719186	0.772119	0.757501	0.827108
vaginal_35	0.787357	0.773274	0.773766	0.765684	0.809057	0.777854	0.777685	0.743756	0.742416	0.692853	0.780388	0.814723	0.739794	0.761301	0.785704	0.798248	0.800497	0.818389	0.692952	0.72288	0.761346	0.796663	0.660215	0.767356	0.771899	0.718049	0.761898	0.757913	0.765406	0.740071	0.76796	0.734072	0.790499	0.801168	0	0.81233	0.815316	0.757318	0.76937	0.776978	0.766057	0.771601	0.804917	0.756689	0.731549	0.770983	0.730421	0.744515	0.752329	0.758425	0.791143	0.721077	0.760199	0.797737	0.729243	0.804381	0.810683	0.819038	0.756442	0.791716	0.740019	0.82654	0.770746	0.673728	0.812644	0.779368	0.732986	0.772455	0.704726	0.797099	0.720551	0.745449	0.773597	0.642853	0.768257	0.746993	0.735613	0.795503	0.782497	0.762526	0.829507	0.749456	0.722319	0.804107	0.760064	0.781185	0.780614	0.796303	0.718337	0.758818	0.802266	0.818655	0.819663	0.746988	0.752326	0.783296	0.778419	0.78187	0.701303	0.7821
vaginal_36	0.769408	0.787406	0.802454	0.769474	0.750139	0.763468	0.800408	0.732536	0.764206	0.739506	0.747937	0.782123	0.736265	0.800623	0.778175	0.755637	0.786713	0.793397	0.79556	0.797518	0.807345	0.8048	0.770109	0.751111	0.804404	0.785065	0.70878	0.765079	0.794456	0.821132	0.796209	0.761585	0.789941	0.732953	0.81233	0	0.824312	0.728786	0.74471	0.815674	0.757428	0.726414	0.694648	0.813571	0.76056	0.756084	0.754271	0.791128	0.733495	0.792119	0.787138	0.763543	0.815998	0.755291	0.79599	0.8256	0.780154	0.792635	0.776769	0.742668	0.742971	0.805177	0.739839	0.766495	0.754885	0.763381	0.793047	0.777541	0.782869	0.750719	0.691139	0.712046	0.804328	0.759493	0.738473	0.743757	0.750875	0.752974	0.762482	0.800598	0.728229	0.730778	0.777484	0.701312	0.737681	0.743289	0.788076	0.808642	0.795722	0.768256	0.806978	0.8073	0.785924	0.762232	0.748773	0.784896	0.757453	0.749633	0.715865	0.775974
vaginal_37	0.782357	0.791728	0.706259	0.817066	0.816229	0.783485	0.823216	0.79677	0.811755	0.825022	0.787229	0.826371	0.813746	0.806273	0.7875	0.783333	0.795114	0.73963	0.791654	0.78334	0.823983	0.832555	0.79835	0.809352	0.755258	0.811943	0.801769	0.750817	0.760678	0.757643	0.799262	0.822291	0.77382	0.809264	0.815316	0.824312	0	0.793249	0.776468	0.815328	0.793339	0.749175	0.778316	0.807226	0.791229	0.788643	0.813654	0.764242	0.810848	0.803115	0.775179	0.791111	0.821482	0.817784	0.812074	0.832555	0.806003	0.819938	0.82508	0.72014	0.777139	0.716969	0.827553	0.766436	0.832555	0.798439	0.736261	0.822865	0.816679	0.813771	0.814047	0.775282	0.794728	0.744873	0.821392	0.793079	0.796066	0.803394	0.818734	0.78182	0.814589	0.753933	0.790338	0.823713	0.804992	0.800541	0.826482	0.832555	0.746267	0.803831	0.73149	0.817105	0.832555	0.808717	0.806731	0.820449	0.770401	0.822993	0.785926	0.79473
vaginal_38	0.799468	0.803634	0.788438	0.82141	0.812512	0.77321	0.754979	0.66793	0.743067	0.741275	0.777665	0.651659	0.735286	0.75866	0.733779	0.75673	0.796538	0.771061	0.742486	0.789535	0.74022	0.710692	0.765494	0.814929	0.775756	0.687304	0.736164	0.776452	0.763	0.773024	0.748459	0.777246	0.693704	0.788955	0.757318	0.728786	0.793249	0	0.706803	0.809249	0.741464	0.781698	0.786473	0.782002	0.716365	0.697349	0.781627	0.801779	0.693578	0.728224	0.777504	0.741478	0.802225	0.751938	0.782741	0.768162	0.793374	0.805572	0.74004	0.773341	0.752322	0.829982	0.766102	0.732212	0.745104	0.733306	0.774965	0.769951	0.759463	0.756991	0.77796	0.772177	0.810854	0.752813	0.764345	0.766923	0.76079	0.758107	0.74846	0.750003	0.820125	0.734868	0.755167	0.719824	0.731841	0.765355	0.742566	0.813278	0.725634	0.77503	0.772512	0.757934	0.767487	0.748631	0.701719	0.78642	0.763968	0.763016	0.765998	0.790092
vaginal_39	0.798844	0.711708	0.793258	0.811632	0.797917	0.737671	0.790619	0.722272	0.70522	0.780336	0.71756	0.727892	0.796209	0.800402	0.786991	0.766715	0.766905	0.789176	0.758249	0.79397	0.758804	0.764848	0.783862	0.798405	0.773271	0.735833	0.780033	0.732034	0.723175	0.790135	0.807967	0.726494	0.750904	0.729932	0.76937	0.74471	0.776468	0.706803	0	0.779836	0.728154	0.791247	0.752988	0.755198	0.756879	0.748913	0.765599	0.716381	0.730761	0.769921	0.781019	0.731023	0.802917	0.760372	0.831677	0.748284	0.788963	0.78521	0.803353	0.711497	0.736362	0.82496	0.77984	0.809019	0.786215	0.708502	0.747334	0.772325	0.765296	0.731703	0.754183	0.775956	0.7748	0.768218	0.691049	0.757021	0.756847	0.722774	0.739038	0.74378	0.73165	0.765052	0.736108	0.732009	0.764072	0.615656	0.805593	0.819326	0.755442	0.695338	0.80153	0.828227	0.799841	0.765643	0.738751	0.810121	0.789373	0.787903	0.725908	0.82427
vaginal_40	0.832555	0.819449	0.816008	0.801184	0.795558	0.804254	0.800418	0.80281	0.735488	0.806046	0.754634	0.82627	0.799239	0.832555	0.805033	0.730211	0.828397	0.832555	0.824535	0.779888	0.795648	0.832555	0.778769	0.813501	0.762429	0.802806	0.788645	0.793439	0.794639	0.832555	0.826027	0.788611	0.802179	0.805285	0.776978	0.815674	0.815328	0.809249	0.779836	0	0.79627	0.807723	0.712556	0.820561	0.814425	0.823513	0.800498	0.786125	0.790972	0.799402	0.809147	0.77604	0.797942	0.805772	0.801485	0.832555	0.812097	0.747863	0.817409	0.795177	0.77669	0.816832	0.809042	0.764718	0.832555	0.765987	0.775144	0.779826	0.783431	0.79178	0.798645	0.803636	0.829399	0.766497	0.745565	0.810417	0.796893	0.810715	0.795818	0.753692	0.815335	0.703911	0.806857	0.791018	0.7972	0.758681	0.795595	0.820596	0.802139	0.742766	0.825085	0.818995	0.78454	0.803233	0.804271	0.797919	0.809179	0.776243	0.800383	0.791217
vaginal_41	0.800669	0.79211	0.761365	0.73942	0.77116	0.718928	0.774169	0.726834	0.722308	0.80024	0.78891	0.785635	0.805337	0.724214	0.722619	0.771474	0.750264	0.779526	0.728147	0.781311	0.761126	0.798907	0.774921	0.786831	0.761784	0.735194	0.743256	0.723709	0.710393	0.748971	0.790364	0.708833	0.778916	0.668916	0.766057	0.757428	0.793339	0.741464	0.728154	0.79627	0	0.772788	0.746951	0.682951	0.727057	0.761451	0.741472	0.734634	0.696465	0.813876	0.762391	0.694975	0.741082	0.755038	0.781985	0.714509	0.745254	0.736498	0.819499	0.710953	0.776845	0.758104	0.764036	0.748835	0.748535	0.686949	0.763191	0.690067	0.747417	0.723691	0.723057	0.794883	0.805282	0.786151	0.756407	0.693985	0.712433	0.728974	0.71598	0.750172	0.738136	0.759363	0.725434	0.73657	0.770811	0.662293	0.813651	0.748882	0.729602	0.720442	0.776018	0.797418	0.769823	0.779046	0.776363	0.726269	0.750402	0.717552	0.759702	0.765331
vaginal_42	0.827457	0.820087	0.786865	0.702522	0.821955	0.76926	0.813034	0.725108	0.761129	0.733586	0.817154	0.810748	0.757287	0.751553	0.780183	0.782719	0.785815	0.793369	0.811012	0.761867	0.772672	0.816253	0.69822	0.832555	0.770537	0.793383	0.805788	0.76777	0.728196	0.787892	0.832555	0.73969	0.765559	0.759193	0.771601	0.726414	0.749175	0.781698	0.791247	0.807723	0.772788	0	0.725668	0.775059	0.79495	0.788426	0.74947	0.811766	0.804945	0.803437	0.803201	0.787884	0.780994	0.776601	0.803743	0.8224	0.803555	0.773477	0.8055	0.769798	0.786066	0.775539	0.810728	0.794613	0.80283	0.769974	0.759206	0.713982	0.791187	0.733599	0.75644	0.773108	0.808611	0.823652	0.813037	0.801266	0.807614	0.807143	0.816141	0.789881	0.813404	0.758683	0.765922	0.734644	0.734845	0.813472	0.80719	0.771189	0.773812	0.780852	0.799966	0.786539	0.785404	0.792077	0.791792	0.744312	0.783427	0.82474	0.786767	0.802442
vaginal_43	0.794109	0.763833	0.746885	0.797482	0.755267	0.792834	0.808536	0.699052	0.744713	0.736025	0.734752	0.791331	0.731407	0.774991	0.775969	0.644068	0.777768	0.816901	0.797842	0.767947	0.782763	0.825976	0.733105	0.795235	0.794429	0.76695	0.757957	0.716213	0.757504	0.789572	0.800141	0.701811	0.761725	0.728571	0.804917	0.694648	0.778316	0.786473	0.752988	0.712556	0.746951	0.725668	0	0.712195	0.759737	0.75439	0.749081	0.796379	0.723239	0.793424	0.777634	0.740651	0.765566	0.681109	0.768675	0.786029	0.805851	0.752133	0.778426	0.761241	0.745941	0.813737	0.794006	0.745892	0.804332	0.701675	0.778254	0.745057	0.789841	0.754686	0.679847	0.792404	0.799763	0.715727	0.709198	0.744643	0.756402	0.759883	0.695999	0.745524	0.779076	0.705028	0.731721	0.708042	0.75571	0.715966	0.783118	0.812045	0.800002	0.73946	0.822078	0.773112	0.756326	0.734709	0.731825	0.726059	0.740979	0.777265	0.759263	0.752937
